heur051_n_300_m_20122
60 291
194 277
144 281
241 252
107 242
265 291
33 150
21 224
81 180
163 281
209 277
186 283
74 180
53 73
180 199
5 105
276 277
76 265
199 241
5 73
106 154
105 134
102 180
68 297
118 281
118 275
129 208
3 154
16 300
49 206
16 73
180 252
173 180
16 105
153 285
108 284
79 291
118 218
177 281
97 224
3 158
180 226
237 293
36 206
187 191
114 277
135 289
83 289
97 281
78 229
135 284
99 259
241 278
97 275
188 211
113 289
110 138
244 285
34 138
122 289
238 242
55 195
50 300
58 275
105 122
117 289
33 260
73 117
31 234
39 138
105 117
69 270
188 226
111 138
207 293
221 277
53 286
68 225
224 239
162 224
27 224
121 279
5 224
8 224
42 105
109 280
19 288
155 211
59 213
269 273
13 229
249 267
224 225
105 133
96 184
82 297
122 291
170 180
138 274
102 300
265 287
241 255
270 283
119 298
104 284
233 269
143 281
33 144
95 286
143 275
210 241
252 283
180 237
116 224
53 289
180 250
47 138
54 224
18 234
59 294
204 287
75 279
63 268
42 291
22 138
99 172
225 241
18 146
190 284
19 138
137 270
273 277
13 155
235 237
63 269
222 258
218 219
228 241
129 138
83 270
76 242
52 289
270 299
270 278
17 224
203 238
180 218
185 293
76 154
43 186
204 281
205 277
129 180
105 274
224 262
120 272
9 284
139 234
277 285
265 282
69 105
117 270
154 283
125 260
117 157
105 293
31 154
21 35
121 294
152 283
48 270
88 180
101 270
184 286
127 157
55 198
119 291
3 195
226 297
269 293
125 284
36 258
227 294
126 224
127 138
5 291
108 154
191 283
33 202
147 222
213 293
3 152
50 288
138 229
123 297
50 272
103 280
17 138
83 275
135 275
118 260
201 297
262 277
112 284
154 280
64 270
86 234
34 186
1 291
203 284
137 224
270 274
154 252
39 291
138 213
13 237
18 206
195 224
153 213
154 263
73 180
155 176
118 284
202 298
115 124
117 186
13 298
51 138
180 187
68 154
219 224
224 226
106 242
86 242
44 206
267 277
25 291
260 277
19 180
100 280
20 176
99 183
7 138
225 277
73 124
197 201
269 286
153 194
43 242
189 224
251 297
40 300
53 275
32 280
73 85
220 283
4 270
106 291
68 206
203 224
38 105
7 280
180 221
31 185
15 291
190 269
49 284
16 224
96 220
111 120
14 73
7 73
55 247
259 281
269 279
252 267
7 105
201 282
121 275
199 289
99 237
108 187
178 224
104 275
95 288
210 224
12 207
37 291
251 277
41 286
99 198
211 269
1 297
147 193
116 297
191 281
120 224
18 224
38 180
254 296
100 289
227 281
50 105
50 73
90 291
164 224
118 297
127 297
96 224
90 284
167 269
118 187
180 247
124 270
159 281
180 196
123 138
171 284
33 179
60 297
216 224
151 224
13 73
26 180
104 180
226 291
179 277
82 264
219 244
37 284
279 295
268 281
24 270
281 293
123 280
52 138
89 224
64 295
101 280
95 138
188 287
69 232
183 224
180 240
163 224
118 243
84 138
50 282
86 190
49 185
152 293
147 180
3 213
129 206
106 284
30 270
66 291
11 163
73 120
51 297
201 285
62 280
33 190
146 224
165 193
33 224
70 224
108 203
55 291
180 239
25 206
162 180
66 224
53 270
217 224
29 284
155 241
81 291
37 143
93 99
280 281
3 229
116 284
95 105
267 293
17 275
243 287
41 275
59 107
33 132
159 180
37 224
55 157
180 182
21 294
202 270
9 297
175 287
118 291
153 179
40 285
207 277
89 289
26 73
187 270
3 105
67 138
88 105
223 281
3 73
73 88
189 285
29 242
55 237
168 180
180 265
193 215
278 281
75 186
36 254
80 138
284 289
170 233
47 300
224 296
233 277
189 281
104 280
207 269
45 270
121 289
70 105
129 230
261 270
85 270
40 281
107 221
32 243
73 137
49 138
125 224
159 294
143 286
72 82
32 242
148 180
226 281
204 277
126 180
141 286
136 286
95 272
36 105
22 284
118 220
155 187
203 254
109 224
150 152
135 270
133 154
211 222
81 284
49 281
82 234
180 188
36 265
270 282
33 167
63 300
49 73
73 269
188 224
274 295
118 224
99 193
187 188
37 138
107 115
119 138
78 105
50 293
172 233
175 281
170 282
87 281
50 268
33 216
33 184
133 270
224 273
18 201
38 289
78 280
77 284
252 284
33 197
3 237
193 260
270 297
47 275
158 269
277 293
145 277
41 138
46 270
107 158
105 295
137 289
99 162
213 269
177 277
253 269
35 72
53 298
99 201
11 286
154 214
21 105
154 298
73 131
232 291
211 224
51 115
35 202
181 224
248 277
62 297
282 284
141 270
71 294
95 270
33 182
80 270
143 278
73 271
181 272
41 300
232 255
74 120
32 284
41 73
41 105
52 224
182 224
101 111
116 275
73 104
17 105
180 262
203 285
231 281
11 291
75 289
99 265
192 267
125 148
14 59
180 224
157 224
145 285
23 280
19 93
28 73
107 154
36 201
86 206
165 188
34 229
32 260
12 280
202 277
168 224
30 272
240 277
118 234
264 294
66 298
12 185
26 291
269 272
201 294
73 77
25 105
35 298
199 267
281 297
186 201
10 297
73 267
224 248
105 110
34 105
197 293
71 180
170 224
42 224
237 285
86 152
112 234
200 277
184 293
55 193
154 224
66 293
132 280
244 284
13 138
17 279
125 244
171 180
69 184
151 281
72 284
277 291
112 291
99 218
214 281
80 289
261 277
107 270
111 152
12 269
185 272
266 277
55 175
224 249
30 294
23 289
47 294
30 267
76 153
151 277
138 267
8 289
91 291
89 297
270 300
150 207
104 297
18 73
174 294
41 297
119 284
86 230
47 105
46 138
180 211
47 73
120 154
55 201
187 289
82 169
194 269
176 270
18 220
269 292
225 291
206 246
180 184
14 286
98 105
119 300
6 105
18 208
213 270
33 233
2 275
142 297
82 213
26 300
43 154
157 282
261 281
214 277
213 294
193 268
248 269
26 284
73 102
116 294
75 284
206 242
112 153
104 221
188 281
154 203
9 291
203 287
82 229
150 204
53 180
71 289
212 224
130 270
55 200
194 206
52 105
277 290
16 284
108 297
63 224
277 297
185 291
23 270
99 152
120 176
56 284
155 203
52 298
192 270
22 281
32 291
28 280
99 270
135 300
242 293
193 285
22 186
138 281
139 265
105 113
2 298
277 286
133 283
237 268
165 281
89 105
232 284
180 191
73 294
153 281
25 280
254 282
33 267
125 208
199 277
232 233
24 229
118 280
123 171
255 265
102 286
75 224
95 242
98 297
86 229
69 267
20 180
97 185
179 193
73 140
94 138
111 180
18 237
35 270
295 300
30 275
251 298
53 300
133 289
11 138
95 268
73 90
77 291
1 280
215 281
57 270
163 180
154 291
88 138
102 289
89 138
182 281
206 241
86 213
174 281
40 138
254 287
12 180
141 275
153 224
248 254
21 237
146 180
172 185
33 151
89 280
197 287
132 180
63 293
236 277
114 184
32 187
20 105
33 284
73 107
20 73
193 224
149 277
101 291
3 200
216 287
267 300
187 294
38 138
185 269
99 104
143 293
33 158
180 190
36 154
140 224
51 192
180 254
270 291
46 284
92 105
125 172
277 283
50 224
2 289
19 143
185 277
59 120
33 250
264 268
91 294
113 298
249 287
202 249
186 224
47 273
121 270
191 211
23 180
86 224
15 224
3 267
108 138
203 272
116 138
67 224
18 283
50 111
96 154
237 294
277 278
57 206
99 153
115 164
116 180
201 270
114 193
75 138
96 260
51 73
98 280
70 291
78 154
58 280
179 180
213 276
243 281
61 105
41 287
243 272
158 289
105 126
33 176
295 298
242 272
127 171
58 300
18 268
169 281
5 298
171 293
58 105
111 284
267 286
50 132
128 206
96 213
69 293
136 180
33 226
242 279
126 294
180 251
207 287
2 270
86 226
139 224
32 138
114 288
269 290
152 267
255 263
12 138
269 297
258 263
48 105
257 281
152 172
172 277
112 243
86 252
135 280
140 291
50 115
283 284
43 291
22 73
73 76
99 243
207 281
127 154
6 297
180 194
63 280
219 277
32 171
274 277
251 270
235 281
184 277
130 291
108 184
28 224
44 180
9 138
39 115
103 224
76 115
97 278
238 277
95 275
211 277
266 272
184 193
55 293
14 105
44 224
110 180
185 282
71 297
137 298
35 300
40 284
212 294
127 270
80 105
180 186
74 283
3 190
108 186
120 158
84 284
32 225
19 293
9 73
99 178
55 153
73 135
78 224
224 236
74 278
180 193
137 284
103 281
175 283
8 105
55 220
153 288
167 265
269 282
248 281
176 180
208 277
125 199
217 258
134 138
139 291
182 193
13 105
177 290
267 278
33 210
99 254
51 59
3 252
47 289
36 208
157 278
118 157
18 294
4 105
55 251
111 221
99 215
4 73
213 284
129 213
172 272
89 286
40 224
284 297
86 163
190 224
127 242
83 138
118 242
203 269
72 86
225 281
105 130
281 282
120 297
103 269
185 285
105 120
218 238
27 138
122 138
35 224
1 224
242 283
196 277
243 288
61 270
102 270
242 288
106 115
55 243
202 297
152 277
122 280
76 111
206 267
95 287
180 205
42 138
22 291
34 280
43 105
211 281
148 281
73 141
180 248
20 218
269 288
31 291
55 234
57 260
48 291
21 234
60 73
112 252
74 268
72 270
64 138
65 280
129 224
82 272
37 59
12 197
72 180
2 180
115 140
144 180
100 294
218 249
87 270
271 281
253 281
71 138
212 281
125 232
104 186
193 241
20 278
126 291
76 284
222 255
63 267
199 283
207 224
203 291
43 138
126 300
99 221
281 292
234 277
129 298
19 280
41 201
79 115
36 115
45 297
4 298
173 244
270 272
139 281
139 275
36 252
115 221
180 267
97 284
166 224
143 283
281 285
121 286
36 73
149 269
116 291
244 277
3 162
108 289
101 286
18 265
220 293
166 180
33 230
167 219
29 291
60 280
46 283
76 268
69 291
117 206
82 282
39 224
22 269
254 270
180 291
63 105
105 269
99 115
125 222
20 183
269 289
56 224
180 235
32 202
74 138
68 138
203 297
157 276
148 277
74 284
242 300
129 291
2 73
118 293
92 289
17 298
2 105
218 237
30 138
28 300
156 219
229 269
61 280
55 143
41 280
35 105
100 180
122 300
180 233
24 105
69 185
160 277
133 291
33 183
168 277
161 224
224 251
105 123
213 292
122 284
33 211
269 278
150 254
199 297
99 155
142 280
39 297
57 242
102 298
50 286
75 278
180 207
180 220
124 138
69 206
125 192
87 280
93 95
174 277
18 269
182 277
125 138
234 285
75 280
61 269
82 138
79 295
153 287
82 243
204 255
208 281
277 298
127 289
224 227
82 242
62 270
64 284
105 292
143 280
226 269
151 193
255 277
104 105
8 297
54 286
229 241
202 206
185 278
44 260
86 297
95 224
150 201
86 157
237 277
178 281
270 293
241 254
143 300
3 186
99 144
56 291
223 283
252 293
224 270
147 277
33 162
38 270
50 180
175 180
224 292
122 224
229 281
71 291
8 286
174 287
28 275
185 294
147 224
281 300
47 286
284 285
55 253
33 138
25 284
204 267
60 284
238 287
35 293
10 105
152 224
172 180
48 138
43 206
105 128
98 224
265 284
93 169
86 154
3 184
235 277
104 114
180 206
215 272
180 181
269 274
32 186
231 254
84 295
14 180
90 270
3 265
95 213
154 285
62 105
1 284
44 105
201 272
188 277
240 287
50 270
135 298
159 268
91 138
141 284
73 268
277 279
112 265
59 138
240 270
50 287
180 213
20 241
155 281
249 281
180 244
238 241
22 270
113 297
33 208
55 281
5 284
231 272
224 230
158 277
66 275
105 112
134 284
180 189
232 277
84 280
153 267
118 265
122 298
55 179
135 224
73 78
229 270
98 213
255 281
215 277
242 282
213 290
77 298
246 269
137 280
6 73
30 291
51 295
180 197
158 281
125 270
105 136
183 281
73 121
99 217
33 221
32 262
224 233
193 278
129 260
101 138
170 229
33 200
180 185
212 254
67 73
108 229
86 212
170 300
112 138
153 160
127 260
117 284
162 285
157 275
135 286
9 224
36 203
153 186
127 186
149 180
37 180
269 280
61 224
31 281
38 268
167 180
180 263
197 285
164 281
71 280
281 283
174 268
11 284
157 287
101 300
125 154
95 296
73 101
101 105
36 184
53 284
99 224
174 224
35 206
243 293
105 294
159 288
131 291
7 284
40 73
63 270
85 291
160 180
28 105
224 229
105 129
73 129
51 176
33 180
66 270
32 267
83 180
120 211
124 291
21 291
270 289
24 289
3 185
269 291
180 202
200 269
252 287
105 142
25 73
213 279
291 295
43 171
99 195
213 224
270 288
142 291
12 105
99 169
153 238
66 294
133 229
175 224
49 278
234 294
69 234
270 286
108 291
265 278
109 269
84 270
169 269
32 255
184 297
55 154
72 120
158 238
120 187
208 269
184 284
40 280
47 280
154 249
28 270
43 224
62 275
65 224
129 280
3 219
32 154
59 275
77 286
122 270
52 291
270 292
184 299
145 180
86 186
29 105
35 289
275 281
17 280
232 288
103 284
5 276
136 298
101 294
112 208
33 240
42 270
16 180
46 176
29 280
193 258
230 287
143 298
213 298
196 269
63 185
213 296
157 288
219 267
14 289
180 227
139 220
229 277
125 262
220 270
33 104
11 275
30 73
138 300
30 105
107 171
111 158
23 298
114 157
58 284
108 213
226 277
247 283
85 138
208 244
19 291
83 114
53 280
65 270
94 284
43 270
6 180
232 275
19 224
182 269
130 138
213 295
206 277
41 289
233 281
108 206
114 237
55 171
120 138
3 188
73 113
80 286
48 73
141 224
69 157
224 252
84 224
117 241
108 199
213 283
37 55
36 284
111 164
22 105
166 281
143 291
79 138
121 224
36 138
89 281
186 270
89 275
24 186
241 261
48 280
84 180
32 258
271 277
99 154
110 291
34 291
140 270
46 224
129 252
56 180
138 234
66 284
8 291
40 268
90 105
211 263
35 269
76 280
119 270
241 260
203 279
108 176
33 164
104 108
67 186
157 299
3 234
169 180
269 271
96 201
71 105
118 252
277 289
238 281
99 188
180 212
187 193
31 224
101 224
193 291
112 190
3 176
214 224
88 286
218 277
207 211
80 284
63 281
86 294
33 73
40 299
63 275
84 105
157 284
41 291
165 180
68 115
269 283
132 138
66 111
73 83
79 224
105 135
129 184
86 148
148 269
86 105
69 73
73 106
78 186
73 86
105 106
8 73
185 268
95 176
86 289
84 300
272 284
19 289
73 92
57 138
75 270
256 269
51 224
189 269
62 138
143 297
281 296
105 143
232 283
90 294
206 281
263 285
131 180
73 279
73 114
72 275
14 291
153 219
117 260
254 299
70 297
120 143
79 270
180 249
155 180
51 105
157 283
277 292
16 280
117 154
3 284
15 105
38 288
114 300
114 115
37 73
5 270
116 300
188 283
243 283
59 224
35 291
2 138
12 275
252 268
25 184
108 152
265 267
43 73
33 259
217 289
23 284
179 207
33 218
63 291
78 286
54 154
22 224
193 275
25 138
225 238
126 280
219 269
78 270
180 183
247 285
112 298
13 270
67 284
170 267
15 138
108 260
229 289
267 268
184 275
127 224
237 287
27 180
8 298
272 277
167 203
35 288
180 214
82 258
187 272
82 146
33 154
150 277
76 105
55 93
3 220
95 282
69 260
193 208
56 138
184 268
286 295
160 224
20 184
209 224
142 289
105 125
63 294
99 157
98 270
55 252
22 280
257 277
30 269
54 298
169 241
31 105
82 187
5 289
163 270
129 220
82 190
71 298
254 277
105 119
180 260
73 119
47 284
72 108
82 216
115 286
50 285
33 166
270 271
113 280
36 72
72 117
125 242
213 228
169 224
105 108
20 270
220 224
97 300
16 297
125 243
73 80
73 127
33 198
73 118
105 118
180 261
85 180
212 277
232 293
83 284
213 239
97 298
167 224
40 298
107 244
251 281
287 295
232 268
3 242
38 300
18 266
133 260
254 297
127 176
3 157
25 224
99 240
55 105
75 269
250 269
110 286
34 286
35 73
42 284
214 283
163 269
14 300
180 231
86 291
177 258
45 105
91 297
89 291
237 267
269 300
197 224
115 284
32 105
32 73
281 290
184 204
41 284
144 153
6 224
17 284
80 224
223 293
69 213
216 283
219 281
107 148
156 281
67 270
224 245
29 138
55 72
175 294
86 184
224 271
95 297
190 283
99 263
32 229
201 300
269 299
100 298
180 259
108 226
12 229
59 180
65 284
65 73
73 278
278 284
99 252
180 297
180 241
78 269
224 254
29 206
94 289
145 241
102 138
176 188
62 286
110 284
135 291
34 284
109 284
224 297
82 199
55 207
146 283
153 249
82 237
55 162
153 155
136 291
224 290
205 207
118 176
45 260
227 277
224 259
94 294
33 171
47 290
242 277
72 300
96 138
153 184
179 283
213 289
177 283
35 129
292 295
243 277
213 218
42 73
222 224
70 73
136 289
235 269
180 228
127 202
55 269
213 238
1 294
180 225
180 232
150 269
71 270
153 244
73 128
153 183
22 154
180 256
58 291
234 293
265 268
98 291
33 209
187 277
257 269
225 297
121 260
44 291
138 139
202 241
43 289
199 291
281 299
62 289
59 154
4 138
184 298
60 294
201 275
201 281
243 285
13 280
121 138
117 224
233 270
36 224
131 224
202 281
63 73
281 287
176 219
127 291
224 261
213 267
85 224
164 180
213 286
61 284
270 280
17 270
201 287
19 105
38 115
91 280
232 287
57 284
147 244
141 180
214 294
86 176
55 218
102 224
75 286
263 287
167 241
115 280
33 257
138 141
82 284
187 224
73 82
95 184
93 270
95 278
105 121
24 73
112 280
127 272
138 269
115 138
18 284
73 295
3 263
198 281
99 207
58 294
87 284
37 270
185 241
64 298
21 73
94 275
84 275
63 286
86 260
92 291
99 236
106 260
51 294
165 277
201 273
184 279
92 286
35 271
62 298
11 213
92 224
265 288
20 290
100 284
281 288
12 291
96 186
117 229
154 297
102 284
109 138
234 283
263 267
213 275
20 291
100 300
73 75
95 293
143 294
216 254
33 227
24 291
180 269
230 294
99 200
99 204
180 238
60 186
277 288
105 124
32 184
106 206
113 224
35 287
163 291
154 180
222 281
209 281
88 280
38 298
28 291
145 224
55 152
239 269
162 269
1 138
85 105
60 275
108 234
225 269
180 219
77 105
102 291
97 280
55 270
245 277
59 284
103 270
201 267
62 224
241 258
73 110
34 73
10 73
12 73
73 281
86 175
13 284
92 284
72 114
73 275
33 229
244 287
111 199
100 286
187 213
142 224
33 168
281 298
33 266
167 170
3 224
99 213
78 291
92 300
179 293
62 279
224 232
19 275
203 299
124 260
82 221
69 190
254 276
33 163
33 155
35 295
122 297
192 281
90 138
76 260
61 138
91 300
73 296
32 192
256 277
121 291
115 297
27 73
22 298
206 213
27 105
83 294
180 229
242 254
108 158
28 297
73 112
104 107
76 237
141 294
122 180
11 224
117 237
203 300
110 224
34 224
42 297
103 105
55 236
118 154
110 281
224 281
57 291
180 217
44 138
224 275
55 212
30 295
91 105
97 260
226 270
187 281
277 280
39 270
263 269
69 138
87 138
125 229
132 291
18 138
86 221
144 277
166 269
133 224
277 300
55 183
99 147
180 264
221 254
130 180
15 270
224 257
129 237
225 289
6 291
55 190
224 274
81 289
33 212
103 138
277 287
214 293
82 175
191 255
233 241
210 281
102 280
73 95
73 81
96 289
81 105
138 143
19 272
180 236
203 294
45 138
178 277
106 288
184 289
213 268
136 138
154 213
32 190
120 291
224 237
246 254
128 291
54 180
143 180
186 254
162 277
239 277
23 291
118 300
73 89
72 127
180 200
73 97
193 198
97 105
40 105
87 180
259 269
125 155
275 295
220 294
54 297
67 281
185 283
238 258
115 128
118 184
135 180
87 224
206 207
190 281
36 220
20 138
19 294
3 283
281 291
57 224
126 275
92 280
73 132
10 291
36 104
221 293
66 300
63 138
105 137
241 267
108 224
180 208
45 224
25 295
92 138
203 228
186 207
66 280
150 193
173 238
184 292
49 269
216 285
109 286
56 105
35 111
56 73
105 107
1 270
133 138
180 223
162 283
201 286
234 284
148 224
74 294
123 291
141 289
99 132
185 206
59 185
49 105
137 138
157 291
99 229
264 277
95 292
157 300
123 284
250 277
33 256
121 280
107 229
226 244
76 288
23 224
34 154
99 291
99 190
213 272
263 283
29 73
73 93
237 283
93 105
130 224
17 294
153 180
129 289
86 265
41 294
203 293
105 114
205 241
35 132
114 289
158 224
32 199
114 213
159 224
64 105
118 288
32 226
26 138
82 289
69 284
224 240
46 298
40 279
108 294
125 214
47 279
202 224
189 277
99 220
223 294
248 294
50 283
36 242
114 229
268 269
55 254
205 224
36 243
104 184
180 222
73 99
191 224
203 283
97 291
258 281
13 254
74 185
223 277
66 180
54 138
165 282
33 270
224 258
180 266
23 73
23 105
117 295
259 277
127 290
204 224
50 289
195 277
171 277
152 258
181 277
92 180
101 289
43 229
35 286
230 254
10 138
18 270
203 282
55 288
203 289
41 285
73 273
82 171
115 186
192 272
38 224
180 216
125 261
162 281
82 252
239 281
176 281
73 290
238 267
6 284
211 294
184 282
204 258
59 297
196 281
154 219
74 224
68 224
82 226
124 224
196 224
107 192
74 275
132 284
32 164
63 284
31 73
224 263
223 224
224 231
137 297
35 276
95 260
74 186
176 277
103 291
100 275
20 295
99 208
104 224
129 201
36 93
117 218
40 277
14 298
7 297
55 156
52 284
105 111
41 224
96 105
86 220
178 180
96 297
156 241
159 277
262 281
107 226
194 241
180 198
73 94
60 288
203 267
119 280
68 171
127 213
83 105
201 224
123 213
18 289
16 286
221 281
203 270
28 180
26 297
139 294
19 285
3 243
88 243
184 272
202 283
158 170
237 284
82 281
55 148
234 267
55 73
192 277
204 283
213 287
59 66
105 139
75 206
55 159
143 287
187 244
180 257
73 139
32 214
13 291
246 281
139 213
281 286
74 300
82 186
115 171
71 275
224 291
95 234
45 73
124 206
150 180
112 220
36 260
247 255
200 224
216 277
95 220
113 291
277 296
107 225
38 283
53 105
199 270
76 224
106 138
73 109
78 278
44 115
55 265
179 241
84 286
164 277
73 74
75 154
37 105
154 160
68 73
184 224
64 180
79 105
3 175
222 230
93 199
11 267
28 284
25 234
185 300
49 224
131 284
7 291
153 230
260 281
48 224
98 138
244 254
65 105
269 294
33 205
20 284
12 300
93 180
99 266
166 277
164 269
60 105
241 294
222 277
53 138
230 244
82 288
50 291
33 147
10 284
49 242
129 265
73 122
281 284
180 204
100 291
12 284
136 280
33 258
207 268
49 270
40 289
21 138
140 297
33 175
193 249
60 269
26 224
157 180
215 282
108 221
82 132
117 232
32 169
133 186
134 224
73 133
95 157
129 270
32 208
180 192
36 266
82 291
33 247
88 284
192 224
190 287
212 269
221 269
77 224
194 220
19 287
174 283
127 295
245 294
54 291
10 180
187 232
117 235
76 138
19 300
177 244
33 186
99 289
12 224
73 108
94 270
35 138
116 270
33 165
29 281
185 275
105 127
7 224
66 138
46 280
117 176
230 277
108 220
55 264
156 269
206 231
141 291
156 224
87 289
121 300
184 288
97 270
210 277
40 270
73 87
101 298
149 281
185 287
115 180
127 229
186 269
41 270
114 169
95 273
82 220
100 224
176 224
53 224
108 192
54 289
269 276
60 224
54 284
231 277
168 269
164 193
269 275
33 194
86 187
203 239
119 286
82 105
121 284
105 270
33 215
144 269
118 282
224 235
267 283
5 297
4 280
33 187
101 284
188 267
33 291
73 123
68 270
74 270
61 73
269 287
153 294
133 176
107 260
73 134
73 126
167 249
247 277
78 284
28 138
119 289
67 298
82 214
107 169
99 179
175 293
153 269
224 260
180 230
8 280
120 295
114 294
72 76
138 140
18 229
295 299
193 203
109 291
188 278
18 300
158 294
73 100
100 297
189 283
100 105
55 184
193 293
227 269
262 269
18 243
19 298
107 262
128 138
82 260
108 237
38 293
21 284
241 273
172 263
228 277
205 270
114 270
276 281
26 275
14 224
15 206
214 267
115 120
85 284
50 138
18 254
217 277
180 243
273 281
29 260
172 224
157 277
3 232
180 242
242 268
32 148
86 284
184 300
45 291
59 300
58 224
86 138
80 280
35 115
113 284
89 284
4 224
160 218
158 180
160 233
224 253
120 186
255 270
16 291
167 172
91 275
24 260
30 111
183 277
13 213
40 288
76 243
70 180
62 73
157 285
224 264
228 287
24 154
14 280
94 298
237 291
128 224
125 219
117 291
264 293
68 260
213 271
70 138
156 270
179 224
9 105
104 300
20 297
18 291
133 272
157 273
224 241
5 138
179 268
246 277
243 294
117 252
270 273
35 283
18 111
108 283
94 224
270 294
75 157
153 258
95 300
55 158
249 277
155 277
72 105
30 284
19 73
224 266
72 73
279 281
233 237
134 291
47 291
224 246
154 278
114 285
73 103
30 300
99 138
269 296
142 298
77 270
270 285
47 224
199 294
73 91
107 138
200 281
66 289
91 284
175 277
63 283
166 287
99 184
272 281
71 286
114 287
73 130
218 224
19 59
127 283
3 138
221 224
67 105
134 270
64 297
46 105
127 206
154 269
46 73
193 231
118 206
76 291
123 270
149 224
193 277
170 193
78 138
33 238
109 270
224 234
4 242
281 294
11 186
62 284
44 284
101 275
171 269
105 141
118 213
202 252
86 237
86 199
36 229
36 176
138 142
4 180
96 229
31 284
224 243
150 281
26 105
85 280
136 300
75 105
94 300
277 299
176 289
186 291
224 242
47 270
138 295
91 224
32 166
36 213
233 249
269 270
33 195
146 281
24 115
71 284
55 174
201 283
49 267
104 294
35 284
5 206
102 275
51 291
150 153
128 199
156 180
188 285
183 269
64 291
135 138
41 254
73 142
38 73
136 284
23 138
86 203
43 157
232 294
114 291
7 180
225 270
204 278
191 277
19 268
33 189
173 224
180 246
128 270
104 154
270 281
146 269
270 275
76 262
180 195
110 270
34 270
193 272
89 294
69 224
107 146
18 275
81 297
33 253
203 288
55 138
15 260
55 215
213 233
137 291
201 255
33 236
11 105
11 73
86 283
58 270
86 164
120 192
223 267
52 280
50 72
153 272
264 287
269 285
216 269
88 270
274 281
265 285
173 281
154 281
180 209
168 281
74 291
213 297
224 250
3 171
33 245
55 188
129 284
93 284
68 291
40 291
142 270
152 289
224 265
250 281
270 298
156 277
69 169
138 180
76 212
186 289
172 281
99 234
65 180
268 277
35 285
32 185
95 295
107 232
239 241
277 294
222 241
281 289
8 284
177 278
115 152
8 138
11 171
173 269
147 241
32 270
82 293
231 300
178 269
39 105
117 138
39 73
181 281
67 280
151 180
171 281
82 154
213 215
69 229
33 146
195 281
105 116
141 298
1 105
171 224
154 270
64 280
73 116
1 73
88 224
115 281
160 267
115 275
102 294
2 280
77 138
270 277
36 291
47 299
174 180
42 154
55 83
253 277
80 298
258 277
94 291
36 234
98 171
125 169
112 157
47 298
220 284
106 297
126 138
96 291
269 298
186 280
126 284
34 278
82 206
265 270
114 299
224 298
157 293
187 297
94 280
12 278
85 297
82 212
270 279
82 270
18 260
81 138
118 138
70 284
33 219
74 269
33 242
67 291
72 286
105 132
55 115
225 298
108 265
60 138
119 180
55 214
228 269
114 254
32 289
113 138
76 293
7 270
242 299
36 230
107 199
48 284
208 241
31 180
97 138
36 297
82 265
12 270
57 73
71 73
125 187
57 105
265 294
243 284
73 96
50 298
187 283
44 73
6 138
73 84
186 277
179 281
112 224
94 105
265 283
81 298
3 291
86 208
86 201
97 293
74 280
275 277
228 281
66 158
14 138
180 203
18 105
82 148
33 148
215 224
33 185
14 284
101 297
78 289
165 272
200 241
184 222
120 175
95 291
129 203
89 298
220 268
270 276
113 180
26 270
18 280
224 256
187 291
277 282
139 284
69 280
256 281
180 234
76 297
224 244
132 297
176 244
153 277
18 185
71 224
158 206
241 285
142 284
180 215
66 105
73 136
133 290
247 293
66 73
119 275
157 272
128 242
102 105
254 271
64 73
116 280
134 180
105 109
59 291
20 283
25 272
15 73
115 213
32 298
74 105
68 105
143 185
126 297
18 278
134 297
73 79
80 291
2 284
52 73
213 282
122 294
88 275
99 105
3 281
82 157
260 269
105 131
123 224
57 288
268 270
28 294
114 138
13 267
49 291
19 286
84 289
152 268
152 180
173 277
24 138
162 287
130 284
157 187
65 294
92 298
17 289
153 283
31 138
17 73
218 281
73 280
33 172
112 270
76 232
270 296
63 298
217 281
109 278
27 270
3 285
240 283
215 244
265 293
99 219
131 138
180 245
106 224
141 154
206 224
143 284
153 216
224 255
105 140
191 258
73 125
229 244
75 291
25 297
87 291
138 184
153 197
160 272
107 202
60 300
100 138
35 296
123 289
165 224
167 281
64 289
95 206
86 192
33 196
180 210
63 278
82 224
90 180
190 277
266 281
114 224
33 280
40 287
19 284
180 255
180 258
216 220
180 253
56 297
11 270
17 286
198 277
3 206
138 290
167 277
97 206
241 274
61 291
161 180
29 224
129 234
111 270
35 268
134 280
146 277
119 294
143 268
220 277
169 277
141 300
177 180
241 269
87 105
32 221
205 281
83 280
3 270
89 270
26 298
216 293
163 277
194 224
185 249
24 224
33 169
216 268
75 229
46 291
16 138
11 154
3 260
54 105
54 73
98 284
155 185
73 98
128 260
