heur049_n_300_m_17695
9 221
206 291
82 261
5 147
33 150
67 68
119 255
87 213
106 223
106 263
1 48
185 266
92 217
2 114
8 223
238 240
30 95
98 164
106 154
29 152
193 263
139 249
11 14
174 201
91 239
222 285
70 238
99 227
114 145
224 299
135 142
249 273
119 204
51 61
100 151
89 179
84 248
9 290
189 193
112 276
84 103
160 262
238 291
9 76
78 229
83 248
278 287
84 140
161 275
189 236
27 242
184 283
195 221
177 186
40 135
28 151
186 247
43 75
128 233
198 294
143 176
182 238
27 243
103 147
16 249
257 295
120 212
6 74
19 99
119 192
30 62
139 159
130 292
176 189
70 82
138 240
93 103
122 295
161 236
249 254
22 112
8 224
91 186
48 101
171 264
160 200
269 273
155 267
188 252
224 225
186 213
7 61
172 269
242 295
270 283
48 152
193 245
150 214
191 231
233 269
129 162
73 171
161 292
121 288
149 160
3 9
167 225
30 56
231 244
214 257
140 147
152 183
73 148
41 60
97 119
80 98
252 278
138 174
214 265
122 267
79 187
43 129
65 129
27 179
13 101
22 27
74 169
126 128
26 204
104 174
211 290
117 157
87 194
15 59
146 299
41 298
174 193
75 141
150 199
64 82
162 217
102 205
73 182
22 204
174 236
276 286
220 238
12 214
171 195
16 95
105 298
98 178
33 111
148 260
74 207
116 141
71 256
108 209
12 282
24 201
108 160
110 140
7 186
138 145
151 199
10 156
174 239
263 296
162 174
170 189
74 131
153 280
61 141
47 80
83 110
12 20
1 291
118 128
180 285
211 250
61 222
176 238
87 267
170 263
214 276
75 214
140 194
133 233
22 89
176 249
58 142
137 158
70 80
13 84
22 194
123 152
62 299
89 143
219 224
74 279
170 195
18 174
22 23
205 225
170 206
60 65
99 168
31 70
122 194
89 186
135 276
264 271
73 124
37 108
33 61
12 212
102 206
8 255
4 161
109 211
9 175
49 214
89 130
73 261
12 179
204 214
140 142
106 291
17 148
111 184
78 211
61 85
214 221
68 157
197 269
19 154
89 103
283 285
189 202
111 120
63 152
69 161
193 205
123 135
83 120
214 279
189 271
110 259
9 26
128 252
274 276
1 290
42 80
8 210
273 299
43 66
61 158
48 74
33 54
187 214
13 18
5 7
61 272
6 154
11 78
182 276
70 134
141 190
202 264
56 69
21 228
88 259
74 197
170 179
195 271
27 186
35 39
23 214
99 300
5 89
96 111
50 127
52 138
7 78
223 290
8 106
249 262
148 232
15 72
113 200
180 240
80 118
161 252
113 119
28 269
113 244
126 222
58 83
105 299
125 209
76 191
211 218
276 287
71 157
97 132
146 224
131 134
161 190
22 221
182 249
114 209
114 160
80 97
231 263
134 155
28 36
111 161
133 274
48 256
96 290
38 50
17 26
143 217
172 238
180 182
21 294
6 9
79 189
83 263
50 125
262 276
30 49
142 156
186 197
199 269
64 240
116 128
170 207
5 6
129 269
240 246
133 185
111 122
129 296
220 231
139 238
6 299
1 250
23 164
191 290
46 103
136 294
141 293
13 290
140 244
180 265
186 189
124 198
25 276
26 256
36 155
47 300
224 296
58 65
189 281
91 103
188 230
170 234
91 188
53 235
169 193
132 300
58 60
2 9
179 186
24 148
152 176
156 222
10 182
99 128
202 269
127 130
31 151
152 235
186 264
70 214
258 285
65 85
105 243
24 274
150 152
30 97
53 214
264 281
65 149
58 298
124 238
2 169
127 143
121 156
87 249
193 298
49 73
106 188
25 200
102 248
70 74
69 111
188 224
34 98
188 214
21 268
77 237
93 291
87 266
10 245
19 156
134 150
130 205
28 129
8 118
170 282
174 223
32 69
87 275
106 256
1 242
29 36
72 158
10 87
220 264
62 156
84 217
26 207
53 67
223 298
51 74
74 75
63 238
18 201
80 135
21 296
124 222
176 225
193 260
6 186
21 27
208 238
121 139
27 170
124 153
12 289
26 231
151 155
128 140
13 205
111 128
24 147
65 130
71 140
119 243
116 144
102 230
28 116
198 283
32 136
25 267
203 231
82 141
161 202
18 239
204 225
62 297
170 182
23 178
7 189
58 166
132 228
173 231
54 83
133 156
185 229
33 35
76 135
18 68
170 298
151 244
41 73
73 115
263 299
174 191
101 111
212 283
93 160
51 125
185 212
231 281
7 178
85 115
41 85
152 199
37 159
103 119
91 269
174 183
23 280
21 223
192 225
138 158
151 209
195 220
27 255
86 106
67 209
130 206
49 83
12 17
22 78
193 204
60 160
18 137
103 251
85 223
269 272
48 78
40 102
56 100
141 156
61 283
249 280
17 155
13 239
184 231
275 297
10 297
18 161
71 180
170 224
143 206
21 157
57 298
103 113
34 151
43 57
145 217
152 204
64 83
21 204
50 82
63 130
189 260
62 76
12 269
55 65
130 238
222 267
97 276
190 195
174 216
177 222
189 237
189 219
55 109
34 55
74 257
156 160
157 211
76 225
20 86
152 185
132 195
134 231
147 161
20 245
12 169
82 151
44 116
225 291
84 216
42 103
12 137
51 134
51 126
39 61
195 237
181 283
38 140
47 60
133 161
80 216
74 122
220 249
109 262
9 19
188 206
214 277
100 185
9 190
43 53
26 192
152 269
23 53
88 234
29 44
225 290
60 217
65 74
83 90
8 253
8 18
225 232
223 231
81 140
195 255
60 128
141 149
147 199
49 162
189 249
23 226
139 180
70 156
134 299
120 196
84 159
124 128
221 298
82 192
85 88
28 31
149 227
135 300
231 250
168 290
140 209
124 151
4 90
18 129
214 219
133 283
103 222
189 241
31 42
150 158
136 209
17 25
48 186
179 231
173 195
77 146
28 72
112 288
254 283
35 152
182 290
82 93
44 157
24 188
76 178
30 110
73 90
27 228
110 174
202 214
7 91
5 198
73 181
34 143
1 26
174 275
117 228
122 205
97 263
9 293
132 296
27 217
146 214
2 204
139 156
146 153
171 276
141 186
190 193
22 293
11 54
14 185
193 224
101 291
94 174
129 217
99 186
63 124
91 150
83 203
8 215
30 142
49 156
85 214
261 269
292 297
88 174
277 283
71 152
45 102
79 170
57 150
78 188
81 119
134 161
151 214
151 296
213 225
3 298
155 202
29 148
23 268
23 180
185 201
15 224
188 289
188 251
18 283
13 110
60 74
237 294
122 134
69 148
99 153
117 137
54 296
230 249
50 57
115 192
16 296
114 144
41 125
152 189
253 276
12 135
10 186
99 126
65 134
149 211
50 128
36 158
60 211
20 253
264 276
33 38
125 131
8 101
46 69
139 154
82 231
5 19
24 65
18 247
92 162
188 189
128 161
90 263
186 203
136 190
25 28
159 207
84 200
159 162
16 275
2 91
51 81
71 125
23 276
109 166
205 299
2 93
68 152
185 223
193 282
116 126
98 119
12 61
30 158
99 243
24 25
18 258
152 251
16 233
69 137
161 167
231 245
23 243
187 276
160 190
185 258
96 217
87 225
28 59
74 216
56 123
238 277
137 174
88 103
113 165
193 257
185 282
135 295
238 253
14 23
106 132
103 111
132 153
278 298
95 223
132 141
36 126
114 240
74 210
8 204
111 114
99 178
22 286
82 228
110 248
9 179
61 150
18 140
41 139
64 159
148 274
103 275
165 222
37 132
269 282
184 225
164 298
9 10
123 153
65 72
297 300
177 290
89 121
247 290
2 156
20 27
73 167
262 283
46 74
169 214
4 105
80 96
22 288
35 188
123 211
122 292
193 227
132 298
132 161
189 225
60 134
136 152
146 161
148 267
57 60
225 275
116 160
162 215
209 231
185 285
174 222
52 61
250 290
210 290
189 278
150 235
186 250
60 132
96 237
160 173
114 278
57 148
38 83
2 227
110 211
76 111
18 87
202 290
10 211
39 74
139 221
19 244
211 275
123 144
26 193
269 288
256 283
96 132
116 151
24 233
5 54
193 266
58 67
61 62
20 117
83 92
231 232
35 57
178 250
22 111
186 292
154 207
9 260
170 272
126 291
15 281
43 116
226 290
99 192
15 26
43 138
26 273
129 298
110 244
144 222
74 246
17 19
88 201
9 219
80 84
95 216
78 217
40 82
48 125
29 66
63 116
128 167
115 221
7 93
125 190
283 297
87 274
94 130
257 276
128 298
125 291
34 123
22 247
152 194
15 208
16 252
164 222
135 159
19 189
202 230
74 138
20 63
157 276
81 172
73 144
121 189
46 125
214 280
261 287
56 80
76 218
230 298
3 17
44 65
17 61
190 291
218 290
139 143
61 185
136 143
28 122
74 130
24 105
22 260
36 69
170 268
88 288
93 132
142 144
68 151
9 72
37 298
34 156
188 258
41 116
17 248
269 278
199 297
170 177
188 232
79 143
146 211
45 75
130 252
76 254
1 241
99 139
62 129
71 117
134 199
119 237
120 189
33 66
105 278
96 146
84 188
136 240
7 10
79 130
156 186
87 288
175 290
4 195
27 290
76 210
170 222
119 173
47 83
155 217
215 276
202 206
185 278
1 34
105 247
37 103
30 152
223 283
15 70
35 54
136 142
123 238
152 161
45 298
178 186
23 217
147 250
188 212
90 249
127 131
25 284
160 187
190 276
148 299
186 218
12 193
46 157
120 289
29 59
138 211
82 200
111 249
150 196
35 196
21 56
45 60
144 240
231 254
104 178
269 274
11 102
12 285
24 210
188 199
191 276
53 137
65 152
20 285
32 34
88 222
58 159
49 67
91 153
1 248
126 148
84 178
137 295
41 272
118 159
73 268
87 208
2 12
178 240
15 170
142 199
129 176
17 297
51 152
193 270
57 146
131 160
86 261
85 106
193 226
30 150
25 69
48 180
141 145
24 106
125 134
153 206
76 174
9 217
213 290
8 87
28 147
153 157
189 239
136 151
91 165
22 267
170 175
8 44
221 238
8 170
108 122
74 266
4 78
72 80
141 222
126 143
73 179
175 298
28 148
90 256
84 173
103 243
180 298
1 198
25 278
132 216
16 114
15 199
117 209
180 263
151 233
275 283
160 227
174 268
126 133
116 295
103 137
178 249
23 190
154 286
20 276
84 160
114 222
26 186
107 175
193 232
26 246
56 81
167 198
169 185
181 185
24 290
270 290
8 172
122 158
119 224
180 202
24 76
211 283
80 87
66 144
214 233
107 179
11 15
256 285
176 278
65 158
20 222
238 268
45 48
189 205
83 102
193 225
67 128
35 44
29 72
12 222
183 249
27 191
74 177
169 269
97 196
202 248
61 71
82 156
17 190
180 290
89 193
76 83
24 111
249 279
106 156
100 262
56 296
214 282
31 44
180 300
29 65
48 121
178 260
189 259
68 74
5 26
130 160
195 210
84 135
33 240
74 102
193 258
30 60
143 298
29 32
196 269
103 142
10 290
4 160
150 238
17 125
29 45
286 290
82 262
154 189
283 289
2 170
153 214
11 275
30 73
79 174
188 208
30 105
138 300
87 173
231 262
5 23
134 215
114 122
193 247
170 213
18 160
186 257
140 150
189 210
6 95
172 283
90 160
69 75
58 103
147 179
202 226
20 198
87 199
7 26
30 61
185 209
161 274
185 222
231 285
78 293
75 148
7 281
198 276
109 223
82 119
165 295
31 116
221 267
37 149
27 99
6 286
12 153
95 200
84 224
71 116
9 239
236 300
24 211
54 272
22 105
73 177
83 106
195 268
49 69
160 222
115 191
48 128
56 95
193 283
171 299
83 141
133 136
199 238
17 283
173 174
2 206
176 300
33 44
18 37
17 150
131 260
73 210
23 288
161 214
288 298
78 184
113 287
278 291
119 270
17 76
41 159
37 83
85 130
50 51
37 111
111 126
33 41
210 298
191 278
79 129
205 269
59 269
124 199
2 283
238 281
5 294
117 172
267 292
55 116
151 194
134 177
83 298
43 55
50 121
200 214
160 254
84 105
31 74
113 262
73 83
149 156
126 195
119 166
69 73
73 106
56 214
2 194
185 245
76 171
129 145
168 186
51 114
37 76
103 185
186 191
188 262
2 131
189 206
38 132
12 128
84 118
80 111
193 262
25 45
283 288
76 252
21 87
2 168
39 120
73 266
181 193
74 285
65 123
8 287
155 180
32 139
24 179
148 186
28 45
124 253
29 114
64 65
48 66
152 196
33 49
202 254
175 276
37 93
171 186
10 20
74 215
56 119
12 275
198 231
123 162
10 12
188 242
12 34
118 132
43 73
74 201
20 178
146 217
104 244
26 249
38 80
35 157
18 119
193 275
26 96
37 114
106 139
17 140
170 267
146 158
156 294
22 65
204 290
27 180
201 231
12 133
35 147
180 214
29 52
67 122
130 276
215 231
7 117
186 285
128 299
80 99
100 216
30 47
144 147
26 244
125 132
151 284
117 211
180 282
160 225
54 298
59 223
57 130
148 211
105 286
11 185
30 107
188 222
124 146
82 254
243 249
69 70
182 283
148 236
13 98
234 276
129 185
12 87
6 65
53 69
130 137
25 245
169 224
170 198
23 205
10 204
31 46
13 115
9 287
8 185
147 211
188 274
180 261
63 144
53 148
48 247
74 258
7 265
214 289
19 100
69 188
63 131
116 162
8 65
77 119
157 244
88 242
45 155
31 159
150 206
87 131
147 184
107 177
127 176
3 157
124 300
166 298
90 211
113 222
179 185
188 198
130 269
73 236
78 148
13 183
35 73
74 190
102 160
73 241
35 159
48 90
163 269
12 283
180 231
196 276
89 291
59 76
133 251
52 130
41 103
45 144
34 290
135 225
189 213
128 186
174 249
193 284
127 250
155 236
186 286
151 162
158 188
8 175
23 239
207 298
45 214
151 278
190 283
42 116
52 143
260 293
180 259
174 192
29 147
17 130
158 193
113 201
202 205
36 145
27 117
148 209
170 253
180 241
65 151
7 14
12 247
84 152
188 257
239 249
31 124
132 156
90 248
176 188
119 268
34 42
122 236
153 155
55 162
82 137
28 56
195 274
30 35
9 14
28 143
262 290
122 136
137 154
138 155
7 81
16 179
68 108
24 26
64 229
14 295
188 236
30 57
5 256
222 250
69 123
149 152
50 131
233 268
33 58
115 201
85 91
129 205
149 196
195 215
214 228
31 174
213 238
74 194
80 101
231 238
8 159
117 146
111 134
184 214
23 267
160 205
95 225
195 230
27 279
121 260
202 241
77 84
1 213
113 137
164 225
184 298
89 262
123 124
160 283
44 132
11 287
102 204
106 185
18 47
111 121
83 196
47 151
144 186
64 103
273 298
127 291
170 246
4 250
34 35
71 154
130 152
154 246
56 204
118 238
8 20
85 112
91 122
221 249
174 203
8 216
119 213
15 33
175 278
15 160
87 250
13 21
198 290
69 128
115 280
194 202
165 298
67 72
47 130
105 121
15 68
26 30
225 255
29 142
138 269
94 119
16 229
97 271
44 69
123 236
114 124
27 178
34 94
146 176
99 134
161 204
14 25
215 249
148 243
165 203
28 58
135 206
192 290
160 280
10 17
9 59
106 260
73 233
109 122
155 291
29 134
170 284
185 239
193 269
62 298
194 290
32 147
23 236
153 167
26 185
169 225
95 173
142 158
3 65
73 75
98 222
160 243
202 260
180 269
23 176
92 290
99 204
15 253
76 185
102 132
147 152
73 196
136 292
31 32
8 113
267 299
89 122
108 202
51 189
170 242
132 142
238 299
55 152
2 74
76 287
14 269
15 256
34 147
187 286
189 273
25 241
180 219
106 147
83 108
237 238
17 185
114 290
90 174
4 89
189 233
146 300
85 109
49 152
228 276
73 275
69 146
184 209
87 245
133 160
127 162
83 132
91 278
45 135
123 292
134 137
106 249
3 244
225 280
103 257
19 26
50 54
26 254
18 261
76 260
103 120
111 160
1 267
84 101
69 151
230 269
185 251
6 201
127 209
73 204
84 294
84 107
42 152
25 186
102 269
11 83
7 19
57 272
127 184
202 240
30 68
162 196
144 209
156 157
185 220
148 214
121 161
25 140
129 186
136 236
124 269
30 75
46 145
249 298
115 223
102 131
269 277
4 26
85 90
51 298
180 264
192 193
37 65
14 20
28 39
65 297
170 287
168 214
12 176
17 102
193 196
124 193
120 276
85 153
195 200
8 117
145 148
42 135
199 295
58 253
17 196
79 162
21 211
56 186
57 128
4 84
118 125
37 162
136 138
61 126
106 262
170 181
119 245
58 130
34 76
185 271
10 16
100 244
16 232
17 24
121 160
15 257
9 171
202 288
194 276
125 155
50 141
116 150
137 238
28 244
34 113
76 241
193 211
81 131
29 123
23 240
31 37
281 291
91 288
189 197
127 134
17 161
185 216
119 266
65 71
3 59
225 226
75 146
86 173
5 25
8 279
214 245
195 298
39 156
9 25
189 191
169 222
127 133
15 214
133 153
130 214
83 91
162 211
137 222
211 239
56 73
123 300
91 111
185 265
211 225
196 238
76 157
19 27
23 263
152 217
6 100
7 8
22 106
224 283
19 24
128 152
146 199
119 234
28 141
24 112
189 298
38 48
189 252
99 291
54 148
4 249
132 137
93 300
79 185
130 224
78 262
207 222
192 231
95 240
27 276
18 264
80 131
227 249
77 248
7 260
74 252
131 264
36 83
202 224
189 277
2 175
79 252
71 127
264 298
29 42
130 151
114 214
127 128
119 261
117 158
15 17
97 291
121 154
2 193
7 57
23 73
186 282
103 157
222 249
48 273
137 144
181 225
22 256
44 82
243 269
195 277
214 290
20 244
147 175
225 268
162 251
63 95
51 116
48 156
20 101
111 273
128 217
73 273
47 129
23 209
115 186
174 200
185 240
109 137
189 246
40 196
76 289
34 162
6 284
236 290
186 252
111 116
44 217
27 172
102 163
74 224
37 90
187 209
74 160
132 188
3 6
46 127
59 164
61 140
20 21
84 201
80 276
94 185
47 142
169 174
68 186
7 259
130 157
72 152
145 184
199 290
113 154
58 235
21 219
76 203
64 135
107 298
191 269
105 111
62 161
145 260
181 276
41 162
179 225
117 222
222 283
231 298
84 93
38 43
30 88
90 244
189 204
104 196
46 48
199 292
212 225
107 273
8 241
80 120
195 223
19 285
13 194
107 189
7 62
87 186
142 206
67 114
107 209
227 231
49 135
8 285
15 87
123 294
25 59
98 103
124 147
123 199
36 214
202 271
155 299
185 214
18 148
82 248
26 119
111 260
80 89
54 122
106 138
28 142
188 210
82 203
7 25
170 276
15 236
234 291
33 72
43 64
237 290
164 170
124 125
28 54
37 105
36 156
48 146
222 230
225 282
209 214
7 119
130 299
132 217
134 179
115 160
131 143
21 61
31 40
12 119
188 194
76 257
202 239
41 156
162 202
202 258
10 284
134 149
89 131
154 199
126 217
24 273
185 213
34 70
85 244
148 233
162 279
5 175
170 221
76 236
197 231
82 132
174 289
4 159
133 186
89 256
11 180
20 231
71 145
91 263
50 52
106 200
231 234
185 260
128 249
185 194
27 80
127 155
1 168
60 116
188 207
138 291
50 53
134 188
170 200
9 189
37 85
156 199
75 299
74 288
134 193
216 298
76 138
1 182
87 191
12 224
138 161
31 67
18 130
78 273
195 229
98 240
147 177
189 238
116 159
47 283
168 185
59 65
185 275
118 248
49 126
7 224
122 204
67 148
89 288
196 299
170 212
280 290
174 189
27 282
87 289
12 263
4 102
87 111
129 209
53 80
161 206
103 126
161 227
133 137
202 208
25 27
74 165
83 104
202 221
16 231
67 160
8 295
160 256
26 293
168 269
269 275
182 298
8 21
27 203
4 24
77 223
121 125
20 56
267 283
73 264
249 252
87 192
152 209
4 145
84 148
117 173
42 69
75 116
186 288
269 287
17 263
117 192
32 65
34 118
30 65
128 135
30 52
8 173
175 293
180 230
18 122
244 249
185 273
74 179
17 189
111 140
181 269
150 159
61 64
27 199
140 153
27 237
34 97
146 156
10 22
193 293
227 269
262 269
72 83
73 189
121 144
24 300
178 283
122 167
32 161
85 300
197 249
2 129
74 80
25 189
161 249
67 146
218 283
43 56
34 51
188 218
130 176
98 290
1 65
193 201
10 292
74 172
15 206
135 278
251 263
2 47
49 61
18 254
14 68
185 267
65 157
70 152
127 147
259 283
111 207
41 80
160 218
9 296
132 160
11 239
7 167
246 298
9 269
91 281
215 225
135 299
10 285
134 290
134 288
76 243
170 289
61 75
201 225
70 153
80 223
76 170
88 292
20 59
34 112
25 192
154 188
144 211
142 240
157 161
18 183
113 219
222 284
202 250
174 280
138 162
125 206
5 153
136 160
99 244
260 278
75 157
55 158
36 103
233 237
174 300
219 233
7 288
99 138
85 103
8 26
75 160
46 60
199 294
138 153
19 210
126 141
143 222
195 261
16 160
192 269
45 124
51 143
121 147
238 257
46 73
104 212
169 186
76 291
131 249
149 224
193 277
4 112
50 195
214 253
129 243
99 248
247 249
16 165
65 125
99 103
168 299
115 209
44 248
103 116
100 133
17 21
150 186
20 223
1 25
17 124
153 236
24 99
71 260
18 225
119 181
156 292
114 119
148 217
33 74
195 202
143 145
136 300
8 243
13 83
76 275
27 226
113 131
199 202
75 151
233 249
74 248
111 247
43 117
158 240
97 289
128 278
118 209
17 216
257 264
114 123
8 91
123 154
125 161
35 68
141 214
171 238
189 250
118 278
170 228
148 201
166 186
7 179
7 22
146 186
59 298
74 144
66 125
72 162
29 48
57 67
195 227
87 200
188 285
235 292
157 215
109 148
27 187
77 244
266 283
129 299
122 251
225 270
9 193
8 76
128 139
148 241
111 147
250 298
146 269
18 59
87 133
18 212
167 283
3 245
43 272
73 243
26 260
182 231
30 117
67 195
170 251
256 299
93 111
172 249
52 161
51 214
6 156
97 189
68 267
87 201
59 116
94 248
74 211
77 80
83 174
69 71
256 263
18 241
20 112
2 23
4 130
62 67
154 179
63 140
110 173
18 25
88 270
186 238
216 238
129 190
121 136
162 222
98 289
123 299
52 65
28 46
173 186
62 94
186 289
84 240
133 159
141 240
18 262
119 209
7 214
2 26
149 188
86 240
116 296
8 192
195 282
152 160
189 192
249 270
92 257
134 136
45 117
186 195
140 148
167 185
19 159
122 154
39 73
188 240
100 259
195 281
73 116
95 248
142 154
136 141
231 261
2 17
139 141
132 202
144 195
37 130
78 207
146 202
47 61
74 220
185 189
23 247
9 237
117 136
85 113
33 134
24 124
188 229
9 272
26 241
12 218
13 252
62 147
216 276
73 247
17 186
135 209
296 298
175 195
108 119
150 155
76 188
182 188
202 242
131 156
76 103
30 71
41 128
15 292
118 217
33 83
131 150
34 40
185 195
153 233
47 160
120 290
8 251
123 140
139 246
50 74
28 149
105 250
23 283
15 154
170 190
64 84
136 195
170 235
122 274
185 289
25 61
133 145
21 198
27 169
93 243
34 49
129 215
44 73
170 218
60 123
117 147
60 61
163 185
43 188
168 283
265 283
18 72
12 21
151 170
82 150
3 119
17 74
172 264
107 247
12 228
76 299
154 158
180 203
121 244
175 264
231 288
238 266
73 183
188 200
84 209
115 121
95 291
48 107
124 174
148 283
83 217
146 205
12 260
103 125
196 225
30 40
148 210
78 115
86 200
35 151
210 283
67 134
125 145
134 141
30 100
160 192
143 162
103 106
56 267
178 294
48 149
54 262
45 69
202 273
2 16
211 234
15 23
231 248
5 123
65 143
62 125
243 290
163 283
44 139
131 151
172 214
13 267
21 48
29 160
141 152
170 173
37 222
91 192
130 185
122 140
173 225
67 161
18 226
10 233
62 134
151 189
188 254
131 190
119 221
30 103
11 26
162 168
144 190
89 209
192 202
141 154
73 218
193 254
187 189
126 276
114 129
3 79
134 256
36 61
227 258
37 69
73 178
35 296
174 210
132 193
202 262
43 148
13 165
121 256
74 261
117 240
17 33
25 299
226 231
170 241
33 82
127 151
160 211
119 164
34 92
31 47
194 263
170 285
50 152
18 273
114 202
119 294
69 156
116 222
202 246
90 150
14 16
175 185
126 159
26 298
17 141
32 149
122 293
57 300
5 209
56 228
46 126
10 14
225 256
185 238
1 234
144 160
111 175
106 158
199 299
151 152
151 251
222 273
146 251
109 131
34 96
44 214
98 214
249 285
85 246
62 293
82 300
13 234
128 156
2 268
276 277
20 57
157 267
135 250
156 158
7 290
178 276
25 250
16 177
16 73
15 61
16 105
87 258
79 126
140 240
28 193
193 256
39 295
30 123
76 274
198 217
45 95
113 289
34 138
153 185
114 134
4 5
170 260
249 271
58 128
148 278
117 289
128 153
149 195
279 299
73 117
35 272
145 151
108 150
70 114
22 177
22 179
35 42
23 271
54 129
211 249
59 213
66 152
3 204
28 295
48 155
188 264
168 202
18 202
140 222
57 141
252 283
214 274
34 141
113 178
11 61
145 146
21 243
20 120
22 223
225 241
52 148
130 186
13 249
21 283
63 269
23 25
186 215
82 131
203 238
4 11
20 248
283 295
249 286
180 284
93 271
138 149
9 263
204 276
123 161
56 238
43 160
73 160
33 36
225 284
254 290
57 161
84 276
7 103
14 253
107 276
23 238
146 222
12 279
105 174
169 195
8 27
130 296
114 178
92 185
42 129
50 62
175 231
6 285
149 236
191 283
170 278
56 94
147 222
7 20
80 88
161 238
36 135
170 209
18 213
185 230
186 232
63 161
208 290
145 153
185 215
43 147
62 300
149 176
8 268
20 166
18 296
21 201
186 234
135 186
235 249
258 269
196 249
195 224
81 159
8 199
149 150
230 240
103 153
92 222
195 272
13 195
18 147
102 185
170 239
99 160
122 156
112 121
5 59
188 244
225 277
148 240
73 164
4 147
193 261
269 286
10 295
74 183
15 113
47 272
189 224
80 116
5 10
128 211
28 40
6 182
10 21
12 177
1 100
13 189
61 148
22 210
21 292
29 137
62 83
51 158
135 240
190 269
169 249
139 250
124 217
81 122
103 238
42 60
238 248
111 222
26 133
30 290
63 114
188 249
161 300
99 237
4 13
174 237
9 276
83 130
56 155
23 169
174 219
69 130
211 269
131 188
64 214
15 267
18 34
105 221
15 63
129 278
8 283
13 264
139 157
25 170
50 73
33 143
40 294
29 51
49 144
193 255
169 187
245 249
34 103
26 182
106 111
75 129
20 47
69 143
225 234
185 279
103 128
130 279
21 277
13 73
18 194
133 206
106 151
166 195
257 299
66 149
29 39
122 162
119 247
168 276
107 217
64 67
121 146
84 153
101 193
84 111
297 298
63 76
129 206
111 246
145 152
286 289
52 67
283 290
165 193
84 256
12 186
56 283
174 227
160 268
24 100
90 246
3 296
20 77
186 216
33 132
170 259
113 208
185 207
50 129
200 260
148 286
178 185
13 107
134 154
21 166
55 272
161 283
76 283
91 265
193 215
275 278
109 217
293 298
188 203
260 299
25 26
27 239
256 276
224 269
127 141
237 249
80 138
170 233
50 217
207 269
55 114
118 240
53 272
32 117
27 291
115 254
160 244
78 260
52 83
107 221
154 202
37 50
6 17
3 81
111 130
193 274
96 222
85 102
152 211
194 249
90 298
193 240
122 132
214 217
121 195
126 156
98 235
84 109
40 152
70 145
185 243
166 238
89 278
9 24
83 178
99 223
187 249
8 88
128 269
119 179
8 208
89 177
63 145
42 83
6 153
84 297
134 195
21 274
247 298
76 267
34 152
35 130
34 54
18 167
162 240
224 285
161 199
157 176
174 235
25 49
158 159
43 65
80 150
2 300
85 159
176 222
157 194
141 217
32 61
21 222
27 124
178 290
272 276
25 152
116 157
202 216
61 249
111 250
90 188
135 148
27 192
231 276
41 138
50 71
185 252
14 198
171 188
8 263
99 239
213 269
35 72
10 194
90 216
114 276
121 123
160 278
232 290
119 242
31 38
104 217
31 135
186 246
7 225
210 276
30 79
75 115
51 115
29 30
68 92
31 75
3 110
89 211
133 217
58 125
117 160
163 211
76 245
154 223
59 80
9 226
73 271
42 50
101 188
35 61
142 155
8 93
115 261
93 238
70 130
27 259
157 224
3 25
278 295
79 240
213 249
33 123
154 157
57 74
9 278
31 61
3 211
176 296
276 291
198 298
15 190
20 99
99 216
163 276
24 223
56 141
30 106
82 161
28 51
13 27
22 101
8 244
160 183
22 115
281 297
144 217
186 201
76 276
9 177
95 256
38 155
195 226
238 263
140 299
89 223
160 257
78 80
97 103
23 181
50 222
193 202
12 15
102 137
214 275
195 239
129 131
162 195
98 111
49 295
102 169
101 119
22 87
224 249
62 146
31 126
11 98
150 298
174 271
76 153
106 179
56 82
28 137
170 279
120 251
91 291
90 231
185 274
109 248
31 54
170 210
195 240
8 156
119 284
47 156
47 73
19 65
266 269
194 269
18 220
154 175
20 118
79 262
8 168
87 160
114 142
292 296
16 116
189 222
133 149
130 295
83 107
193 199
59 261
84 219
82 198
238 283
111 135
42 298
115 262
42 214
276 284
61 143
44 106
85 110
21 23
16 214
76 238
188 281
40 132
180 201
192 276
37 136
168 178
154 229
34 157
4 193
77 216
37 134
15 48
131 167
202 251
7 40
99 152
50 142
115 122
48 64
56 129
125 156
111 133
122 185
93 154
211 273
74 264
44 114
34 36
12 161
240 264
271 283
26 111
95 269
1 102
66 134
238 243
170 286
75 143
89 188
195 205
126 240
185 233
57 103
24 229
4 225
46 152
106 286
23 278
59 121
8 86
106 222
25 285
73 140
73 212
166 188
18 237
91 248
48 79
259 290
20 95
174 186
99 135
59 182
138 217
23 282
13 145
153 190
198 299
102 111
163 180
34 99
267 297
102 290
73 258
89 138
1 276
279 300
27 240
257 294
85 185
132 168
134 156
113 278
12 180
119 215
120 216
129 227
18 295
27 88
172 185
218 231
27 264
149 154
163 214
130 204
220 225
195 247
116 133
238 261
24 78
31 55
60 139
146 227
32 152
119 231
228 283
31 45
155 159
119 233
264 268
92 111
20 214
49 136
163 202
85 92
82 285
195 258
133 146
161 251
133 279
58 138
27 295
78 177
145 160
152 167
3 267
35 55
75 147
189 247
91 226
187 246
8 203
160 300
9 240
171 193
47 67
232 238
74 230
13 275
202 238
84 288
188 250
107 288
2 166
23 227
24 74
27 284
42 124
106 175
194 195
96 119
91 130
25 286
135 137
23 207
25 34
47 150
67 151
37 74
136 153
116 152
283 300
21 249
42 156
13 22
18 276
61 72
16 186
88 244
62 121
202 212
8 95
256 284
47 157
231 246
29 38
66 74
23 177
269 297
102 213
9 61
69 141
127 160
185 197
24 189
108 225
74 228
225 287
107 293
119 152
13 119
6 297
33 141
129 139
183 225
177 249
51 113
52 80
94 234
79 280
170 184
7 104
116 135
8 13
87 244
238 288
147 293
84 202
23 163
103 104
75 159
9 262
240 276
104 248
119 259
156 162
93 119
24 195
137 298
193 197
185 188
96 263
10 18
178 184
48 122
84 91
51 69
130 169
124 181
76 175
87 204
21 181
71 214
108 212
227 276
254 269
34 78
97 122
17 147
95 209
180 193
175 283
103 281
19 20
172 278
195 218
58 272
13 105
23 269
246 268
83 209
55 126
14 234
11 87
7 44
249 251
74 161
42 147
12 238
8 209
5 295
104 211
28 68
111 221
100 154
48 49
89 286
123 227
26 147
142 152
73 151
77 174
30 189
23 215
4 114
225 281
11 283
188 246
214 284
218 238
23 185
48 55
242 283
118 137
24 207
4 177
108 262
126 174
16 78
86 217
188 237
18 166
134 174
57 156
178 189
117 144
238 239
162 238
188 243
9 270
33 70
195 265
117 124
12 206
56 223
17 34
160 199
177 189
40 50
74 268
185 217
132 283
276 282
234 249
8 99
12 197
126 184
39 146
159 195
117 216
97 111
218 249
30 80
159 199
24 101
54 119
176 186
177 188
14 27
148 199
34 75
231 240
60 64
87 222
199 283
185 237
116 240
65 138
17 238
43 111
64 209
139 152
186 253
73 213
198 297
10 276
62 81
42 132
24 261
186 241
10 196
122 235
170 274
13 209
186 236
252 290
160 273
73 256
233 276
42 238
40 114
99 137
160 161
48 62
102 282
22 175
91 283
11 68
178 238
180 267
133 269
12 121
57 143
83 109
19 223
8 245
188 227
195 285
24 267
135 205
214 295
227 235
238 295
102 214
9 166
67 260
267 295
20 259
199 247
135 297
148 168
90 247
4 111
61 292
232 269
19 87
133 243
98 216
204 269
189 254
68 128
86 188
10 54
72 135
65 160
14 231
127 177
196 298
173 283
24 214
148 170
41 127
35 148
24 27
74 284
129 291
43 47
153 260
28 52
160 209
140 152
126 134
117 199
46 134
225 235
24 298
1 233
17 299
53 160
63 155
122 300
188 279
146 159
124 160
73 285
60 147
37 61
27 247
125 298
165 189
52 299
184 235
73 299
115 263
59 244
83 119
246 290
188 272
98 203
33 211
102 298
24 67
261 283
102 151
186 260
177 231
211 257
101 189
17 295
27 258
214 239
7 273
96 223
23 266
174 228
10 267
40 211
69 74
23 167
25 56
200 267
17 143
226 269
170 255
70 155
42 128
1 110
104 216
15 132
175 299
160 259
30 98
131 193
45 61
48 50
31 153
135 189
232 249
73 284
4 290
88 294
75 102
211 220
8 286
134 246
13 26
191 193
231 271
184 192
33 138
28 34
70 140
40 67
102 196
188 259
142 236
46 293
137 139
86 248
73 260
87 251
126 157
189 251
170 176
70 144
48 138
174 181
102 157
195 266
133 189
80 117
72 116
67 157
41 132
121 246
13 193
26 191
120 160
267 276
5 260
104 122
238 269
181 300
24 192
82 240
123 158
143 154
180 213
30 31
30 101
249 281
13 169
78 246
101 174
45 126
238 241
169 202
33 208
43 63
85 86
168 188
140 269
188 265
252 276
154 256
185 221
148 251
9 275
135 293
133 162
48 141
83 115
152 213
119 163
208 283
115 137
143 152
3 18
112 148
168 189
199 249
10 250
51 67
54 103
17 137
15 269
292 293
136 251
107 231
33 156
130 134
58 141
65 141
23 228
26 203
212 290
165 269
193 278
263 292
11 225
67 73
3 16
189 287
13 197
153 160
103 262
43 74
117 248
48 133
141 162
6 13
134 143
103 117
29 57
168 195
73 150
17 269
35 52
44 129
167 180
281 283
43 142
188 271
73 257
201 276
189 262
46 238
73 176
114 147
174 224
19 84
85 101
214 270
76 249
40 73
94 276
170 237
112 174
25 115
20 23
198 284
287 290
95 202
124 291
164 249
21 291
3 185
269 291
161 186
45 76
50 65
21 286
28 66
161 294
142 190
27 218
18 76
251 269
26 221
25 37
99 169
87 257
25 68
186 222
227 290
131 163
45 211
23 171
108 291
227 300
121 194
8 238
119 201
139 150
130 195
202 284
3 86
15 262
226 278
249 250
31 144
201 269
127 161
249 255
20 92
154 249
15 228
188 191
32 35
137 161
58 61
89 174
177 298
64 98
114 148
18 24
35 36
83 113
93 244
184 299
167 200
15 114
65 170
20 107
45 114
162 209
59 186
143 174
87 246
91 142
37 109
119 189
174 253
37 211
80 100
117 123
134 292
148 191
45 125
31 36
29 41
170 280
56 137
4 101
53 65
46 136
57 157
268 276
251 291
60 66
114 157
99 174
138 236
143 240
169 276
69 160
76 215
3 26
151 240
131 166
41 158
109 196
7 275
105 153
47 141
74 82
212 249
26 198
130 138
193 216
103 171
7 217
12 240
22 261
57 80
3 100
32 146
149 222
2 297
148 223
143 291
79 138
4 134
135 153
251 290
13 74
17 31
61 69
167 290
99 202
188 241
99 154
171 185
146 236
108 271
30 87
203 246
29 49
44 113
117 217
56 295
3 35
193 271
148 285
39 157
6 292
31 65
73 163
185 290
132 209
169 180
160 279
212 214
62 235
5 20
80 85
202 213
64 69
54 150
186 274
187 193
15 18
171 295
34 63
76 192
154 186
238 276
85 99
31 162
79 160
10 201
68 115
66 116
79 224
193 265
148 269
28 49
143 214
6 12
65 87
42 61
140 160
225 271
34 108
84 300
134 142
178 225
16 225
44 158
68 76
197 225
18 135
27 100
256 269
126 147
48 123
30 46
119 235
74 203
27 34
140 159
65 131
13 190
73 114
119 176
89 244
28 75
94 242
254 299
192 214
3 4
65 67
43 299
130 215
25 225
8 231
3 284
122 153
56 148
160 178
188 283
164 231
87 154
1 40
12 281
10 181
33 59
80 174
75 128
13 90
33 129
249 292
127 129
23 284
95 266
155 276
18 203
34 148
28 41
225 238
216 290
202 207
95 151
1 295
82 134
27 95
131 292
54 61
133 155
219 238
87 259
103 199
137 149
8 127
91 173
187 272
47 225
193 208
6 174
82 121
244 276
195 204
99 157
98 270
205 290
114 139
202 268
279 290
35 114
104 185
193 220
202 293
13 278
29 132
160 228
96 130
57 151
29 146
12 236
76 214
18 159
133 144
71 298
95 267
89 178
126 188
23 246
90 141
200 231
152 282
184 259
124 227
127 298
4 221
81 174
48 229
13 283
75 123
20 66
13 164
171 189
17 200
64 288
12 183
64 208
23 290
78 250
53 103
74 146
15 54
10 152
8 188
188 238
23 262
148 279
98 148
18 266
146 206
70 299
103 249
24 293
248 283
116 119
30 58
8 94
31 59
99 240
19 208
27 209
99 131
70 91
8 189
231 242
121 133
238 264
20 96
40 60
26 247
185 191
2 269
79 299
91 134
227 259
32 73
275 290
111 286
144 153
263 294
116 189
139 147
96 163
76 200
25 210
63 149
32 60
67 123
18 255
36 124
3 10
106 195
9 212
12 229
65 73
80 129
127 149
125 153
130 249
140 217
63 74
123 126
57 137
47 238
109 235
84 98
102 164
6 84
74 173
9 172
102 138
166 283
161 264
56 189
72 298
249 284
225 248
116 148
115 151
40 65
103 172
209 230
26 250
125 140
153 184
121 149
179 283
18 61
3 120
195 238
35 129
135 141
187 269
27 190
113 196
91 261
167 186
261 298
35 160
214 251
73 206
9 164
34 65
5 188
6 101
127 299
45 238
193 228
33 209
257 269
115 132
138 159
209 238
34 69
188 228
24 175
84 266
119 254
281 299
90 207
74 237
14 211
68 137
246 249
24 221
45 65
185 246
34 79
38 117
115 219
202 281
44 128
18 143
13 230
228 264
176 290
98 130
268 283
124 157
193 243
74 218
8 100
34 45
84 104
137 278
46 116
76 172
294 298
21 200
83 271
145 209
4 152
134 190
73 251
133 205
156 202
160 276
121 151
131 141
8 196
225 276
2 189
34 158
195 243
18 62
84 172
87 284
36 50
69 152
170 203
6 22
185 241
276 278
116 124
123 136
25 31
82 209
115 256
114 127
188 219
1 261
231 236
3 102
131 252
48 72
63 134
76 271
206 283
185 292
175 225
115 188
80 123
195 228
20 291
115 131
152 222
129 214
11 193
24 291
89 156
108 299
120 271
111 177
180 238
21 231
115 194
202 272
113 151
146 295
228 231
89 229
85 105
72 272
7 115
102 291
188 266
202 294
7 252
91 272
117 132
129 295
29 70
145 240
12 73
92 178
73 281
73 272
71 139
37 140
139 148
7 187
123 256
121 150
18 21
12 72
113 237
30 41
158 299
35 295
122 297
9 185
95 122
129 276
91 300
235 298
31 35
86 241
20 106
195 257
34 59
273 290
168 295
74 247
10 286
87 256
130 168
103 151
94 111
53 74
90 288
2 27
7 195
89 147
15 47
149 190
126 151
1 88
263 293
18 138
12 129
23 199
12 198
68 100
37 139
119 188
59 238
143 227
89 146
34 194
5 180
113 133
1 244
94 258
27 278
78 103
46 65
185 196
186 194
189 220
73 81
29 74
21 193
119 262
112 229
8 237
30 120
183 299
88 291
268 290
120 291
60 148
130 227
231 256
189 289
182 214
24 247
166 185
87 174
84 86
200 290
122 135
118 211
149 299
20 113
11 189
83 86
152 225
72 124
135 217
31 299
238 258
119 183
34 145
195 264
67 75
174 261
113 276
78 195
65 135
291 292
106 273
121 140
39 137
27 272
189 190
8 183
50 150
3 80
23 237
1 106
36 298
225 259
251 276
180 208
73 255
286 298
38 222
63 82
186 207
50 130
51 135
99 283
102 186
100 267
168 238
239 294
61 122
189 211
103 240
17 255
111 248
13 185
28 61
133 138
188 245
239 283
99 146
74 181
2 31
116 146
50 143
185 205
243 276
18 56
236 238
76 258
44 102
10 159
99 122
242 276
11 214
74 271
76 123
35 71
20 296
61 146
74 244
17 294
57 235
26 27
153 180
174 241
189 255
161 205
54 142
11 202
58 180
28 160
81 84
189 203
76 149
172 189
122 213
15 65
9 235
89 202
46 298
83 158
16 87
131 147
76 273
23 220
82 160
108 290
17 27
147 249
34 90
38 84
195 269
20 25
129 202
54 138
88 130
172 195
15 37
148 206
2 137
164 189
57 69
132 185
143 209
124 194
25 196
242 269
186 244
53 150
145 156
74 263
202 237
9 207
12 234
40 140
165 283
79 218
29 129
162 275
63 214
62 80
265 276
130 209
185 232
34 68
62 157
25 223
16 271
168 291
129 149
207 225
59 196
6 27
224 263
132 144
224 231
56 67
7 266
26 80
195 236
30 50
76 168
189 221
93 272
10 100
144 150
155 198
43 71
245 276
135 222
4 22
153 176
174 208
66 69
264 269
55 156
195 207
54 65
127 136
63 295
24 216
177 225
25 277
203 267
170 230
74 171
3 74
32 158
83 105
209 288
20 98
25 204
128 251
16 267
207 231
185 202
142 162
55 79
55 148
90 184
7 80
73 262
137 217
161 297
5 122
163 225
31 69
191 238
197 202
51 162
74 300
11 118
61 211
119 276
76 146
24 182
34 71
117 267
90 177
195 288
93 259
114 152
148 194
71 83
170 214
76 224
80 113
18 287
10 56
139 222
18 263
35 235
76 187
154 276
272 290
186 256
202 244
118 146
73 197
138 152
219 290
161 233
53 61
19 119
40 283
269 294
3 189
274 290
101 122
61 144
30 63
31 158
189 208
164 269
83 262
181 202
30 66
153 158
214 226
86 290
91 200
100 291
172 202
152 227
39 150
133 275
111 117
40 126
15 122
155 193
181 214
211 214
70 136
134 224
238 262
240 278
27 183
126 209
134 160
82 291
34 131
135 199
126 127
20 68
1 87
116 211
27 197
157 227
221 269
214 271
22 170
27 271
129 134
276 279
126 129
24 256
67 127
99 148
24 246
30 96
148 174
65 140
96 174
139 240
30 148
238 246
37 124
35 138
64 238
174 278
71 238
153 161
197 298
28 195
113 199
17 46
139 153
6 23
132 172
206 231
182 189
274 283
170 220
29 186
127 300
130 170
251 283
149 275
13 111
128 205
195 278
94 265
111 262
61 70
27 87
59 149
102 130
93 223
54 125
193 288
225 273
261 290
170 192
202 233
153 278
258 260
55 140
269 281
77 103
134 176
119 286
66 140
121 143
186 261
202 234
12 237
89 119
7 171
238 249
14 56
3 277
98 209
3 108
11 119
73 123
125 292
55 238
61 73
188 225
133 176
60 146
200 202
73 126
117 125
91 123
8 154
121 130
35 47
132 211
34 38
20 255
123 298
174 185
8 17
56 213
5 214
225 288
188 197
157 186
138 140
80 159
25 84
70 135
18 229
12 256
3 269
99 279
91 131
14 19
183 211
56 146
43 146
140 157
183 195
70 126
34 58
91 262
52 160
156 209
18 243
144 157
160 174
23 235
184 249
27 219
107 262
26 285
70 102
59 61
38 238
16 283
67 70
187 290
19 174
99 262
63 83
74 251
165 185
35 134
89 145
37 112
129 174
21 300
148 254
13 147
93 159
276 281
110 222
31 294
71 162
183 189
25 213
272 295
217 231
50 116
21 250
13 87
45 291
10 241
78 132
160 240
170 191
225 266
157 185
16 291
79 85
28 150
91 275
50 61
24 260
131 283
123 127
202 287
123 209
89 214
20 173
171 222
121 135
172 193
79 183
117 291
197 290
18 235
259 278
114 156
34 37
157 223
48 144
174 217
131 205
92 160
18 291
33 42
39 269
4 169
8 56
84 117
22 107
205 249
119 178
71 80
225 231
78 85
47 65
152 155
131 204
79 103
244 290
73 103
11 84
74 124
146 149
142 298
48 63
74 176
151 159
247 269
189 272
59 140
296 300
131 154
238 254
135 156
30 136
236 299
154 247
7 84
85 195
255 290
124 142
181 290
165 214
231 280
176 202
8 16
50 137
89 149
31 127
193 231
238 274
84 258
3 82
170 193
117 263
136 299
148 196
188 231
44 125
160 294
63 162
103 108
185 247
109 222
10 208
225 260
191 225
132 150
238 273
202 252
29 75
245 290
30 69
147 214
85 107
4 180
76 130
76 220
59 74
76 281
174 187
15 178
9 258
131 196
25 101
225 228
74 287
24 115
126 150
54 147
82 133
201 283
103 129
53 60
263 297
28 47
58 150
125 236
18 211
162 206
23 153
75 113
151 223
128 199
183 269
135 138
73 142
83 99
142 159
5 13
39 83
207 290
273 278
30 83
81 189
73 169
174 272
18 271
59 69
215 288
5 12
260 276
63 106
200 283
19 21
133 141
48 162
6 277
117 119
73 242
13 78
18 176
48 269
6 194
83 143
79 269
11 73
202 253
73 194
43 114
225 294
63 156
8 261
4 31
118 262
50 72
148 175
88 226
202 256
86 216
147 240
6 21
128 154
75 121
20 293
74 291
1 134
106 130
15 27
84 94
71 144
202 228
4 85
160 281
48 137
98 223
195 260
179 249
83 157
133 174
2 292
15 183
7 169
189 284
89 161
118 119
172 186
195 219
188 255
179 298
166 276
52 147
173 269
23 222
175 214
146 238
65 249
178 269
73 199
153 292
91 141
92 119
8 214
43 125
128 145
141 298
33 146
34 41
214 286
59 127
129 170
206 238
78 134
225 267
32 134
131 132
9 218
115 203
122 249
177 269
80 298
6 14
102 233
47 298
4 14
241 276
22 285
70 158
59 134
4 260
251 299
130 213
226 238
195 263
126 138
67 142
26 216
163 231
114 299
53 142
164 188
32 132
174 188
130 256
17 169
81 138
202 243
134 144
18 267
195 249
25 174
105 132
27 161
81 160
104 223
40 278
7 270
44 60
80 106
198 207
195 270
122 149
202 203
79 290
29 150
30 129
142 211
105 283
95 119
57 73
48 114
129 199
39 129
249 272
2 22
49 110
238 250
122 299
148 183
125 240
27 185
186 228
234 297
76 180
116 132
134 211
176 193
90 273
39 160
141 161
185 224
150 222
133 134
160 215
152 275
66 158
67 152
9 163
9 249
13 188
55 155
2 261
7 35
35 143
73 226
144 300
17 69
151 205
27 269
209 276
85 188
184 202
1 274
132 297
34 119
30 162
18 185
171 283
50 56
74 295
108 216
90 148
71 135
269 284
216 225
137 156
127 158
20 283
278 300
15 52
163 188
10 11
2 54
80 291
129 283
71 129
138 144
78 263
52 73
163 193
122 294
37 126
61 162
260 269
119 288
82 157
148 158
195 286
121 175
39 147
134 227
170 223
76 80
140 156
85 184
47 137
57 238
2 214
55 127
232 276
87 237
61 68
152 180
50 161
102 223
171 202
65 294
14 170
147 154
146 155
153 283
155 253
78 84
73 280
55 61
276 289
21 253
30 45
20 41
148 213
106 180
56 117
27 270
56 244
9 206
110 217
18 252
91 296
111 131
187 225
95 228
39 148
30 72
2 190
174 290
129 152
188 253
33 62
29 195
74 87
225 265
65 127
168 225
189 240
113 192
50 134
30 135
165 224
34 52
23 208
131 275
21 84
129 222
86 192
144 146
160 197
128 136
13 231
139 288
170 273
73 208
11 24
128 295
161 170
102 210
48 160
91 157
84 133
28 37
158 220
7 86
3 72
193 286
231 252
29 34
17 134
148 149
153 199
16 260
241 269
87 105
84 211
51 82
8 24
61 132
235 290
95 244
83 189
99 124
118 216
10 27
148 208
19 22
14 26
150 240
27 189
155 185
73 152
123 185
136 297
204 238
36 238
225 246
186 287
19 31
33 56
67 74
186 263
87 247
152 214
59 235
109 174
53 73
174 220
8 248
74 259
80 104
32 95
48 159
74 241
196 231
144 199
267 269
185 244
74 227
126 185
95 103
225 262
15 164
119 191
231 253
180 226
79 122
26 177
135 284
112 222
112 209
71 90
69 129
225 245
39 142
257 283
78 83
22 25
130 233
23 254
195 248
186 273
87 226
62 74
83 238
96 244
5 9
225 263
115 135
75 130
129 236
5 8
248 290
61 137
10 189
148 155
257 278
18 299
76 166
249 267
74 256
144 206
165 186
170 180
130 196
115 148
183 278
134 157
198 295
125 211
80 189
70 124
263 291
175 211
47 138
18 132
38 61
55 117
111 179
249 282
48 175
46 140
9 178
83 270
121 157
229 238
238 300
184 290
190 214
58 146
7 87
28 63
16 132
163 238
109 263
74 212
27 236
198 214
20 29
62 128
157 189
153 162
2 215
26 84
146 162
15 245
78 111
135 194
12 171
127 157
20 216
151 298
225 250
33 131
209 225
227 299
76 270
22 90
27 163
67 126
127 225
188 286
231 292
123 297
153 300
4 27
17 138
133 204
234 238
247 263
46 139
17 153
18 173
12 14
129 156
207 238
73 138
24 184
78 247
30 155
231 287
170 226
231 241
23 165
52 82
73 180
21 115
41 144
207 249
153 198
7 122
46 61
41 124
84 92
13 298
1 10
189 215
147 149
58 295
29 157
7 165
114 137
220 278
157 214
157 238
3 48
238 294
31 41
89 160
18 181
65 150
43 150
25 70
4 76
154 184
220 283
125 149
132 143
249 260
179 195
170 271
148 280
74 206
38 105
60 158
148 264
106 240
86 103
133 196
35 41
223 238
28 161
27 257
73 158
136 206
134 140
2 197
27 238
21 208
35 116
14 48
2 148
1 297
193 273
114 217
102 195
54 131
67 137
18 224
132 157
71 155
105 175
175 188
48 68
193 222
80 151
147 195
103 217
52 60
87 261
119 212
238 282
231 286
103 110
167 269
214 241
137 240
59 158
64 108
134 153
35 109
130 202
16 207
116 299
100 160
26 180
114 130
29 143
17 157
79 263
214 285
31 49
12 181
91 133
268 278
174 218
239 276
99 150
188 287
110 160
122 144
73 230
10 72
202 217
177 195
186 248
114 143
4 214
93 130
3 213
87 277
26 248
4 106
35 49
214 231
103 296
74 167
34 107
113 212
180 239
129 158
217 224
145 154
241 249
73 231
76 240
231 284
102 264
85 150
267 293
66 80
141 236
87 164
83 85
255 283
57 214
80 91
10 223
18 219
90 221
87 182
165 249
189 285
105 291
70 120
4 119
186 211
278 281
63 69
5 27
15 209
214 260
59 114
98 226
108 217
47 269
186 226
19 115
279 297
98 265
117 271
15 56
104 263
109 111
159 294
54 60
12 226
102 261
88 178
212 276
12 24
66 214
41 146
205 276
249 261
170 261
80 140
16 218
60 137
129 233
74 232
133 154
12 53
88 160
73 228
82 135
137 209
61 189
260 295
118 174
98 271
195 196
149 215
97 160
166 202
7 15
240 299
17 99
74 153
116 137
18 131
217 288
63 65
119 138
81 225
259 276
44 155
185 204
91 166
27 102
43 52
98 248
143 149
214 249
82 140
89 225
51 144
20 119
160 170
154 177
33 63
252 299
2 213
282 283
99 201
185 226
76 233
14 18
117 126
190 249
108 263
49 134
33 159
22 250
74 120
189 198
195 251
31 58
38 144
60 111
24 196
210 231
127 144
50 117
61 149
34 77
64 146
60 151
17 23
18 84
77 128
266 276
69 211
188 223
127 180
71 124
12 280
241 290
160 206
191 195
40 144
102 255
12 185
216 231
145 273
11 21
107 249
130 156
17 228
5 290
6 18
73 267
18 221
26 81
48 58
146 276
93 225
141 206
74 198
53 157
157 295
79 111
195 252
62 159
113 258
7 68
214 281
143 156
121 127
111 152
152 233
185 272
209 267
10 299
151 156
41 134
34 155
92 209
119 120
249 293
154 161
65 114
29 64
249 268
73 191
130 251
23 78
18 73
170 256
171 231
130 154
249 263
82 130
38 211
42 74
71 159
68 150
9 246
13 85
10 268
152 232
191 264
170 215
87 209
201 249
284 290
72 126
1 9
225 286
15 21
64 74
45 140
241 298
34 144
174 178
43 61
115 248
248 269
4 18
147 298
121 155
188 275
21 285
260 290
62 214
226 249
125 196
63 80
159 273
173 276
131 199
69 142
65 68
128 209
8 258
277 290
130 264
1 6
31 34
112 247
231 289
23 24
12 26
23 270
14 267
195 246
52 298
187 211
116 136
188 216
27 288
2 267
184 188
39 102
84 112
10 213
193 285
152 260
52 214
189 216
214 259
116 163
73 254
119 228
84 293
198 300
54 74
124 188
1 277
1 231
108 243
126 190
74 200
15 172
214 254
12 164
8 235
177 238
111 180
295 300
182 186
8 225
54 146
10 74
36 136
122 202
1 17
185 261
49 82
112 221
153 224
147 290
249 290
61 157
16 76
18 67
87 210
109 160
20 105
276 288
41 74
105 216
190 299
235 299
129 153
7 268
134 278
113 226
121 273
106 140
73 168
231 239
194 238
142 222
185 277
31 66
202 249
2 158
107 127
225 247
211 260
37 155
210 238
204 249
116 138
130 293
106 122
108 111
113 235
129 140
90 193
80 217
129 133
60 68
209 247
194 219
68 113
185 259
130 174
51 73
16 276
213 276
133 190
138 214
70 211
7 219
17 166
34 135
295 298
182 185
186 210
73 227
160 258
18 293
128 206
111 125
108 248
225 283
90 293
37 144
18 26
222 299
69 147
119 267
200 238
193 209
179 276
81 151
133 150
130 240
67 150
248 260
23 273
188 209
26 261
269 290
152 267
15 150
78 298
135 193
222 263
65 124
120 132
33 137
27 252
283 284
48 151
20 89
168 298
4 288
206 269
186 259
129 167
170 197
180 194
5 34
221 231
181 264
41 48
39 48
12 22
120 237
52 157
68 106
4 132
130 291
147 269
21 189
130 190
23 56
285 290
21 25
102 156
17 35
85 120
186 227
2 205
25 155
108 211
184 193
15 198
16 89
9 87
149 209
59 214
170 244
184 269
35 65
11 59
117 225
183 185
80 105
24 277
108 186
8 79
92 276
9 73
185 256
6 20
128 134
35 50
10 170
134 217
83 97
182 193
132 222
59 295
121 145
8 194
9 264
90 217
93 174
59 136
119 196
210 214
22 48
87 196
214 262
169 283
44 135
83 111
18 232
203 269
137 283
99 130
117 142
8 213
188 260
101 103
69 125
103 112
75 82
184 238
45 115
117 152
30 43
87 166
154 294
75 142
228 290
50 146
116 143
126 193
99 143
78 119
30 112
174 175
202 259
9 251
235 238
112 189
43 151
67 193
166 170
146 215
39 130
60 73
44 61
17 65
16 295
73 209
116 130
122 131
74 274
152 206
115 140
102 166
56 60
13 93
147 159
12 257
49 127
87 270
37 80
134 152
10 253
105 188
158 190
56 65
61 128
43 81
21 272
18 63
15 34
4 174
9 180
85 93
10 26
121 290
188 298
1 11
9 170
214 227
12 254
76 230
20 131
137 155
84 131
11 231
80 141
85 133
74 296
161 168
34 139
138 176
153 235
60 62
161 209
79 83
122 233
88 263
135 147
28 146
109 289
2 133
240 247
256 298
23 256
231 273
23 260
36 73
33 160
204 231
152 187
94 151
202 261
142 184
18 265
31 51
186 245
73 277
34 61
17 60
83 151
91 271
113 267
70 83
17 235
152 184
83 125
230 243
100 248
195 273
100 103
33 125
7 114
54 128
148 205
236 269
7 82
13 285
102 103
161 195
74 217
45 158
58 207
153 225
35 51
68 138
203 290
79 202
128 149
231 237
27 230
13 282
199 231
163 170
84 88
30 138
122 145
202 282
28 300
148 204
149 151
236 287
8 256
162 176
46 124
41 61
107 184
171 211
186 251
179 238
158 160
134 276
35 59
68 130
5 74
56 157
119 122
134 222
129 256
33 40
157 158
257 291
89 197
140 267
162 236
119 186
168 231
9 273
80 86
28 42
2 108
112 231
107 250
188 288
183 202
15 285
124 138
29 58
186 267
101 256
48 89
25 194
81 85
18 269
195 250
160 260
8 267
17 75
182 202
292 294
107 188
113 185
14 78
188 234
186 219
47 123
11 188
65 136
145 249
85 278
89 249
16 246
185 234
8 297
49 95
135 244
217 249
104 289
188 273
252 269
94 115
56 291
193 289
129 144
124 236
185 284
20 88
72 129
3 20
122 275
113 160
256 295
125 159
110 122
27 286
151 186
132 152
13 276
18 22
37 238
189 200
134 296
175 202
115 185
87 119
197 276
73 250
87 228
152 224
117 212
36 65
193 218
74 243
78 221
124 150
50 123
202 247
271 276
74 242
128 222
33 114
188 277
7 21
80 248
35 62
7 269
157 174
28 123
36 162
30 48
155 160
249 275
189 243
103 256
202 220
249 274
20 200
82 158
6 31
79 251
119 197
122 252
60 121
122 298
99 203
84 89
90 132
147 273
18 128
89 207
185 227
74 126
44 126
185 262
54 143
246 269
47 235
127 135
79 220
50 156
203 276
26 172
115 237
46 122
134 209
20 221
126 160
110 111
134 151
170 229
54 69
29 82
80 211
141 299
205 238
172 290
14 186
202 235
84 110
238 245
59 60
77 209
174 199
89 169
153 186
174 215
9 279
150 236
8 78
294 300
187 299
157 159
288 293
164 276
79 276
147 238
127 140
26 201
118 244
35 123
53 125
33 299
195 245
119 277
106 121
188 235
27 298
82 222
120 211
95 111
31 123
134 250
200 269
125 133
178 188
8 74
181 249
71 136
225 285
11 179
51 140
122 159
221 276
99 181
171 174
189 245
202 300
153 238
61 135
161 196
112 240
149 296
24 286
226 283
87 212
23 279
20 114
116 129
84 270
48 75
113 299
35 131
214 235
114 197
108 132
52 146
40 61
69 72
249 265
168 249
189 199
2 11
56 298
186 204
114 155
23 187
205 283
103 130
133 227
99 209
120 248
102 170
139 209
191 230
35 79
76 134
185 192
154 250
38 145
59 210
23 265
23 168
2 21
34 86
99 197
66 136
16 242
76 290
29 193
95 217
22 61
140 186
5 273
43 141
20 192
35 70
90 111
17 223
34 56
130 143
111 258
121 126
147 236
193 223
11 195
43 134
107 195
67 141
184 211
27 294
18 222
61 160
247 283
74 204
48 60
27 164
149 202
36 89
107 263
187 195
59 233
83 129
40 94
30 59
9 288
48 73
20 22
170 172
92 174
7 218
21 213
238 270
89 136
121 293
213 283
130 142
30 55
195 279
109 271
6 152
11 234
171 214
185 254
208 249
138 156
81 156
114 149
18 19
110 291
29 61
280 283
117 128
71 122
172 295
23 242
84 95
34 124
235 276
31 39
91 289
130 188
27 221
42 48
44 238
62 238
76 280
123 156
215 283
245 269
144 251
8 234
65 148
8 9
189 279
183 231
76 193
83 222
119 131
98 244
130 194
50 151
99 284
70 127
90 229
1 223
225 254
131 251
176 214
33 73
25 202
31 68
195 203
125 217
237 276
209 290
188 269
219 276
147 153
231 255
87 198
225 257
48 129
28 157
264 279
79 80
61 142
24 87
25 269
59 130
27 281
189 269
62 138
119 272
15 222
79 199
143 297
211 267
152 236
91 132
232 283
224 295
115 181
222 276
73 279
13 86
82 223
25 261
164 195
83 96
202 245
18 54
180 249
35 48
78 175
73 220
49 81
1 86
159 238
130 297
74 121
30 141
107 286
48 132
76 183
181 186
32 91
173 189
29 116
83 137
3 27
48 67
16 236
108 152
12 189
6 99
25 282
48 126
237 269
28 32
119 169
30 109
31 71
17 126
219 269
148 184
100 196
42 67
79 132
41 140
52 238
249 257
12 184
20 115
18 259
28 111
167 203
74 221
22 188
174 262
191 299
132 151
20 100
56 138
22 193
102 122
209 224
13 106
116 217
183 276
9 242
122 126
16 184
3 97
193 212
65 137
188 220
84 185
149 193
18 217
105 119
19 277
73 119
38 162
35 203
113 166
238 278
36 131
97 125
69 149
119 193
38 217
85 95
193 200
44 159
60 193
7 106
91 197
38 65
189 288
19 292
92 122
83 93
174 176
102 159
46 146
18 65
124 180
49 140
263 295
4 246
97 174
83 88
38 209
195 253
29 188
45 120
148 248
66 130
82 173
250 269
146 298
4 188
15 130
108 131
186 290
214 283
139 146
195 208
92 211
53 147
193 299
231 268
86 291
247 276
139 142
44 216
147 209
115 284
125 168
106 231
43 123
223 276
27 263
216 283
13 76
155 174
189 253
236 249
3 45
214 278
77 87
65 147
148 190
27 171
79 300
112 119
34 128
29 46
73 278
278 284
23 218
4 175
238 244
214 247
85 118
122 232
144 299
123 202
188 276
4 286
189 261
43 211
224 290
82 237
125 130
15 16
153 249
7 76
34 133
80 237
3 23
91 160
128 133
85 97
250 276
181 238
80 108
177 283
108 240
71 134
78 288
231 282
70 73
57 160
249 258
235 269
186 284
84 108
27 40
188 270
21 26
19 267
127 202
33 193
50 147
91 119
43 195
202 209
251 294
1 294
7 24
73 128
6 115
119 226
152 291
101 217
26 184
76 196
102 194
170 187
73 172
255 298
55 124
138 139
8 12
167 221
275 299
7 30
68 117
27 211
37 158
225 227
91 233
7 102
119 211
76 127
103 118
79 281
128 144
41 147
10 227
94 226
115 200
145 288
73 274
189 227
49 124
134 146
202 275
13 94
111 265
131 293
94 262
13 24
82 185
33 39
141 235
9 220
80 148
7 263
174 273
34 66
69 186
97 290
62 283
93 196
59 102
180 278
141 153
83 216
30 126
256 293
135 154
5 130
208 214
13 102
58 157
30 122
186 198
15 74
107 119
8 152
12 290
62 69
144 278
118 148
58 160
102 241
53 143
175 269
152 300
142 214
178 214
122 268
104 132
17 160
207 214
85 116
76 131
32 67
74 262
188 282
27 177
109 244
62 91
12 57
144 181
56 142
133 240
121 131
119 171
6 127
149 199
137 159
52 69
152 255
86 174
96 211
170 299
141 144
189 282
12 76
33 57
28 65
186 209
90 175
55 147
198 291
119 263
120 166
117 156
156 196
124 156
93 248
17 128
2 172
79 148
153 274
185 208
140 143
159 297
185 193
180 274
225 269
185 280
7 120
224 300
99 194
160 251
97 166
181 297
65 128
186 199
178 291
118 185
80 115
13 284
7 99
114 211
81 262
30 140
23 258
179 188
185 198
17 146
75 137
20 91
128 162
167 170
99 213
170 188
119 199
185 225
186 192
48 57
37 60
219 230
45 156
34 39
79 206
140 141
82 221
17 225
93 211
38 124
130 159
106 131
61 138
19 23
160 198
105 214
27 73
117 290
21 170
73 112
106 186
31 63
219 231
117 262
89 222
131 202
189 209
48 260
43 62
119 203
30 74
74 235
180 217
143 159
132 146
168 300
87 203
145 147
129 132
122 152
38 158
154 193
263 269
69 138
214 248
35 63
214 223
191 202
132 291
222 236
103 214
115 170
181 188
20 90
89 132
84 90
99 147
225 289
212 238
20 258
148 156
43 46
185 190
115 250
142 153
61 67
119 283
134 185
78 222
145 177
78 160
117 275
106 288
143 153
215 259
123 134
209 249
143 180
186 254
60 131
124 186
71 217
6 267
85 104
89 111
82 172
61 159
24 193
131 209
3 194
7 240
193 198
142 275
34 146
82 181
38 69
114 239
259 269
34 142
114 162
80 119
130 153
56 131
87 224
227 288
133 236
248 298
4 121
27 235
76 186
133 152
162 183
74 255
74 265
214 288
73 132
26 200
82 244
149 300
154 244
46 50
112 132
115 228
112 217
57 65
36 43
77 211
18 184
73 237
56 147
18 279
29 71
99 129
123 145
49 269
210 269
188 221
74 254
148 162
161 278
25 131
185 206
103 109
153 227
170 275
175 249
8 198
173 185
89 129
49 65
150 299
115 157
18 186
41 157
48 83
107 229
196 290
76 288
23 224
34 154
4 7
8 23
6 7
29 73
73 93
34 250
13 163
188 263
170 277
106 250
88 258
114 151
33 217
83 118
174 297
155 227
80 240
27 292
82 136
106 247
249 264
163 256
157 243
167 298
144 292
134 145
132 174
188 256
189 263
125 214
117 166
9 187
40 217
198 272
124 152
31 84
61 136
268 269
180 222
136 217
21 254
42 65
69 106
18 207
282 290
126 227
119 208
273 283
29 122
203 214
155 222
73 217
202 279
98 154
246 283
236 276
169 231
35 137
123 149
10 153
217 264
185 218
16 21
148 218
46 80
176 276
11 217
113 122
186 212
150 156
12 115
98 259
30 160
59 152
142 251
76 173
160 172
124 224
30 86
74 281
160 291
173 290
68 160
131 137
170 238
8 221
195 241
67 156
7 100
74 186
180 283
55 122
49 114
2 251
18 274
219 249
20 102
15 186
195 259
189 217
242 249
29 55
9 266
43 54
2 185
44 140
146 278
175 186
71 112
89 260
189 258
63 67
53 238
114 135
198 202
153 298
8 201
6 11
148 222
133 170
225 253
18 282
114 126
186 262
126 154
80 110
7 59
195 217
148 202
12 205
121 122
49 50
119 218
157 209
151 269
144 156
2 198
18 230
7 287
174 196
189 286
18 214
204 283
13 187
84 127
113 265
9 184
30 124
78 249
18 115
132 133
162 300
54 186
16 278
127 240
86 244
10 13
10 272
185 299
29 31
83 156
152 168
202 265
97 212
48 150
193 253
65 299
113 159
169 188
148 261
87 178
1 19
106 173
189 268
143 155
76 235
85 163
288 290
76 190
16 188
115 130
16 167
91 154
116 140
131 213
85 96
159 202
169 189
10 210
30 37
2 18
62 82
107 248
38 108
89 283
193 229
45 99
39 67
214 225
176 283
106 177
45 116
171 225
94 290
13 88
115 198
152 157
131 142
65 70
73 211
53 138
233 256
73 229
238 290
24 177
90 159
137 170
65 75
119 274
35 90
9 74
180 204
85 177
109 212
50 211
33 222
174 204
113 216
214 252
174 248
38 136
107 180
84 100
113 269
7 185
40 158
160 176
64 122
92 115
35 142
128 227
47 292
3 19
140 151
128 155
14 134
174 205
89 247
152 298
18 288
110 131
12 167
283 298
105 181
8 197
128 131
216 299
182 225
95 172
174 283
127 295
84 239
107 207
130 260
29 40
202 223
4 184
13 220
3 134
100 263
35 128
60 129
174 211
44 67
1 61
61 116
114 158
61 231
96 160
219 247
43 72
101 298
33 64
93 235
114 169
122 127
125 152
269 276
202 215
206 276
85 290
8 102
1 99
31 128
159 161
203 225
164 193
27 256
88 211
12 262
11 170
201 238
73 270
132 159
131 274
54 214
189 248
67 143
94 148
74 270
62 160
73 207
138 296
48 59
66 238
52 74
186 255
95 185
36 140
167 249
150 190
202 291
238 255
23 252
12 246
34 48
10 31
189 280
193 203
24 180
76 202
162 199
25 81
90 119
166 231
2 3
16 230
189 283
132 148
95 160
50 193
188 280
130 150
2 157
174 238
276 285
3 11
76 201
21 284
40 43
59 299
68 80
106 259
34 276
21 203
125 251
234 278
275 276
200 225
264 280
170 243
2 244
6 223
50 138
113 158
164 238
103 133
134 286
23 197
11 99
76 266
14 74
16 194
80 107
56 61
129 130
119 230
79 157
193 217
38 126
46 135
16 187
131 148
8 212
24 250
129 240
149 153
131 159
12 265
14 17
88 276
33 142
73 282
49 87
8 104
52 125
74 260
2 128
72 214
160 185
12 187
13 20
231 267
195 213
56 160
165 195
102 154
83 89
123 217
228 249
151 238
214 230
45 82
224 246
42 125
12 258
39 238
177 214
193 280
2 102
76 259
251 285
166 193
169 290
174 295
91 179
206 290
87 103
2 278
127 148
87 248
136 222
51 91
125 144
186 281
298 299
73 147
21 99
48 70
170 247
73 240
30 78
21 185
38 135
106 137
151 153
78 147
31 119
33 55
65 91
85 94
163 195
250 283
32 124
110 237
29 269
152 162
108 222
113 143
33 68
97 216
37 154
83 112
174 214
30 33
20 196
188 247
189 230
36 125
97 131
83 224
51 132
189 266
34 132
35 74
73 190
137 299
30 144
89 246
2 272
34 67
21 244
20 58
18 204
163 189
87 172
150 153
290 298
38 93
4 91
43 157
23 232
91 163
6 26
20 30
145 159
44 211
141 158
170 211
165 238
1 124
8 205
7 95
184 189
80 125
193 272
119 249
4 202
193 244
170 236
214 256
2 7
134 260
126 137
249 256
74 267
76 84
124 195
40 69
45 80
20 54
43 45
214 215
107 291
121 124
231 260
245 283
132 147
124 141
55 67
74 184
138 222
5 16
120 263
33 71
179 202
5 184
57 125
16 74
183 188
147 231
170 208
184 195
221 283
29 156
174 182
225 272
78 179
160 275
124 134
195 267
76 212
174 266
166 290
122 170
68 141
228 238
84 237
17 165
27 165
231 247
1 204
121 162
37 43
2 62
186 271
17 67
82 154
181 296
148 244
3 250
22 273
17 64
149 157
125 135
128 158
48 71
15 22
18 57
128 190
16 24
55 83
165 256
158 217
45 134
117 135
11 22
110 223
60 143
225 274
7 257
56 124
186 280
215 300
35 46
12 278
44 134
87 265
22 185
111 231
18 238
80 192
145 250
16 282
170 257
147 256
25 182
84 192
48 112
119 295
102 190
170 265
174 256
8 81
50 68
60 138
43 128
37 135
55 214
113 138
28 70
151 283
151 260
103 183
11 220
119 174
185 242
87 271
185 219
18 133
71 73
10 91
25 100
73 96
102 267
80 143
187 283
16 290
188 215
83 133
148 187
41 89
17 30
126 267
138 298
153 251
152 274
110 262
124 211
80 114
35 216
74 280
10 277
12 170
88 119
7 175
173 249
13 100
167 238
114 283
279 283
33 148
80 130
223 225
214 266
119 153
192 283
25 87
79 248
90 271
87 216
18 20
74 213
76 227
23 87
270 276
1 74
50 160
23 175
17 18
12 191
45 136
180 234
26 209
188 261
129 161
201 214
69 193
110 119
120 262
73 252
170 216
84 116
18 249
20 44
73 136
113 225
37 48
133 290
119 275
16 189
64 73
186 208
134 180
213 214
238 251
1 238
39 141
13 217
120 131
96 148
76 204
27 166
60 63
131 236
9 205
90 250
206 214
82 83
18 189
17 51
68 79
165 170
15 227
80 132
229 249
32 74
68 214
133 215
46 154
45 74
16 264
102 165
54 123
137 152
2 127
56 115
23 189
81 158
61 66
63 298
55 74
122 186
189 194
188 196
78 139
28 156
64 286
113 296
16 240
164 185
131 138
47 147
178 285
29 37
24 253
88 262
158 209
158 222
160 272
211 231
64 129
44 48
192 238
155 186
18 240
156 295
142 183
167 195
32 140
113 263
231 265
2 146
91 267
180 210
27 184
206 298
27 205
99 119
72 125
148 215
90 180
151 206
12 266
106 133
132 292
15 20
89 175
102 135
16 174
45 94
116 290
137 145
51 238
35 58
238 256
233 290
199 225
81 103
57 61
92 189
50 55
15 237
207 283
78 256
181 291
231 270
7 293
61 125
278 288
193 252
28 38
291 298
6 210
6 250
113 129
20 262
186 214
47 131
100 214
117 129
62 148
174 254
45 67
185 248
116 134
188 248
56 277
193 237
214 264
54 73
3 101
154 194
128 283
150 217
12 288
82 85
46 67
74 180
116 145
160 248
61 93
31 140
104 251
12 188
76 265
142 209
29 54
160 175
166 214
11 260
178 292
211 256
211 246
225 237
32 122
23 259
79 291
15 185
32 126
76 216
160 193
58 186
12 273
73 234
188 211
174 269
67 125
238 242
278 283
7 271
15 197
123 159
131 294
105 122
50 75
11 113
170 227
148 161
55 134
125 126
194 211
188 226
76 198
127 175
162 224
27 224
189 265
16 202
155 211
8 200
102 119
33 52
87 235
2 14
14 200
131 157
15 244
230 290
30 38
31 52
131 206
121 158
106 159
180 237
93 181
76 122
7 226
23 206
46 156
132 293
260 298
56 74
217 276
99 172
18 146
15 127
15 181
206 299
54 80
91 135
116 174
35 156
181 189
77 217
183 283
132 154
258 276
202 266
111 298
129 180
38 240
195 244
84 161
9 167
34 204
19 186
54 67
218 299
79 205
3 95
217 225
21 45
8 11
248 249
76 119
74 233
31 154
106 216
152 283
195 212
70 162
160 296
152 241
169 238
26 286
181 195
5 67
9 20
125 139
131 170
76 251
259 285
27 229
222 229
225 300
126 224
16 84
35 66
127 138
108 154
5 126
7 238
260 283
110 200
56 84
89 221
185 270
148 216
141 199
63 81
18 165
97 217
34 140
103 280
3 231
136 147
91 299
115 154
28 152
98 262
9 238
34 83
34 186
61 151
82 280
238 279
160 171
76 228
53 123
224 238
48 130
127 188
209 283
153 213
196 214
119 210
82 219
47 181
186 243
61 147
238 272
186 233
208 276
60 188
79 217
102 197
20 40
68 114
113 140
90 103
81 130
8 182
24 244
12 58
111 113
38 214
47 297
11 115
149 206
154 162
153 194
73 188
28 71
93 263
251 297
148 193
265 269
73 166
106 119
88 148
102 244
7 17
9 99
254 264
130 198
122 161
145 150
167 256
193 234
113 248
43 137
10 131
7 73
9 17
118 299
269 279
7 105
155 188
131 225
74 282
27 212
8 120
12 207
147 193
158 199
29 47
156 251
214 246
15 31
36 67
87 185
185 255
95 186
65 66
25 65
17 272
22 26
19 102
127 297
214 273
56 168
133 147
277 295
2 135
174 276
80 109
119 257
48 52
72 140
22 290
33 51
25 238
138 227
137 153
9 256
144 188
90 142
89 157
77 222
289 290
9 234
63 135
225 244
28 30
83 94
106 160
91 178
62 65
168 292
220 299
34 160
211 238
157 240
18 179
84 96
64 147
103 178
76 205
67 147
55 132
113 251
21 100
95 239
248 276
33 47
211 233
15 131
31 56
43 130
15 174
124 154
30 91
75 77
111 288
20 110
178 296
8 153
238 271
66 83
90 286
25 153
202 218
25 127
17 292
19 225
276 280
78 145
202 270
81 132
283 286
22 246
189 201
276 283
91 183
245 288
265 290
133 148
67 138
126 142
53 146
30 54
1 201
227 287
125 158
170 202
177 185
148 227
51 60
60 75
24 166
81 111
189 275
43 58
16 20
195 201
119 130
50 240
36 48
121 152
28 53
47 293
10 244
109 237
73 137
9 124
20 79
76 160
10 174
106 221
3 76
18 218
70 115
152 190
115 279
186 239
119 236
21 85
19 152
74 140
240 300
91 258
2 233
28 55
85 170
103 131
13 112
193 235
99 161
178 202
38 116
23 188
33 188
180 188
188 268
100 140
95 178
63 126
173 202
199 276
8 97
32 144
183 214
235 267
29 53
5 193
50 112
27 198
32 33
187 188
58 74
164 290
185 228
178 299
118 160
161 272
107 216
269 295
78 193
91 259
143 236
76 279
7 49
258 283
70 139
59 161
119 246
61 155
131 299
16 292
214 287
4 292
194 225
113 271
253 269
127 137
185 236
148 198
56 272
42 43
154 298
11 25
150 161
221 290
114 141
40 155
34 88
16 54
214 269
76 221
3 106
170 174
87 262
74 299
107 159
176 185
54 157
11 76
185 257
202 255
170 171
65 145
1 12
9 199
63 139
111 115
33 37
29 141
34 125
231 275
114 172
102 161
83 87
120 217
105 193
128 132
116 155
17 20
28 73
84 87
161 232
160 252
44 81
156 240
7 97
21 196
27 222
56 150
142 149
73 289
116 131
170 240
122 130
147 158
61 63
66 298
189 235
133 140
136 188
1 23
7 220
170 245
20 43
150 209
91 225
225 230
117 149
21 194
264 290
81 276
6 189
12 99
8 271
84 102
110 151
66 145
184 293
129 155
74 219
68 156
14 121
75 132
118 222
175 238
186 299
34 109
85 221
121 153
79 119
137 162
18 246
195 235
102 232
155 224
218 278
186 202
111 259
2 210
22 292
113 288
8 289
169 170
31 62
122 139
10 248
193 259
174 294
135 160
23 191
180 211
145 157
64 149
41 83
85 98
44 156
149 279
37 117
133 139
18 208
173 188
186 188
276 300
161 298
115 231
73 102
18 192
193 268
101 231
198 246
80 238
178 193
147 167
175 189
60 70
26 173
83 258
15 24
23 61
172 188
46 155
17 296
14 238
35 150
16 284
170 290
149 217
12 276
22 244
135 146
123 130
203 249
174 221
104 291
160 237
49 74
17 28
214 272
33 119
3 85
126 146
104 111
85 89
103 123
143 292
31 150
41 65
41 43
103 288
89 135
14 15
110 130
1 56
32 48
179 193
94 217
83 154
130 275
147 246
106 134
244 269
85 142
195 199
3 201
33 116
53 300
225 239
121 283
216 249
202 229
58 238
174 281
161 269
1 2
59 145
124 251
14 285
189 234
2 76
74 97
85 108
202 289
33 151
185 200
23 186
176 195
26 195
74 208
119 185
170 205
271 290
134 283
26 288
170 266
87 254
102 283
193 239
162 193
107 193
34 62
47 50
125 162
62 130
214 261
91 164
186 187
73 265
56 269
181 231
195 234
74 223
75 298
11 238
230 238
170 201
42 134
113 298
249 287
172 231
214 216
186 224
160 295
28 57
119 244
28 134
209 269
188 290
160 269
186 279
203 272
56 83
51 147
122 124
164 214
225 229
30 145
108 153
191 249
64 134
30 51
189 223
16 26
9 22
15 215
186 272
256 290
233 238
95 130
120 174
89 240
15 93
13 240
98 189
156 225
113 132
13 233
214 222
58 73
79 190
126 199
65 139
156 161
97 130
106 193
7 34
47 48
26 179
102 201
129 135
33 46
43 48
79 153
261 276
26 85
15 76
130 146
23 26
73 235
136 211
74 277
174 198
131 233
105 223
117 185
12 264
99 170
114 132
136 146
65 156
199 214
140 146
115 204
119 222
156 217
179 211
103 224
218 276
80 214
225 252
182 195
1 115
102 140
56 130
164 202
99 163
109 216
61 129
31 43
225 236
148 167
38 130
124 159
174 243
31 64
188 192
25 154
231 290
74 164
11 91
180 186
186 268
130 232
28 48
115 244
15 283
91 219
10 185
242 298
174 257
139 217
17 244
9 236
125 127
74 278
88 290
12 251
74 178
161 299
3 99
170 264
119 223
125 199
134 138
15 205
10 274
115 298
68 161
188 204
157 278
214 220
189 229
71 158
18 294
28 74
43 131
160 189
76 161
81 83
25 198
124 276
83 138
188 205
8 116
65 162
258 290
116 209
102 236
16 75
136 199
249 266
197 238
39 151
32 43
67 131
134 236
12 25
107 246
143 199
79 297
8 114
186 206
97 251
13 202
238 265
27 181
117 196
50 70
18 286
208 225
74 199
211 281
129 154
68 109
12 28
73 141
193 276
31 291
68 238
104 200
130 199
35 141
43 70
129 224
16 250
84 262
133 158
12 178
268 299
12 271
94 122
160 298
238 252
183 290
193 241
47 74
55 139
238 280
143 161
126 300
41 238
99 221
31 48
115 238
134 158
273 276
15 196
84 99
34 244
146 152
59 139
55 69
160 202
73 246
189 228
124 133
230 283
117 150
170 254
72 103
76 231
59 135
22 300
146 154
103 202
188 202
76 268
186 221
124 267
28 299
130 283
59 156
21 267
22 269
166 225
125 222
116 123
12 35
269 289
34 44
131 214
144 151
47 186
225 240
39 80
31 33
33 53
225 233
11 269
139 236
40 74
61 123
231 243
128 238
229 269
73 263
115 299
8 292
267 294
280 299
73 287
70 149
82 103
180 233
99 278
103 114
18 193
20 108
24 248
102 182
133 291
194 283
110 156
199 230
150 211
21 151
99 123
131 295
74 236
186 295
83 128
127 195
8 77
145 175
120 122
87 280
196 283
180 270
161 194
65 142
68 69
135 188
141 251
48 85
76 256
5 221
8 290
148 153
168 174
17 131
59 162
240 249
19 297
130 133
48 136
143 300
170 288
147 170
233 283
10 113
33 157
74 187
4 297
83 100
80 95
69 195
113 189
34 122
174 279
142 161
103 298
106 244
131 153
171 249
133 143
130 300
238 287
11 249
98 224
172 180
67 129
23 172
52 128
197 214
148 298
170 204
159 247
23 250
9 115
24 90
180 181
231 235
60 142
190 231
133 278
240 287
31 293
231 279
1 121
7 53
117 162
42 141
121 231
124 137
131 186
214 244
238 247
22 189
180 244
244 298
195 284
231 258
119 271
131 238
189 242
84 124
128 159
19 94
231 272
84 115
165 225
66 128
112 188
84 113
7 170
40 134
19 201
76 182
264 299
41 137
255 276
155 199
35 186
30 67
170 194
180 197
202 257
119 229
179 214
22 195
30 64
127 150
172 276
16 153
23 170
253 290
74 222
263 276
195 242
123 139
180 185
163 186
167 222
23 179
39 298
126 236
102 285
76 244
43 68
8 82
9 224
57 129
187 202
6 202
112 147
222 238
41 67
209 264
269 280
244 283
217 230
116 142
122 283
186 240
26 79
39 60
85 145
52 269
192 195
74 245
164 186
128 240
88 111
48 135
202 227
83 265
81 185
8 107
208 231
147 221
197 283
186 276
135 211
188 190
44 150
271 278
76 261
222 246
227 238
137 199
113 163
129 136
127 221
59 248
155 157
139 206
133 300
238 284
214 218
25 74
89 153
18 257
16 273
37 156
2 202
249 289
3 33
9 229
265 278
195 209
220 269
131 152
93 278
31 134
113 164
12 147
299 300
208 269
193 207
108 146
130 148
186 200
154 155
19 194
83 117
86 111
48 139
17 129
59 126
66 155
152 256
298 300
75 91
60 141
283 287
101 121
68 125
89 180
68 81
83 101
134 273
34 110
145 293
194 268
90 195
157 217
174 213
189 207
12 148
111 118
293 300
16 180
18 177
130 147
17 29
11 62
74 209
42 122
173 193
105 222
2 154
160 263
142 145
144 152
36 85
82 122
173 214
111 158
80 290
222 264
27 115
83 114
121 141
160 299
31 225
5 227
8 164
7 276
103 107
12 235
16 25
170 252
78 276
62 142
182 269
20 97
55 90
73 113
1 283
119 248
124 143
107 160
74 192
91 214
131 235
8 222
186 270
99 111
17 211
34 89
106 207
255 269
86 87
74 250
151 161
38 159
3 7
194 240
130 243
10 65
178 273
16 238
76 247
143 158
27 234
157 299
65 283
188 201
16 19
84 120
25 102
269 271
35 193
157 162
225 249
176 299
238 275
13 232
99 188
183 193
10 238
127 146
200 249
202 236
214 224
22 147
193 206
4 9
94 103
43 59
61 124
74 115
13 214
18 187
132 138
185 286
140 154
45 81
115 172
84 97
128 170
150 162
222 231
133 199
185 268
46 132
30 133
152 264
186 265
27 266
190 290
7 54
114 128
129 300
76 226
27 275
74 273
281 296
106 229
14 292
206 225
2 87
78 294
122 225
28 189
39 69
123 155
27 287
98 296
86 159
229 231
69 116
16 17
85 260
132 273
201 298
215 299
87 223
85 256
219 225
98 196
127 256
16 193
26 175
37 73
116 300
61 121
29 62
131 227
243 283
163 290
139 199
65 126
2 138
185 203
49 60
152 170
3 8
160 181
123 222
5 18
116 125
4 231
20 186
95 174
120 130
131 297
214 229
27 227
27 262
131 133
249 276
121 170
78 286
54 154
148 276
195 225
193 281
15 249
31 57
96 276
214 242
112 298
133 249
214 243
25 244
225 251
109 132
1 232
157 296
20 294
6 213
76 248
124 190
188 284
5 250
57 147
291 300
25 253
170 219
160 224
133 142
135 150
273 293
103 191
152 238
103 211
161 293
3 161
218 269
119 151
27 251
37 84
53 129
79 84
154 190
38 74
22 213
23 286
131 272
147 156
205 214
193 251
121 250
193 221
148 182
82 216
91 216
96 103
33 161
151 154
72 117
27 220
77 83
122 260
20 24
8 49
160 191
16 297
102 238
73 175
57 123
225 264
124 299
9 188
31 72
12 287
68 146
4 256
174 209
30 70
68 142
119 132
65 69
31 202
82 210
119 165
74 240
201 202
184 258
24 238
21 248
121 292
243 300
141 209
16 219
41 214
12 63
139 151
14 300
9 282
108 278
74 239
73 205
16 115
168 170
106 248
26 223
73 162
73 239
193 248
28 44
74 99
142 269
29 138
135 267
154 293
225 261
40 81
235 283
186 217
3 15
69 269
8 181
269 299
24 153
111 290
83 98
154 174
1 132
193 250
121 221
30 32
37 67
179 189
71 132
26 188
28 186
185 253
85 189
11 273
1 210
146 283
230 276
14 66
105 244
193 236
95 262
110 178
98 288
134 221
58 148
17 151
24 276
186 266
27 265
129 159
71 126
292 295
42 73
71 89
231 274
93 186
264 283
46 160
180 277
91 251
6 87
145 221
2 59
153 204
189 218
52 137
128 236
179 290
184 276
59 276
16 22
73 156
12 239
152 215
199 291
185 187
36 74
8 191
74 137
79 275
77 240
27 254
136 156
23 54
13 17
4 20
121 138
282 298
76 206
63 73
24 200
4 12
148 268
66 126
164 180
183 186
80 102
229 290
6 148
16 119
29 56
134 240
178 195
3 121
27 216
123 133
63 136
124 129
135 269
116 147
161 225
9 100
195 280
90 260
119 190
122 269
195 283
126 269
134 162
73 259
85 114
30 276
26 103
8 277
141 155
18 284
81 211
137 140
3 223
166 189
64 298
127 246
6 204
8 166
84 281
68 95
123 296
69 122
120 235
2 181
185 276
13 48
154 297
234 283
18 297
77 148
13 121
125 264
2 141
59 272
174 293
76 163
256 278
11 17
116 158
79 150
115 216
59 222
132 295
99 200
25 292
277 288
133 151
154 180
34 60
71 74
38 298
15 189
97 262
152 205
86 119
153 215
170 217
34 46
210 249
131 278
50 58
25 161
84 228
119 160
149 174
35 45
222 290
139 260
87 221
139 256
1 27
34 73
34 43
69 150
60 152
38 67
92 103
2 161
47 125
53 83
12 230
118 162
144 159
236 283
106 184
13 287
101 132
32 135
136 137
174 240
206 211
144 148
64 128
36 134
104 160
107 174
48 124
157 236
126 238
11 174
55 135
254 276
2 24
15 152
159 250
18 85
215 238
11 19
27 289
170 250
87 188
198 238
160 236
20 72
8 186
12 59
60 157
28 297
6 208
229 298
2 65
192 249
189 270
174 190
26 121
48 127
105 248
89 239
145 222
103 105
91 212
110 281
114 266
74 196
8 110
178 297
2 209
107 240
39 123
107 111
77 125
45 152
195 232
54 160
194 237
34 129
195 198
30 151
125 269
41 152
133 224
166 269
18 153
135 195
6 291
17 173
88 265
87 181
84 114
3 87
171 296
34 101
133 135
85 111
108 174
29 68
27 260
48 51
74 191
15 39
189 232
99 173
117 122
184 289
25 156
231 266
229 283
84 85
148 253
146 185
21 278
87 219
238 259
223 249
84 106
154 195
18 141
214 258
41 211
73 198
21 247
27 176
46 158
188 213
48 69
34 126
34 134
41 155
3 283
74 168
20 81
17 92
28 64
200 276
198 264
25 185
251 292
100 119
46 83
67 111
201 290
117 251
33 75
173 238
119 297
74 289
20 61
146 296
147 288
25 274
84 151
292 299
189 267
50 66
48 292
35 111
50 159
8 254
18 200
115 291
98 217
7 51
135 143
9 165
99 132
30 137
189 226
170 281
10 202
121 193
157 300
124 127
111 112
80 185
9 169
9 15
194 214
110 154
33 128
37 116
185 199
4 198
64 222
10 269
30 134
16 170
17 267
83 84
49 155
12 19
214 232
121 223
34 72
89 273
80 94
13 89
152 166
114 125
83 240
44 50
21 121
126 180
10 261
111 256
93 299
87 263
50 148
43 51
186 225
249 259
186 258
161 235
202 204
89 217
195 216
80 92
20 133
147 155
203 283
137 269
184 186
186 278
195 206
151 217
213 231
190 238
77 111
141 159
63 272
193 246
230 231
5 78
25 58
133 202
149 240
60 156
100 235
98 258
126 153
140 211
134 159
18 270
41 50
23 229
94 189
80 147
153 256
18 180
73 165
249 288
117 148
5 293
227 283
164 283
77 132
53 122
174 251
89 250
86 209
238 267
119 200
34 74
89 124
3 208
27 273
74 275
83 131
193 238
121 159
31 73
1 18
29 149
54 238
121 148
12 131
39 50
21 216
160 217
155 156
198 249
103 291
73 288
68 129
34 136
32 83
172 174
66 135
1 4
237 300
33 45
5 17
115 222
178 180
167 202
134 148
9 230
147 260
48 300
135 152
116 149
21 238
8 22
185 250
278 290
119 280
3 68
93 135
90 223
18 289
72 136
34 80
91 196
79 279
43 49
167 214
159 295
143 144
278 299
202 283
38 60
29 111
2 236
55 73
27 293
134 147
50 157
106 246
7 283
135 157
24 173
83 116
45 73
20 277
34 57
113 291
55 60
14 85
57 83
160 223
20 36
44 115
26 170
138 209
53 141
170 196
65 185
44 144
68 73
24 61
139 179
73 201
193 287
165 231
34 267
185 235
82 84
189 214
8 115
30 92
9 252
122 264
114 153
170 248
8 262
99 266
38 156
65 146
40 48
25 233
168 193
225 279
167 189
202 222
33 147
1 15
73 122
253 283
179 278
103 225
12 217
131 300
3 12
195 214
193 249
224 276
42 140
60 269
18 123
58 131
116 156
145 246
186 230
161 188
27 206
43 156
98 174
19 299
103 176
20 74
202 276
159 160
101 221
24 288
212 269
196 202
97 248
121 128
20 109
3 274
189 274
13 170
174 197
133 157
33 186
127 142
152 240
122 199
82 111
212 231
185 281
82 233
25 95
2 238
47 69
65 186
12 68
231 259
2 186
82 163
121 177
27 167
21 245
95 211
131 296
193 219
30 42
174 244
113 259
2 140
193 242
34 149
160 216
127 145
47 143
16 99
34 269
43 44
168 296
6 159
231 277
32 238
97 211
154 231
138 278
174 252
116 154
155 238
72 149
8 108
4 17
75 125
225 243
107 256
170 262
159 291
107 260
18 178
111 119
219 283
80 244
278 280
225 242
119 289
27 173
119 290
28 138
153 269
8 280
114 154
34 137
3 295
30 39
195 256
272 283
108 129
130 294
136 150
154 284
188 278
41 126
52 151
4 154
119 258
183 238
138 186
148 256
148 189
74 175
202 267
34 213
155 184
7 184
80 90
157 269
154 260
167 193
221 225
156 190
189 256
184 194
27 207
160 239
160 162
167 188
72 144
55 103
15 75
214 267
23 184
23 257
89 300
12 199
189 244
83 95
2 5
79 211
90 179
87 272
79 267
132 248
180 242
76 269
1 94
29 63
59 144
102 242
8 233
151 158
188 239
162 188
189 212
2 228
214 234
9 214
48 142
50 64
5 11
10 23
170 183
23 275
121 137
163 249
256 264
31 53
62 73
136 157
231 251
23 59
181 292
72 155
206 249
109 119
59 131
139 184
18 163
80 82
198 269
127 193
80 128
132 134
195 231
29 151
13 186
23 72
59 155
15 62
109 192
195 233
35 53
108 283
59 67
11 86
185 263
249 277
152 249
94 160
72 73
105 159
165 290
8 276
172 225
162 190
3 227
195 254
82 188
202 274
18 164
82 241
33 65
60 72
189 196
189 231
223 269
58 69
119 216
75 103
18 170
68 298
16 294
170 292
30 143
39 43
154 269
180 299
39 65
134 139
186 275
6 244
2 223
28 62
9 104
86 132
151 222
124 148
31 60
124 185
11 186
214 255
167 231
58 143
4 16
80 93
171 269
186 242
58 151
28 128
46 214
112 122
106 237
80 133
188 217
187 238
99 149
186 235
111 229
217 283
166 249
160 290
25 117
134 175
186 190
48 143
248 299
204 298
74 205
34 150
36 116
30 44
62 272
133 264
133 256
33 195
12 146
45 162
170 225
25 121
103 174
10 102
152 218
93 251
72 74
137 214
92 262
55 298
43 83
74 286
1 194
125 136
185 210
38 73
121 129
119 265
86 203
256 300
202 278
283 299
105 256
114 291
217 247
177 202
10 24
73 232
241 283
32 50
15 216
40 116
4 273
76 262
180 195
2 159
59 189
215 290
30 36
18 281
108 140
136 154
8 31
135 151
4 131
17 72
4 23
205 231
225 278
12 54
202 210
6 102
195 197
153 272
143 224
73 187
4 283
160 186
269 285
216 269
240 288
90 146
218 225
65 144
7 108
139 177
20 238
80 81
15 67
115 267
193 267
20 62
29 128
39 214
6 24
147 162
2 276
59 73
55 149
156 206
175 193
152 294
59 204
76 176
83 288
123 131
169 198
190 202
110 216
130 141
31 50
11 171
115 173
28 103
7 56
65 155
231 300
27 175
105 231
43 143
195 275
44 152
96 161
45 83
160 267
162 227
103 141
47 299
72 238
170 270
18 124
119 214
61 134
122 155
94 291
81 220
89 215
186 196
195 287
34 223
186 193
20 211
24 89
46 159
144 297
83 214
119 251
134 202
25 211
20 122
187 297
140 193
100 271
115 210
8 14
72 134
58 80
133 167
64 247
68 269
195 262
155 195
186 223
222 272
16 100
104 262
77 85
150 154
60 71
59 124
1 8
8 80
136 148
228 269
1 189
33 117
48 103
134 135
131 195
33 269
147 188
12 270
85 134
80 112
122 133
76 300
41 149
36 144
59 194
121 184
59 216
189 195
8 109
214 250
119 227
234 290
9 289
186 277
73 245
127 139
104 119
114 150
63 158
23 35
1 298
23 287
9 21
23 183
15 251
238 289
27 215
134 184
117 141
14 153
13 167
12 82
126 152
42 272
12 154
9 271
70 298
5 15
41 69
27 296
177 193
190 225
32 155
74 229
138 154
30 53
106 203
66 73
119 281
9 197
195 290
195 289
35 146
153 196
130 236
65 295
51 65
25 272
152 276
143 299
115 213
7 188
32 298
9 265
229 278
18 278
45 145
193 213
99 185
84 181
79 236
194 256
35 40
242 290
189 264
188 233
238 286
18 75
220 276
11 290
131 146
131 253
210 225
118 223
19 286
36 60
80 146
61 74
225 258
10 232
105 184
73 184
161 295
69 139
170 258
249 253
17 73
99 214
139 160
130 278
170 199
40 131
9 181
16 185
186 229
44 74
11 276
76 223
176 269
11 184
18 49
40 124
67 71
193 210
87 291
121 188
1 20
134 293
154 221
100 111
231 257
13 14
193 279
8 228
174 206
202 280
115 233
176 231
68 83
30 157
162 243
157 222
9 186
153 205
15 238
142 217
215 287
89 195
211 276
156 236
94 259
24 245
128 130
24 107
6 16
155 269
115 119
23 251
83 226
92 281
152 220
226 276
131 269
57 142
2 20
246 287
147 217
214 236
292 298
174 291
235 297
66 67
152 158
130 274
193 290
83 211
76 199
170 232
26 229
84 278
3 294
186 205
137 211
11 20
106 145
180 271
122 196
