heur049_n_300_m_17695
9 221
206 291
82 261
226 266
126 296
67 68
280 288
207 247
166 247
87 213
106 223
106 263
185 266
92 217
156 258
2 114
8 223
262 278
100 147
178 247
183 274
220 236
120 270
94 267
211 279
98 164
106 154
29 152
139 249
11 14
174 201
91 239
222 285
99 227
183 251
100 109
114 145
224 299
122 214
249 273
100 151
16 261
89 179
189 193
84 248
12 203
55 141
160 262
238 291
9 76
78 229
83 248
84 140
241 278
38 62
248 286
161 275
62 137
145 215
189 236
164 266
195 221
184 283
177 186
40 135
28 151
243 296
43 75
128 233
182 238
143 176
206 221
198 294
62 68
199 221
108 124
257 295
184 210
120 212
6 74
165 201
260 274
30 62
73 223
176 189
204 262
138 240
122 295
249 254
8 224
91 186
48 101
171 264
160 200
28 67
155 267
13 229
219 268
269 273
224 225
186 213
105 133
7 61
172 269
60 223
13 175
270 283
242 295
24 283
172 266
232 266
94 227
76 145
161 292
121 288
21 118
201 261
30 56
214 257
255 266
17 70
140 147
94 207
152 183
41 60
97 119
218 219
138 174
214 265
122 267
106 120
79 187
34 120
13 101
184 213
10 19
223 245
76 154
81 142
48 134
207 288
95 133
26 204
36 59
1 181
213 258
104 174
211 290
103 295
87 194
15 59
174 193
146 299
163 248
179 221
150 199
162 217
26 107
124 139
102 205
184 286
221 232
117 139
173 253
258 280
8 296
22 204
276 286
16 95
116 219
233 242
105 298
98 178
206 247
169 237
148 260
1 245
21 269
46 113
116 141
71 256
182 264
108 209
24 201
108 160
201 259
110 140
7 186
138 145
151 199
250 282
263 296
196 278
174 239
170 189
60 161
74 131
237 242
262 277
153 280
30 99
83 110
12 20
1 291
1 183
118 128
59 83
90 269
43 161
94 212
61 222
212 274
215 226
201 247
87 267
296 299
214 276
121 180
140 194
133 233
176 249
94 213
259 262
22 194
123 152
62 299
89 143
184 208
76 120
18 174
247 266
78 91
88 156
99 168
31 70
122 194
117 140
200 243
204 243
12 253
264 271
135 276
37 108
73 124
102 206
8 255
4 161
11 23
4 182
89 130
62 150
204 214
140 142
106 291
78 211
15 291
197 269
221 229
168 233
179 216
89 103
189 202
111 120
123 135
83 120
181 266
163 236
45 49
199 289
214 279
189 271
110 259
128 252
274 276
88 114
199 203
1 290
251 277
182 219
233 284
32 224
215 248
11 279
233 287
18 110
36 47
8 210
183 201
14 115
273 299
43 66
190 258
93 94
61 158
33 54
187 214
13 18
5 7
61 272
11 78
178 199
182 276
16 90
168 215
141 190
55 128
192 250
56 69
43 69
21 228
88 259
35 39
265 266
200 282
168 266
12 268
184 267
199 218
99 300
96 111
164 199
87 295
50 127
251 261
52 138
7 78
35 76
223 290
249 262
258 267
183 200
148 232
219 282
15 72
82 236
113 200
183 224
148 238
11 228
67 144
182 266
161 252
113 119
28 269
113 244
126 222
58 83
64 174
76 191
173 203
199 285
67 182
276 287
52 123
97 132
146 224
131 134
161 190
126 131
26 77
33 224
85 237
114 209
114 160
52 55
243 263
76 96
28 36
35 243
133 274
87 101
2 288
48 256
38 50
17 26
239 262
143 217
3 300
49 147
180 182
21 294
6 9
83 263
50 125
262 276
30 49
142 156
186 197
199 269
64 240
5 6
116 128
129 269
111 122
133 185
139 238
1 250
21 77
191 290
169 223
182 187
136 294
210 278
199 228
140 244
168 180
13 290
215 247
2 174
141 293
124 198
25 276
26 256
18 88
192 221
239 246
106 113
47 300
12 211
58 65
189 281
121 173
176 247
270 287
91 188
8 119
53 235
132 300
58 60
215 258
32 243
2 9
179 186
24 148
152 176
156 222
10 182
35 69
99 128
30 127
248 265
202 269
42 63
233 280
127 130
224 268
246 252
152 235
11 207
173 211
209 245
105 237
186 264
79 219
23 255
82 113
105 243
150 152
182 282
124 238
216 248
2 169
121 156
194 248
229 237
87 249
171 247
193 298
49 73
106 188
59 148
25 200
102 248
70 74
188 224
96 106
188 214
21 268
244 270
37 138
107 115
93 291
10 245
130 205
171 278
28 129
8 118
198 248
32 69
87 275
106 256
62 156
220 264
10 87
84 217
26 207
130 162
53 67
223 298
224 273
51 74
70 132
21 296
16 175
12 78
80 135
124 222
6 186
30 89
46 53
21 27
204 211
217 233
75 144
121 139
52 64
27 170
124 153
26 231
163 216
99 109
151 155
76 113
111 128
65 130
71 140
119 243
116 144
11 181
102 230
82 106
26 114
11 255
1 22
28 116
167 199
98 112
41 142
9 176
25 267
242 251
161 202
211 224
243 251
62 297
170 182
15 101
58 114
7 189
1 186
58 166
173 231
132 228
2 294
133 156
186 231
185 229
33 35
76 135
169 272
213 278
170 298
131 136
36 75
151 244
198 211
41 73
207 221
18 68
263 299
73 115
174 191
1 281
93 160
180 262
185 212
85 115
51 125
41 85
152 199
103 119
166 246
91 269
174 183
21 223
113 118
151 209
67 209
130 206
12 17
159 174
179 237
192 219
18 137
103 251
85 223
191 288
269 272
48 78
40 102
56 100
200 255
141 156
199 260
249 280
1 175
17 155
16 217
237 264
184 231
149 223
13 207
207 272
275 297
236 260
26 76
144 149
10 297
18 161
80 160
71 180
170 224
143 206
219 220
21 157
42 224
103 113
181 182
34 151
43 57
25 67
145 217
152 204
154 224
164 233
172 182
38 53
5 48
21 204
50 82
63 130
7 74
189 260
62 76
67 90
22 134
142 157
274 285
55 65
130 238
222 267
174 216
177 222
250 262
189 237
58 59
288 295
180 273
189 219
184 227
55 109
34 55
156 160
212 237
63 143
76 225
157 211
209 270
152 185
173 256
46 81
147 161
42 68
239 278
20 245
221 282
162 278
82 151
163 272
44 116
206 246
201 227
207 209
201 262
12 137
11 277
39 61
195 237
248 285
163 246
184 242
38 140
47 60
251 279
74 122
64 68
220 249
109 262
84 225
214 277
43 53
107 237
78 114
26 192
152 269
13 184
15 99
63 70
237 289
23 53
88 234
29 44
56 158
225 290
60 217
272 289
65 74
83 90
8 253
233 236
8 18
223 231
81 140
13 92
115 276
11 212
147 199
87 90
43 223
49 162
165 278
168 199
7 206
192 270
139 180
101 247
70 156
173 243
11 261
120 196
134 299
124 128
173 242
82 192
28 31
218 250
149 227
135 300
207 251
231 250
168 290
124 151
18 129
214 219
133 283
103 222
189 241
237 268
59 147
31 42
180 191
23 211
150 158
17 25
199 277
50 60
232 233
173 195
77 146
28 72
112 288
35 152
216 278
72 122
212 236
119 296
24 188
76 178
200 229
73 90
184 262
1 280
191 248
110 174
89 108
202 214
85 295
9 203
99 110
7 91
3 233
5 198
182 281
1 26
174 275
117 228
236 288
122 205
97 263
9 293
117 161
106 274
248 254
2 204
203 237
139 156
20 151
146 153
19 247
171 276
141 186
176 288
184 287
78 113
22 293
169 200
193 224
14 185
101 291
11 54
94 174
159 278
129 217
179 246
63 124
132 243
91 150
83 203
8 215
30 142
49 156
202 295
1 207
85 214
261 269
88 174
180 254
89 182
36 44
79 170
45 102
78 188
81 119
131 144
151 296
155 202
190 243
94 118
16 243
29 148
32 63
191 211
23 180
185 201
15 224
188 251
230 266
252 270
1 217
18 283
70 76
172 209
60 74
237 294
82 98
277 278
69 148
99 153
117 137
76 132
74 113
54 296
178 262
197 211
17 152
230 249
50 57
115 192
16 296
243 281
150 224
152 189
253 276
12 135
10 186
198 288
99 126
65 134
149 211
50 128
187 221
36 158
60 211
20 253
264 276
272 288
33 38
89 109
125 131
223 282
46 69
82 231
79 102
92 162
125 278
119 175
188 189
2 270
90 263
136 190
279 288
186 203
25 28
159 207
51 81
115 118
109 166
23 276
5 274
17 135
205 299
68 152
185 223
18 91
215 273
98 119
221 272
116 126
12 61
30 158
99 243
19 78
86 189
45 146
16 233
55 129
152 251
69 137
18 258
161 167
80 219
216 217
160 190
187 276
216 240
185 258
70 103
225 295
96 217
87 225
112 133
80 122
137 174
25 249
211 277
113 165
266 272
169 182
49 125
250 252
185 282
82 104
168 274
135 295
184 280
207 216
180 275
216 239
179 219
106 132
94 222
165 219
103 111
278 298
132 153
76 99
135 136
101 113
95 223
227 247
9 253
179 272
114 240
8 204
9 241
111 114
236 274
11 103
22 286
99 178
173 215
82 228
14 249
212 272
2 266
253 272
110 248
41 139
18 140
206 233
148 274
103 275
165 222
207 223
269 282
248 275
184 225
224 289
164 298
39 114
9 10
65 72
85 200
94 106
177 290
2 156
13 289
20 27
136 224
262 283
169 214
4 105
22 288
132 298
122 292
123 211
172 272
3 115
132 161
254 258
189 225
136 152
7 18
146 161
148 267
232 258
10 225
57 60
116 160
215 239
209 231
185 285
174 222
199 252
52 61
243 255
210 290
181 219
189 278
119 198
163 219
150 235
243 288
221 273
60 132
242 288
248 262
160 173
114 278
57 148
2 227
76 111
82 107
202 290
10 211
139 221
19 244
233 251
38 118
243 261
247 262
65 132
246 288
123 144
26 193
13 191
167 278
269 288
117 145
96 132
13 171
116 151
124 135
5 54
193 266
58 67
61 62
62 123
83 92
223 232
1 179
35 57
154 207
170 272
126 291
15 281
77 133
51 276
43 116
226 290
99 192
152 159
262 288
43 138
92 237
26 273
110 244
144 222
17 19
24 85
37 49
78 217
26 233
29 66
48 125
98 113
112 184
63 116
219 295
36 151
128 167
15 156
28 33
7 93
125 190
248 273
142 238
283 297
94 130
211 268
87 274
67 135
257 276
101 133
125 291
184 270
166 180
171 209
13 79
34 123
73 221
152 194
37 75
166 219
15 208
35 135
164 222
135 159
15 221
206 223
183 216
60 174
215 296
81 172
172 223
199 223
214 280
201 204
165 223
261 287
76 218
230 298
208 262
3 17
17 61
44 65
38 70
190 291
218 290
28 122
144 145
74 130
24 105
22 260
215 245
36 69
53 72
94 192
93 132
37 151
82 112
9 72
34 156
188 258
41 116
17 248
224 251
81 104
94 208
269 278
223 247
211 212
79 143
37 174
146 211
130 252
76 254
201 226
130 136
15 294
99 139
71 117
171 250
206 258
119 237
134 199
125 138
33 66
61 269
105 278
84 188
96 146
136 240
156 186
79 130
7 10
224 227
175 290
4 195
119 173
76 210
198 209
47 83
155 217
1 34
97 100
185 278
34 116
96 113
171 248
105 247
216 229
68 103
30 152
223 283
200 226
15 70
35 54
32 41
136 142
152 161
178 186
122 224
200 272
211 232
194 215
82 174
127 131
25 284
190 276
160 187
191 262
148 299
251 252
186 218
12 193
18 251
120 289
29 59
138 211
120 219
53 56
210 215
82 200
78 81
3 184
150 196
35 196
119 167
21 56
180 206
144 240
215 272
104 178
11 102
24 210
188 199
190 262
191 276
226 243
2 19
82 118
65 152
20 285
56 152
81 98
88 222
58 159
49 67
1 284
90 113
1 248
27 210
126 148
201 272
91 153
84 178
40 117
137 295
38 150
118 159
87 208
2 12
94 98
19 269
178 240
200 210
82 215
15 170
184 199
166 288
17 297
129 176
142 199
51 152
237 278
193 270
57 146
200 230
131 160
86 261
1 260
85 106
50 144
224 230
96 112
25 69
48 180
18 23
187 215
153 206
213 290
8 87
28 147
13 235
163 200
153 157
189 239
136 151
181 237
91 165
221 271
205 251
126 130
118 156
22 267
70 161
199 211
54 151
104 237
8 44
224 233
221 238
8 170
108 122
216 272
77 78
77 189
141 222
122 278
175 298
184 205
243 248
28 148
90 256
84 173
184 266
103 243
25 278
131 161
132 216
15 199
16 114
1 24
255 262
151 233
210 272
168 237
59 150
160 227
174 268
40 49
120 124
83 103
18 272
56 70
7 255
258 272
125 154
11 235
177 266
221 222
60 215
41 56
178 249
66 123
246 253
13 182
23 101
26 94
154 286
7 284
84 160
114 222
50 145
37 54
199 248
228 288
107 175
167 198
178 266
2 225
169 185
270 289
181 185
270 290
40 75
8 172
122 158
119 224
92 299
16 234
180 202
24 76
211 283
265 272
191 237
251 293
118 201
107 179
8 274
11 15
23 210
94 102
256 285
144 161
65 158
228 247
20 222
45 48
189 205
67 128
35 44
29 72
183 249
155 158
228 248
169 269
97 196
202 248
97 124
61 71
199 275
82 156
17 190
71 123
2 88
89 193
76 83
249 279
211 226
106 156
100 262
1 239
214 282
89 95
56 296
65 224
180 300
94 204
201 277
165 288
255 278
189 259
68 74
178 270
94 107
232 288
43 215
130 160
84 135
20 135
70 174
124 145
33 240
182 253
184 228
193 258
73 173
13 246
10 119
94 170
246 272
136 174
196 269
10 290
4 160
44 160
219 267
223 280
187 274
286 290
11 232
82 262
154 189
2 170
153 214
30 73
182 201
79 174
138 300
87 173
89 133
231 262
22 233
114 122
17 45
193 247
18 209
234 266
99 182
186 257
18 160
190 201
189 210
14 214
69 75
90 160
6 95
79 124
147 179
274 279
19 291
44 103
20 198
219 279
99 298
87 199
1 205
94 284
184 251
7 26
185 222
161 274
78 293
185 209
75 148
178 231
39 64
32 58
48 65
198 276
109 223
82 119
206 251
165 295
31 116
272 274
251 267
6 286
12 153
224 252
84 224
71 116
236 300
24 211
247 289
8 84
22 105
83 106
160 222
115 191
48 128
56 95
171 299
89 110
14 106
63 123
182 261
199 238
17 283
133 223
173 174
2 206
176 300
208 211
33 44
18 37
8 291
21 186
11 79
131 260
180 288
176 248
161 214
288 298
113 287
278 291
119 270
81 115
17 76
81 106
41 159
70 117
85 130
209 217
37 111
50 51
81 144
33 41
210 298
216 264
79 129
16 235
21 156
82 88
205 269
59 269
16 190
100 250
124 199
2 283
5 294
86 115
117 172
61 145
11 205
267 292
55 116
151 194
134 177
5 101
173 217
43 55
50 121
49 122
200 214
137 147
160 254
209 237
23 198
222 237
191 247
1 259
77 99
88 124
113 262
201 256
269 283
11 236
149 156
69 73
233 260
73 106
94 112
116 258
27 241
2 194
220 248
185 245
76 171
76 162
173 201
44 53
168 186
51 114
123 142
41 141
103 185
156 200
208 248
186 191
188 262
2 131
215 228
189 206
38 132
12 128
209 286
97 237
59 151
75 122
80 111
193 262
25 45
112 185
283 288
182 241
260 288
87 124
166 223
183 246
56 135
76 252
200 265
13 250
262 280
47 102
2 168
39 120
212 251
36 137
65 123
18 277
38 237
8 287
200 205
155 180
38 57
24 179
148 186
297 299
28 45
117 154
124 253
29 114
29 125
51 151
152 196
33 49
175 276
37 93
171 186
179 236
10 20
223 262
37 215
56 119
77 94
123 162
111 188
10 12
115 246
23 230
39 40
12 34
215 284
76 81
118 132
43 73
55 150
246 280
146 217
20 178
104 244
32 46
119 260
38 80
107 290
18 119
184 218
215 230
58 64
93 106
180 183
37 114
106 139
36 132
111 189
164 216
17 140
3 111
251 260
100 113
204 290
49 141
27 180
201 231
12 133
80 288
35 147
29 52
201 218
67 122
130 276
16 228
215 231
200 247
7 117
186 285
128 299
80 99
100 216
144 147
30 47
26 244
48 283
151 284
117 211
59 103
160 225
59 223
57 130
148 211
218 266
167 250
78 274
105 286
11 185
124 146
181 236
82 254
33 124
13 223
180 260
243 249
69 70
223 244
2 6
182 283
215 232
241 288
148 236
167 237
47 54
234 276
129 185
12 87
6 65
36 72
130 137
199 244
25 245
248 282
266 268
10 204
37 276
13 115
127 236
147 211
188 274
15 112
248 271
48 247
2 109
219 259
214 289
182 211
63 131
8 65
251 275
1 5
77 119
157 244
88 242
116 162
150 206
87 131
5 231
197 258
88 219
107 177
148 152
127 176
264 274
1 119
147 150
3 157
182 226
166 298
90 211
113 222
179 185
130 269
76 93
124 300
78 148
184 234
35 73
102 160
248 261
8 246
48 90
69 155
163 269
12 283
180 231
196 276
89 291
59 76
136 159
133 251
52 130
201 299
51 236
184 204
215 264
40 66
165 209
219 275
45 144
135 225
189 213
128 186
174 249
127 250
208 243
186 286
151 162
8 175
126 215
129 148
207 298
224 267
151 278
42 116
260 293
65 236
174 192
29 147
17 130
58 152
201 295
113 201
17 158
263 278
27 117
148 209
69 144
16 266
65 151
7 14
12 247
132 156
239 249
31 124
94 289
81 146
201 234
258 287
30 154
153 155
139 296
55 162
82 137
28 56
59 123
195 274
164 215
262 290
101 118
137 154
28 143
138 155
224 259
201 284
7 81
93 200
219 262
29 174
68 108
53 75
64 229
14 295
188 236
221 242
173 298
30 57
235 247
5 256
190 247
13 172
69 123
222 224
197 215
149 152
33 58
11 95
115 201
129 205
28 130
180 228
195 215
149 196
214 228
64 243
124 149
9 196
11 227
80 101
117 146
209 274
111 134
81 117
180 256
160 205
95 225
256 270
103 200
121 260
82 94
190 288
198 221
89 262
123 124
160 283
237 239
44 132
89 117
102 204
263 274
18 47
83 196
144 186
47 151
273 298
176 219
217 272
170 246
173 179
130 152
71 154
154 246
77 90
56 204
140 144
118 238
163 251
8 20
85 112
91 122
174 203
8 216
15 33
9 210
15 160
169 258
29 117
139 174
197 221
87 250
94 194
198 290
212 270
115 280
69 128
32 123
219 278
165 298
138 141
147 189
67 72
47 130
15 68
105 121
12 232
35 133
221 265
13 212
242 258
138 269
29 142
97 271
44 69
7 11
123 236
5 182
114 124
181 243
191 251
76 92
146 176
99 134
194 258
161 204
221 244
10 84
215 249
262 263
148 243
165 203
28 58
135 206
192 290
18 77
41 64
160 280
172 262
119 232
10 17
9 59
159 243
106 260
155 291
204 272
109 122
68 262
233 289
12 286
87 115
193 269
185 239
194 290
153 167
95 173
181 221
231 264
45 147
63 129
167 211
233 264
30 149
98 222
191 243
183 270
243 265
168 243
57 152
248 288
78 93
99 204
179 233
15 253
147 152
76 185
102 132
136 292
105 124
31 32
8 113
267 299
89 122
108 202
51 189
209 281
132 142
23 234
238 299
55 152
2 74
76 287
14 269
268 274
15 256
34 147
187 286
189 273
25 241
83 108
237 238
17 185
166 251
57 102
90 174
146 300
259 288
49 152
228 276
45 63
69 146
9 101
87 245
229 274
191 250
233 263
83 132
91 278
177 200
45 135
184 252
209 211
82 100
117 134
134 137
224 232
3 244
200 264
178 233
16 270
103 257
13 120
26 254
93 189
32 103
76 260
45 148
209 226
111 160
137 150
192 201
84 101
69 151
230 269
185 251
6 201
170 249
77 82
42 152
102 269
11 274
11 83
242 243
7 19
168 250
30 68
182 213
127 184
57 272
162 196
183 250
156 157
144 209
185 220
55 146
121 161
25 140
11 243
173 261
129 186
124 269
200 246
46 145
30 75
115 223
79 100
129 137
51 174
31 156
102 131
85 258
269 277
61 174
85 90
106 114
207 266
184 191
81 97
14 20
28 39
65 297
12 89
18 27
168 214
211 295
181 250
138 143
140 243
104 113
85 153
195 200
8 117
145 148
224 288
42 135
199 295
55 123
17 196
58 253
233 279
56 186
79 162
155 209
118 125
247 280
136 138
106 262
21 109
58 130
210 233
34 76
185 271
199 274
10 16
94 235
100 244
193 194
180 200
67 233
92 99
17 24
258 274
15 257
121 160
250 278
202 288
194 276
18 107
50 141
116 150
201 254
251 287
90 109
167 223
51 145
28 244
138 150
110 295
76 241
193 211
97 115
220 237
29 123
81 131
19 294
31 37
281 291
58 135
40 296
236 267
189 197
51 243
17 161
173 190
105 258
185 216
119 266
42 49
19 173
230 246
25 295
65 71
3 59
47 103
43 158
75 146
86 173
8 279
70 209
214 245
195 298
39 156
189 191
169 222
133 153
130 214
83 91
229 258
137 222
162 211
91 111
185 265
16 212
211 225
152 217
6 100
154 236
7 8
32 71
224 283
128 152
146 199
28 141
102 152
147 233
38 48
189 252
99 291
132 137
183 215
199 240
173 220
200 236
263 283
213 272
36 62
93 300
79 185
130 224
207 222
15 295
78 262
95 240
27 276
80 131
227 249
253 270
47 158
11 108
2 15
77 248
176 200
236 270
40 146
52 53
131 264
227 266
202 224
75 152
189 277
2 175
194 272
79 252
71 127
246 289
235 251
264 298
130 151
18 175
114 214
233 235
117 158
1 289
107 114
15 17
97 291
33 133
121 154
2 193
65 174
7 57
182 245
186 282
222 249
48 273
22 256
218 274
44 82
243 269
175 288
20 244
147 175
210 223
239 251
209 241
94 193
87 290
162 251
63 95
51 116
48 156
109 133
111 273
128 217
173 267
15 153
239 274
173 286
174 200
199 263
36 76
185 240
109 137
79 237
111 233
40 196
166 266
76 289
89 102
186 252
6 284
236 290
111 116
44 217
45 139
102 163
37 90
223 285
131 135
196 224
205 248
74 160
3 6
46 127
59 164
230 272
38 39
236 275
20 21
216 227
80 276
94 185
226 258
47 142
169 174
78 133
135 155
68 186
130 157
145 184
1 203
199 290
113 154
58 235
209 279
76 203
7 241
64 135
107 298
191 269
218 243
105 111
62 161
145 260
181 276
202 263
92 124
41 162
231 298
117 222
216 236
38 43
90 244
223 271
176 262
189 204
104 196
178 243
208 224
208 274
233 267
107 273
203 270
178 237
8 241
182 209
195 223
20 78
49 143
81 90
19 285
71 114
228 246
184 272
40 139
258 271
87 186
7 62
142 206
236 262
67 114
107 209
61 278
49 135
8 285
15 87
59 66
25 59
124 147
128 137
155 299
26 119
82 248
200 256
18 148
217 219
237 260
247 255
98 114
111 260
80 89
243 267
32 236
199 270
106 138
28 142
130 131
82 203
7 25
170 276
15 236
234 291
33 72
237 290
124 125
94 286
37 105
36 156
222 230
18 253
11 267
209 268
7 119
209 214
130 299
236 240
132 217
40 148
199 200
76 150
134 179
115 160
131 143
59 157
128 276
181 200
51 155
31 40
12 119
76 257
105 211
16 256
162 202
41 156
202 258
10 284
41 143
94 196
89 131
154 199
126 217
24 273
185 213
205 258
38 87
85 244
148 233
162 279
5 175
170 221
200 203
164 201
174 289
94 100
133 186
76 98
89 256
20 231
19 214
91 263
71 145
175 243
9 277
50 52
106 200
185 260
128 249
165 266
185 194
27 80
177 184
90 93
109 156
13 77
60 116
14 182
237 252
59 122
138 291
70 276
38 123
134 188
82 86
170 200
1 300
37 85
223 235
156 199
75 299
134 193
11 259
216 298
215 261
76 138
164 200
1 182
87 191
31 67
138 161
247 254
147 177
78 273
98 240
116 159
47 283
189 238
150 223
18 130
168 185
233 252
185 275
59 65
118 248
49 126
122 204
247 267
67 148
199 229
220 272
89 288
86 117
196 299
56 114
18 215
280 290
112 118
174 189
87 289
4 102
87 111
210 251
161 206
250 251
25 296
25 214
13 198
161 227
103 126
218 288
14 184
133 137
30 161
7 192
83 104
123 146
202 221
16 231
67 160
184 217
167 182
246 265
160 256
26 293
168 269
269 275
8 21
85 186
121 125
77 223
40 133
249 252
87 192
4 145
152 209
97 133
64 139
84 148
117 173
42 69
75 116
17 263
269 287
186 288
117 192
216 246
67 136
38 128
128 135
52 68
34 127
140 158
247 277
30 52
175 293
38 110
65 161
173 175
18 122
244 249
86 299
185 273
17 189
69 145
181 269
140 153
66 150
10 22
146 156
236 257
100 105
193 293
197 266
49 72
227 269
21 299
262 269
111 186
72 83
176 236
73 189
121 144
46 114
165 246
152 299
122 167
81 109
72 157
197 249
75 135
175 258
2 129
74 80
236 254
161 249
67 146
43 56
120 258
201 208
139 188
130 176
7 254
193 201
60 209
216 257
15 206
175 184
40 71
49 61
135 278
34 209
2 47
201 280
173 218
243 268
76 77
14 68
42 151
185 267
13 222
70 152
125 238
127 147
236 256
252 272
35 122
111 207
63 125
211 213
160 218
224 253
9 296
16 183
198 201
91 281
215 225
135 299
10 285
134 290
216 252
63 102
134 288
105 219
61 75
113 115
201 225
70 153
76 170
80 223
88 292
20 59
154 188
25 192
225 299
144 211
156 270
142 240
243 259
51 62
219 229
113 219
222 284
174 280
202 250
16 255
125 206
246 277
223 239
79 82
270 273
241 262
138 162
162 223
2 118
5 153
110 114
87 100
99 244
55 158
25 106
216 265
210 274
174 300
179 199
293 296
64 224
99 138
213 248
46 60
21 295
200 275
98 266
138 153
175 215
221 245
19 210
16 101
143 222
15 297
199 266
16 160
192 269
45 124
250 289
76 88
51 143
108 276
104 212
169 186
77 106
131 249
76 291
72 81
27 253
94 171
109 270
30 236
177 248
214 253
166 278
99 103
11 178
102 104
168 299
115 209
44 248
150 186
17 21
20 223
36 209
12 190
1 25
17 124
153 236
71 260
18 225
11 218
156 292
222 251
114 119
262 270
148 217
26 105
33 74
136 300
13 38
8 243
13 83
76 275
113 131
266 273
199 202
75 151
200 242
167 247
90 173
27 121
39 42
212 250
158 240
97 289
59 137
118 209
257 264
35 68
8 91
173 258
123 154
17 216
114 123
34 102
118 278
148 201
166 186
16 215
67 189
146 186
7 22
89 269
130 145
29 48
72 162
57 67
37 63
260 262
235 292
109 148
57 64
153 156
77 244
266 283
16 176
8 202
196 274
225 270
122 251
129 299
76 209
9 193
8 76
148 241
46 129
270 275
146 269
54 72
18 59
89 173
101 274
3 245
12 298
43 272
110 270
26 260
182 231
30 117
217 270
170 251
256 299
18 275
93 111
221 289
203 288
32 296
172 249
88 106
52 161
68 267
38 95
201 255
94 248
59 116
46 128
201 206
227 246
83 174
69 71
23 261
34 159
256 263
98 295
223 260
84 291
2 23
4 130
62 67
154 179
222 233
15 248
63 140
81 137
110 173
18 25
43 144
186 238
233 272
216 238
173 281
7 251
129 190
165 248
121 136
162 222
98 289
123 299
235 272
12 267
164 288
210 258
52 65
28 46
120 299
62 94
186 289
84 240
141 240
119 209
7 214
2 26
64 72
86 240
101 248
8 192
116 296
46 141
152 160
189 192
249 270
115 116
92 257
177 278
186 195
140 148
167 185
4 247
11 210
172 219
16 196
34 104
213 215
100 259
101 250
45 278
54 58
7 235
95 248
142 154
73 116
86 258
2 17
205 221
132 202
256 288
37 130
16 253
222 262
78 207
87 117
38 56
146 202
212 215
255 288
226 274
47 61
23 247
215 280
24 124
85 113
26 241
66 147
194 247
79 133
90 114
216 276
263 288
17 186
212 246
135 209
34 278
296 298
108 119
42 155
94 280
60 135
117 236
81 116
76 188
182 188
229 250
165 236
131 156
177 201
30 71
76 103
15 292
18 260
118 217
223 241
33 83
131 150
59 125
212 223
185 195
153 233
27 244
13 166
123 140
8 251
184 196
139 246
50 74
171 215
105 250
23 283
182 255
212 262
56 64
64 84
7 182
122 274
185 289
181 270
25 61
90 91
93 237
200 223
204 223
21 198
101 184
221 241
173 216
2 201
93 243
64 137
34 49
61 209
204 247
254 272
60 123
89 115
117 147
173 271
163 185
11 251
291 299
12 21
40 41
18 72
221 285
151 170
86 201
3 119
196 211
172 264
107 247
76 299
154 158
119 217
18 105
121 244
204 216
175 264
35 158
184 255
231 288
37 58
238 266
188 200
84 209
89 91
95 291
89 298
164 182
124 174
48 107
20 87
78 79
18 280
224 256
199 254
148 283
83 217
40 72
82 114
8 269
146 205
218 251
230 248
199 220
38 125
125 142
148 210
81 107
78 115
35 151
67 134
76 86
160 192
103 106
200 245
18 223
56 267
98 276
36 127
21 91
222 270
178 294
48 149
45 69
156 237
168 173
176 184
2 16
201 236
196 248
231 248
173 209
5 123
32 75
168 258
41 51
243 290
44 139
131 151
184 261
198 278
172 214
32 68
141 152
170 173
1 279
176 201
37 222
91 192
44 45
52 59
130 185
45 68
201 257
173 225
221 260
211 215
10 233
198 247
62 134
64 133
151 189
158 161
88 266
131 190
89 118
119 221
30 103
11 26
162 168
144 190
89 209
7 201
35 223
191 258
187 189
215 271
114 129
3 79
178 251
134 256
166 236
37 69
132 236
173 251
100 233
147 157
174 210
241 250
202 262
43 148
163 182
164 251
266 275
223 254
121 256
246 259
117 240
13 277
17 33
98 200
180 253
90 102
127 151
56 103
160 211
31 296
163 262
153 159
94 287
131 149
50 152
128 147
114 202
248 256
86 156
69 156
116 222
123 125
143 238
202 246
39 45
47 135
90 150
61 76
3 182
175 185
197 288
36 54
257 258
40 52
25 293
173 264
166 258
69 136
99 117
122 293
57 300
177 262
128 214
250 256
56 228
5 209
10 14
46 126
294 299
266 285
185 238
144 160
5 300
28 162
111 175
99 180
128 148
7 258
106 158
199 299
270 284
222 273
151 251
49 148
146 251
47 113
109 131
5 65
98 214
12 242
94 225
249 285
85 246
9 13
82 300
183 184
200 279
2 268
128 156
276 277
242 250
62 293
199 241
95 201
213 262
237 282
157 267
7 289
135 250
7 290
178 276
156 158
15 61
180 252
16 105
178 216
169 250
79 126
140 240
41 122
96 133
217 251
39 295
30 123
45 52
76 274
11 198
198 217
99 121
38 219
45 95
150 151
81 133
113 289
153 185
34 138
114 134
249 271
173 227
148 278
117 289
73 244
196 215
128 153
279 299
73 117
35 272
145 151
184 256
77 295
119 170
70 114
108 150
22 177
22 179
221 277
59 142
172 200
46 144
223 251
7 164
211 249
59 213
171 262
67 158
3 204
85 121
28 295
42 146
243 274
209 244
13 168
35 82
48 155
18 202
140 222
200 268
113 178
40 58
11 61
145 146
203 233
204 248
21 243
130 186
210 266
22 223
40 44
56 68
52 148
79 156
13 249
31 102
63 269
181 209
156 159
173 257
270 278
224 280
164 272
283 295
242 270
16 279
186 215
20 248
4 11
249 286
82 131
16 121
93 271
79 106
138 149
204 276
32 57
143 296
123 161
82 155
169 251
250 287
73 160
178 272
16 272
254 290
57 161
84 276
7 103
14 253
219 254
86 266
114 120
23 238
146 222
203 219
105 174
182 284
257 274
259 266
293 295
96 156
130 296
114 178
92 185
248 287
42 129
50 62
156 216
210 262
51 72
6 285
56 94
170 278
147 222
7 20
161 238
219 256
77 112
36 135
170 209
185 230
100 249
186 232
20 158
17 103
164 278
169 219
63 161
208 290
78 108
145 153
204 221
185 215
137 157
43 147
62 300
149 176
8 268
20 166
18 296
186 234
42 56
8 294
166 216
135 186
169 246
235 249
258 269
196 249
195 224
81 159
8 199
94 198
13 104
230 240
103 153
92 222
195 272
13 195
215 252
199 224
18 147
102 185
229 236
218 246
112 180
196 266
74 114
99 160
18 182
70 148
122 156
19 180
5 59
148 240
44 147
269 286
229 246
218 236
42 161
15 113
47 272
189 224
5 10
128 211
28 40
18 104
6 182
10 21
1 100
13 189
61 148
190 246
22 210
203 224
7 280
191 199
19 101
29 137
223 266
235 246
190 269
135 240
169 249
51 158
139 250
208 270
62 83
21 110
124 217
81 122
215 286
22 173
205 247
238 248
111 222
9 280
215 237
161 300
188 249
36 215
38 120
99 237
172 236
4 13
174 237
9 276
56 155
83 130
174 219
211 269
55 58
94 114
15 267
245 266
105 221
15 63
18 34
8 283
264 272
120 200
25 170
205 215
219 253
32 47
50 73
40 294
30 115
164 224
272 280
49 144
64 148
85 87
53 62
78 100
245 249
94 183
196 270
34 103
124 270
69 143
185 279
216 224
130 279
21 277
133 206
250 279
106 151
219 244
237 240
257 299
165 237
89 107
11 191
66 149
29 39
119 247
17 123
175 216
168 276
107 217
11 107
64 67
181 211
18 210
121 146
27 106
101 193
109 112
84 111
236 279
8 247
36 49
297 298
11 96
63 76
129 206
145 152
101 108
52 67
209 284
58 122
283 290
163 243
84 256
237 261
56 283
216 281
169 216
261 272
30 139
174 227
160 268
16 223
198 233
3 296
13 204
186 216
55 80
33 132
85 219
113 208
175 182
185 207
50 129
209 232
14 112
148 286
221 239
7 212
178 185
18 95
45 46
172 274
72 141
21 166
187 270
36 278
181 248
223 281
65 292
2 95
215 235
161 283
76 283
52 144
91 265
1 163
193 215
109 217
293 298
260 299
173 252
256 276
124 158
224 269
60 276
237 249
123 137
170 233
50 217
182 287
51 209
207 269
55 114
30 296
200 209
118 240
42 133
66 103
27 291
51 57
115 254
160 244
78 260
164 211
107 221
52 83
37 50
99 246
3 81
6 17
16 191
193 274
166 200
125 224
96 222
85 102
229 251
152 211
194 249
166 211
121 195
214 217
201 242
126 156
98 235
40 152
38 64
185 243
85 249
89 278
234 270
83 178
99 223
100 186
187 249
51 137
197 248
8 88
128 269
211 222
236 282
63 145
8 208
89 177
6 153
108 266
25 221
258 273
173 228
134 195
21 274
41 129
76 267
229 243
34 152
34 54
118 200
162 240
25 112
161 199
58 68
157 176
103 148
174 235
25 49
172 233
158 159
173 230
45 151
226 236
106 276
2 300
85 159
176 222
157 194
141 217
18 79
27 196
21 222
45 236
27 124
178 290
272 276
116 157
202 216
90 188
42 145
231 276
179 270
90 96
130 139
50 71
185 252
14 198
8 263
99 239
213 269
183 233
210 216
165 247
91 102
35 72
10 194
90 216
121 123
122 142
49 146
11 286
232 290
264 270
79 99
31 38
104 217
191 274
7 225
210 276
13 97
75 115
51 115
68 92
3 110
248 277
62 152
245 270
89 211
250 258
133 217
16 241
221 259
76 245
17 144
80 270
18 196
42 50
181 272
99 269
49 129
101 188
30 114
89 96
8 93
93 238
115 261
221 286
184 232
142 155
70 130
181 274
98 237
51 278
278 295
178 246
213 249
79 240
209 216
33 123
165 188
102 276
207 246
31 61
3 211
26 67
176 296
223 261
276 291
198 298
15 190
153 202
213 266
99 216
163 276
24 223
199 267
200 206
28 51
8 244
160 183
281 297
144 217
21 38
186 201
76 276
95 256
38 155
234 247
140 299
224 277
89 223
90 132
124 161
187 231
86 114
209 257
160 257
78 80
50 222
129 131
214 275
251 282
107 270
98 111
43 159
49 295
102 169
266 277
101 119
22 87
224 249
26 97
31 126
62 146
65 82
174 271
56 82
106 179
76 153
28 137
120 251
90 231
235 270
91 291
199 271
109 248
31 54
93 113
82 109
47 156
175 250
19 65
201 248
266 269
194 269
13 261
12 175
154 175
269 292
79 262
19 185
8 168
87 160
292 296
16 116
189 222
40 57
86 113
83 107
193 199
20 83
130 295
107 156
59 261
213 270
82 198
71 160
115 262
206 243
9 254
32 52
276 284
41 62
246 282
16 209
253 262
44 106
21 23
76 238
211 221
192 276
168 178
212 224
154 229
4 193
211 217
172 243
94 195
15 48
131 167
123 160
172 237
202 251
7 40
99 152
48 64
115 122
50 142
125 156
111 133
122 185
93 154
1 230
69 124
41 71
171 272
197 246
12 161
76 102
237 274
147 173
96 115
44 123
7 253
96 101
95 269
1 102
66 134
238 243
89 105
77 201
89 188
135 145
42 148
126 240
245 258
24 229
103 237
238 298
96 117
87 89
106 286
214 238
244 247
59 121
8 86
106 222
95 219
258 264
25 285
194 278
73 140
244 246
18 237
91 248
48 79
197 278
259 290
174 186
127 215
99 135
59 182
138 217
13 145
153 190
63 103
198 299
203 274
102 111
267 297
247 271
182 275
89 138
1 276
279 300
34 215
257 294
9 18
113 142
64 127
132 168
134 156
197 247
60 82
102 118
223 273
184 229
94 264
119 215
12 180
113 278
16 204
266 267
129 227
27 88
223 240
172 185
244 262
36 147
13 262
173 234
211 247
98 100
163 214
130 204
19 106
92 295
195 247
256 262
153 174
49 71
31 55
212 288
99 276
60 139
33 158
210 221
180 190
146 227
140 224
276 290
78 118
32 152
16 147
31 45
72 143
119 233
264 268
92 111
20 214
49 136
205 250
82 285
223 226
195 258
133 146
206 250
133 279
259 270
171 258
78 177
11 175
27 295
152 167
161 251
3 267
35 55
58 138
223 287
167 251
221 257
4 25
50 111
173 284
163 250
91 226
8 203
241 270
160 300
169 288
93 266
216 282
94 277
17 37
47 67
147 151
188 250
94 232
2 166
70 72
243 275
24 74
42 124
106 175
91 130
96 119
25 286
25 34
200 218
67 151
37 74
132 135
28 262
136 153
116 152
27 214
102 109
42 156
13 22
18 276
61 72
88 244
62 121
236 271
215 285
180 251
21 104
40 151
8 95
179 184
256 284
231 246
29 38
43 276
269 297
102 213
258 263
9 61
69 141
185 197
203 236
108 225
5 173
46 54
107 293
13 119
33 278
177 249
51 113
79 280
170 184
7 104
99 118
116 135
8 13
87 244
238 288
147 293
183 209
45 47
75 159
240 276
11 199
104 248
169 236
107 201
156 162
93 119
24 195
199 242
107 299
180 281
13 116
185 188
146 160
260 270
96 263
219 223
48 122
10 18
51 69
183 262
37 57
253 274
130 169
124 181
142 150
76 278
76 175
87 204
21 181
108 212
227 276
254 269
11 226
97 122
27 249
29 130
42 162
95 209
180 193
173 232
103 281
182 280
19 20
125 137
248 281
201 268
58 272
29 215
83 209
55 126
14 234
49 151
7 44
249 251
74 161
177 219
12 238
8 209
94 268
27 168
5 295
76 139
100 154
48 49
89 286
123 227
77 174
5 134
4 114
11 283
2 153
188 246
17 42
125 276
214 284
12 219
185 298
48 55
7 198
118 137
98 117
270 295
24 207
4 177
108 262
86 217
188 237
38 137
200 233
178 189
199 226
67 180
117 144
162 238
57 156
188 243
202 297
201 203
117 124
16 289
258 286
163 237
94 178
219 287
56 223
17 34
199 265
160 199
177 189
40 50
221 255
185 217
132 283
205 237
276 282
234 249
39 146
126 184
11 247
159 195
117 216
219 265
78 95
236 244
97 111
218 249
173 206
30 80
159 199
54 119
176 186
227 248
141 296
148 199
34 75
47 68
213 251
87 222
199 283
185 237
116 240
65 138
139 152
65 243
186 253
77 266
198 297
10 276
181 199
109 288
24 261
186 241
10 196
170 274
122 235
219 274
209 273
252 290
160 273
119 239
186 236
12 249
251 280
233 276
211 248
40 114
99 137
182 260
102 282
22 175
91 283
11 68
187 248
94 109
166 224
133 269
51 127
83 109
19 223
8 245
24 267
117 159
135 205
214 295
238 295
29 158
102 214
228 236
267 295
67 260
20 259
135 297
148 168
182 278
232 269
1 178
19 87
204 269
247 258
189 254
248 257
254 270
7 279
217 237
86 188
10 54
127 177
196 298
173 283
148 170
201 228
41 127
35 148
129 291
43 47
153 260
51 66
258 278
130 149
165 199
28 52
100 274
40 68
140 152
272 273
117 199
241 251
46 134
219 242
1 233
17 299
18 109
63 155
28 145
122 300
146 159
182 212
46 102
96 216
124 160
60 147
211 254
27 247
31 148
215 268
184 190
84 119
11 208
165 189
52 299
115 263
73 299
179 266
59 244
81 89
83 119
98 203
119 156
188 272
33 211
102 298
199 215
103 124
264 266
180 207
186 260
101 189
17 295
86 211
176 211
214 239
37 46
96 223
42 44
174 228
192 248
215 218
10 267
27 90
164 247
49 272
40 211
69 74
25 56
16 178
261 278
183 258
119 238
11 254
226 269
42 128
175 237
1 110
201 253
207 248
15 132
175 299
160 259
184 220
221 237
64 142
48 50
58 158
247 261
100 276
224 270
135 189
243 262
232 249
38 270
88 294
224 286
199 208
179 288
8 286
253 266
100 118
215 234
40 53
16 245
81 100
134 246
13 26
33 138
28 34
3 249
40 67
102 196
142 236
46 293
137 139
86 248
95 258
106 233
87 251
178 200
189 251
70 144
9 112
174 181
61 243
199 261
102 157
195 266
80 117
72 116
129 147
67 157
133 209
190 248
41 132
13 193
26 191
94 285
120 160
267 276
81 152
5 260
104 122
107 266
238 269
181 300
92 106
199 255
24 192
82 240
123 158
243 252
38 52
11 182
182 217
59 138
30 31
249 281
41 57
101 174
94 187
33 208
18 156
43 63
140 269
218 258
223 272
252 276
154 256
204 215
148 251
135 293
182 273
243 244
223 237
48 141
83 115
42 46
81 95
51 53
251 289
152 213
164 262
215 277
115 137
11 194
143 152
3 18
64 296
112 148
168 189
199 249
10 250
51 67
228 233
196 272
17 137
107 231
119 206
33 156
136 251
130 134
26 203
212 290
263 266
60 76
165 269
193 278
263 292
13 271
11 225
67 73
189 287
94 210
36 56
153 160
103 262
117 248
43 74
194 250
48 133
6 13
103 117
266 299
29 57
184 285
73 150
17 269
242 248
35 52
248 278
237 265
191 272
206 288
43 142
1 212
39 53
42 278
201 276
189 262
203 266
191 219
114 147
140 276
12 165
145 188
211 241
168 219
85 101
214 270
76 249
40 73
148 150
170 237
112 174
208 223
224 229
20 23
199 262
198 284
287 290
95 202
249 283
238 260
124 291
164 249
21 291
3 185
269 291
161 186
50 65
21 286
211 262
247 275
28 66
161 294
96 102
142 190
18 76
251 269
235 278
213 224
25 37
99 169
87 257
208 215
25 68
186 222
196 221
13 248
227 290
196 251
131 163
175 224
45 211
149 276
108 291
250 266
227 300
121 194
8 238
262 273
63 160
73 192
119 201
3 86
15 262
20 93
199 281
236 245
38 58
59 62
9 198
201 269
17 40
249 255
272 278
154 249
15 228
11 262
1 14
18 198
43 224
137 161
58 61
89 174
177 298
64 98
30 116
18 24
170 185
23 106
40 174
211 252
93 244
46 150
184 299
117 243
74 81
18 118
15 114
16 199
248 284
45 114
209 239
119 273
34 106
59 186
87 246
91 142
37 109
119 189
174 253
80 100
37 211
117 123
45 223
148 191
3 112
42 82
31 36
45 125
29 41
219 257
194 243
94 108
53 65
46 136
20 148
7 243
268 276
147 182
16 112
46 143
17 114
1 273
13 221
60 66
23 298
114 157
99 174
138 236
169 276
143 240
69 160
237 272
77 100
115 247
135 140
151 240
131 166
86 288
64 117
40 238
41 158
109 196
105 153
163 278
74 82
212 249
26 198
130 138
193 216
193 230
103 171
237 279
274 288
22 261
149 222
207 274
177 236
148 223
176 266
143 291
4 134
12 166
79 138
135 153
251 290
183 247
159 223
95 156
236 261
211 280
61 69
167 290
99 202
67 246
288 299
99 154
108 271
171 185
146 236
223 230
40 145
29 49
220 288
90 105
117 217
56 295
3 35
191 223
148 285
31 65
215 250
223 265
11 120
160 279
212 214
241 272
62 235
5 20
64 69
91 94
122 123
15 18
171 295
111 182
160 238
34 63
76 192
154 186
182 242
238 276
85 99
31 162
79 160
10 201
173 240
68 115
66 116
79 224
148 269
6 12
65 87
224 282
23 200
23 204
15 159
169 248
84 300
134 142
2 216
16 225
68 76
213 237
18 135
70 137
80 201
105 200
73 200
82 128
256 269
126 147
48 123
9 194
199 201
30 46
65 131
177 288
27 34
221 240
34 296
274 282
64 126
15 147
89 244
28 75
254 299
233 271
192 214
38 71
48 81
65 67
40 59
43 299
16 280
42 75
130 215
8 231
42 276
3 284
38 288
176 251
122 153
56 148
160 178
183 221
47 81
1 40
87 154
165 262
45 296
5 61
10 181
25 184
92 200
33 59
80 174
13 90
11 223
34 148
216 290
1 295
95 151
223 264
94 273
100 117
27 95
132 158
131 292
54 61
219 238
78 180
87 259
184 275
194 209
82 90
127 224
39 81
237 287
103 199
272 277
137 149
201 209
91 173
13 247
47 225
45 59
184 268
72 147
18 191
79 288
140 223
76 125
82 121
244 276
99 157
37 137
205 290
114 139
35 114
279 290
136 223
104 185
168 272
30 224
81 118
212 247
211 223
29 132
160 228
96 130
163 270
29 146
57 151
76 214
215 246
133 144
18 159
95 267
38 68
6 300
89 178
23 246
90 141
200 231
94 239
38 299
152 282
127 298
124 227
266 274
167 243
81 174
48 229
13 283
220 224
171 189
125 243
204 209
17 200
96 114
64 288
7 222
64 208
178 219
167 274
201 250
184 223
182 257
7 168
194 262
93 101
40 298
164 270
251 281
15 54
176 182
20 144
236 265
8 188
148 279
141 276
98 148
18 266
146 206
70 299
103 249
24 293
39 54
116 119
248 283
30 58
93 117
8 94
211 259
31 59
99 240
19 208
40 46
99 131
70 91
67 106
115 214
121 133
208 288
196 247
182 252
185 191
2 269
165 270
237 267
78 109
215 222
197 224
227 259
91 134
32 73
275 290
111 286
258 282
144 153
263 294
182 220
98 106
110 290
9 244
139 147
96 163
224 245
171 216
76 200
40 161
25 210
16 262
63 149
67 123
3 10
253 278
36 124
106 195
3 292
65 73
233 285
130 249
125 153
79 113
140 217
286 288
237 256
123 126
57 137
109 235
102 164
224 254
237 246
245 272
105 189
145 236
248 258
85 211
239 248
161 264
56 189
249 284
225 248
126 223
116 148
115 151
103 172
173 207
120 133
150 215
153 184
121 149
3 120
18 61
228 243
37 148
135 141
187 269
169 199
70 236
113 196
99 274
91 261
55 142
167 186
261 298
215 216
67 290
167 246
214 251
150 296
15 290
55 75
5 188
32 56
209 233
6 101
167 272
237 241
266 286
42 47
257 269
115 132
172 199
111 139
138 159
173 245
209 238
34 69
24 175
198 215
281 299
90 207
235 288
36 68
55 56
14 211
201 281
243 285
223 234
13 280
117 224
199 206
38 117
115 219
35 67
191 236
18 143
32 62
119 253
224 261
247 270
228 264
107 124
176 290
124 157
89 93
270 280
98 130
193 243
137 278
46 116
27 285
76 172
77 258
294 298
83 271
248 263
134 190
95 99
133 205
173 266
121 151
9 228
131 141
1 271
8 196
187 224
3 78
225 276
243 271
2 189
90 117
209 272
178 223
34 158
178 248
42 209
114 117
195 243
36 50
84 172
87 284
1 176
69 152
18 62
6 22
94 110
185 241
123 136
15 298
115 256
114 127
188 219
16 198
82 127
231 236
52 103
243 289
137 160
3 102
184 279
91 100
88 102
20 76
131 252
110 288
182 268
88 200
11 213
63 134
13 299
76 271
27 112
281 288
93 100
191 200
115 188
32 76
171 251
115 131
126 278
20 291
152 222
80 258
11 193
32 150
205 272
24 291
89 156
23 115
11 280
120 271
180 238
111 177
11 229
115 194
202 272
146 295
82 91
209 275
28 126
68 71
89 229
199 288
72 272
7 115
102 291
179 258
188 266
248 270
16 257
103 270
94 95
209 251
108 113
7 23
50 126
173 187
91 272
219 299
129 295
163 266
145 240
147 186
92 178
13 16
40 62
71 139
76 78
1 193
206 266
139 148
250 270
211 229
239 258
54 56
123 256
121 150
12 72
237 295
113 237
90 147
24 170
91 156
119 220
30 41
158 299
184 226
108 295
253 288
4 10
35 295
234 237
122 297
95 122
62 64
240 258
95 101
235 298
31 35
168 236
165 258
86 241
91 300
18 96
22 298
169 274
11 27
34 59
235 243
16 227
201 263
273 290
209 252
65 215
168 295
10 286
224 281
150 243
87 256
130 168
94 111
53 74
90 288
2 27
7 195
15 47
226 270
65 154
99 102
149 190
126 151
1 88
211 251
64 215
263 293
18 138
68 100
12 129
90 94
221 254
143 227
192 262
154 209
211 271
34 194
89 146
179 182
78 103
94 258
244 251
173 280
213 247
224 274
112 116
19 233
46 65
185 196
161 215
186 194
187 288
124 201
200 227
29 144
189 220
32 53
45 127
21 193
29 74
293 299
54 62
119 262
112 229
251 271
8 237
180 236
183 299
88 291
109 124
245 251
268 290
120 291
60 148
130 227
268 288
181 251
76 110
189 289
211 289
244 266
166 185
5 248
87 174
200 290
122 135
155 223
149 299
20 113
11 189
83 86
258 268
119 287
72 124
211 264
101 104
135 217
238 258
96 99
248 251
67 75
174 261
94 271
109 258
7 264
78 195
65 135
20 138
106 273
121 140
98 133
189 190
201 210
8 183
104 117
50 150
3 80
206 236
1 106
91 237
251 276
286 298
38 222
205 209
63 82
186 207
51 135
99 283
102 186
100 267
38 51
190 199
239 294
240 248
86 101
216 285
189 211
103 240
17 255
81 93
163 199
13 185
50 136
28 61
133 138
99 146
201 286
221 230
116 146
7 27
50 143
185 205
18 56
236 238
76 258
30 278
99 122
98 102
250 277
242 276
11 214
76 123
67 149
35 71
94 168
61 146
20 296
37 125
167 236
17 294
57 235
86 295
153 180
174 241
189 255
161 205
105 114
47 53
173 263
11 202
58 180
229 272
28 160
248 266
81 84
189 203
223 259
172 189
122 213
15 65
89 202
192 209
47 70
16 87
216 267
131 147
247 284
262 287
76 273
187 251
191 224
294 295
17 27
13 254
195 269
223 277
129 202
20 25
66 157
224 258
180 266
88 130
112 269
102 117
15 37
140 278
148 206
2 137
164 189
91 112
57 69
199 205
132 185
228 258
124 194
25 196
11 177
7 234
173 199
242 269
186 244
145 156
49 157
172 251
202 237
246 278
192 272
206 274
79 218
162 275
180 216
265 276
130 209
105 290
13 196
12 101
185 232
34 68
33 243
45 55
25 223
168 291
251 253
43 127
182 206
59 196
182 256
6 27
224 231
56 67
175 200
209 240
26 80
195 236
30 50
76 168
93 272
10 100
144 150
155 198
43 71
245 276
211 253
135 222
153 176
82 89
37 56
174 208
66 69
89 114
15 84
252 258
244 288
34 100
264 269
55 156
54 65
63 295
184 253
21 92
2 92
24 216
211 255
25 277
94 263
41 47
203 267
32 158
3 74
52 142
182 194
83 105
25 204
16 286
128 251
136 144
220 221
12 277
123 150
51 80
52 113
14 233
54 64
44 51
185 202
82 110
142 162
37 161
55 79
7 80
137 217
161 297
5 122
76 129
31 69
78 185
180 257
74 300
61 211
2 8
119 276
76 146
34 71
222 247
117 267
90 177
216 277
195 288
93 259
200 224
148 194
243 256
170 214
71 83
51 52
243 260
10 56
80 113
4 115
139 222
18 201
233 244
76 187
35 235
67 100
215 227
217 238
186 256
272 290
88 133
154 160
113 146
288 289
7 282
118 146
182 192
219 290
161 233
53 61
40 283
269 294
109 113
177 247
101 122
216 284
61 144
229 262
213 216
30 63
189 208
11 165
76 100
262 286
164 269
28 135
83 262
230 247
30 66
153 158
214 226
100 291
237 251
152 227
32 142
133 275
16 208
38 63
182 204
111 117
217 246
61 154
15 122
163 247
181 214
38 66
182 289
211 214
60 296
238 262
158 162
184 215
54 66
264 288
47 122
82 291
165 211
12 241
34 131
135 199
1 87
40 154
20 68
81 101
157 227
1 229
215 267
173 200
214 271
9 209
209 234
76 112
276 279
67 127
24 256
99 148
246 270
27 245
148 174
30 148
139 240
96 174
187 201
124 288
122 137
238 246
37 124
21 288
241 243
35 138
153 161
212 243
178 221
197 298
166 233
5 283
243 253
99 133
113 199
12 74
215 279
139 153
251 278
155 296
1 253
17 46
7 207
6 23
165 184
67 112
132 172
110 201
166 272
274 283
237 271
233 286
29 186
97 270
127 300
130 170
251 283
149 275
240 272
39 152
11 168
128 205
13 111
115 180
195 278
111 262
70 123
27 87
59 149
176 224
86 102
102 130
219 240
93 223
193 288
94 175
261 290
26 269
202 233
108 156
153 278
55 140
269 281
161 174
134 176
66 140
121 143
11 192
186 261
127 156
82 105
52 141
33 215
89 119
200 250
238 249
32 39
200 217
141 147
14 56
3 277
207 215
7 50
3 108
98 209
106 108
11 119
73 123
125 292
5 99
61 73
1 235
133 176
204 251
200 228
60 146
200 202
37 52
77 115
73 126
216 255
166 209
91 123
121 130
35 47
132 211
34 38
20 255
174 185
109 266
8 17
7 163
120 295
250 260
56 213
225 288
157 186
138 140
80 159
274 298
70 135
11 253
3 269
99 279
72 123
91 131
3 21
179 209
7 229
24 231
187 258
43 146
56 146
146 150
34 58
16 210
91 262
144 157
156 209
98 299
97 266
107 262
26 285
70 102
37 62
59 61
163 233
168 270
192 199
16 283
67 70
187 290
76 79
99 262
63 83
165 185
191 270
110 276
89 145
37 112
148 254
13 147
93 159
17 49
276 281
110 222
9 268
71 162
183 189
25 213
129 151
53 57
272 295
172 224
50 116
21 250
45 291
10 241
78 132
160 240
225 266
123 129
200 253
157 185
236 258
215 260
16 291
28 35
28 150
91 275
50 61
24 260
227 243
131 283
13 213
11 299
123 127
95 290
212 278
200 208
123 209
121 135
224 264
171 222
20 173
76 108
79 183
12 106
117 291
197 290
110 112
114 156
52 70
216 226
207 237
174 217
131 205
92 160
18 291
39 269
13 23
4 169
8 56
247 252
37 278
16 222
79 114
84 117
102 108
232 274
22 107
205 249
112 186
208 251
78 85
245 246
1 172
243 254
47 65
152 155
203 243
131 204
244 290
154 278
104 299
73 103
211 299
74 124
146 149
270 285
151 159
189 272
45 103
59 140
296 300
173 198
200 281
37 41
131 154
184 197
40 162
135 156
27 213
154 247
236 299
7 84
85 195
255 290
38 148
124 142
181 290
165 214
67 99
221 224
18 248
175 262
168 248
26 108
78 173
116 276
50 137
220 266
89 149
238 274
82 189
3 82
82 87
117 263
224 234
136 299
210 246
160 214
148 196
160 294
139 215
63 162
109 222
12 196
10 208
29 75
94 261
245 290
30 69
35 127
8 112
147 214
76 130
119 279
184 185
49 52
51 58
76 220
59 74
76 281
224 242
12 223
174 187
15 178
20 75
89 94
131 196
82 133
201 283
53 60
263 297
28 47
11 278
76 143
18 211
68 72
162 206
23 153
151 223
128 199
183 269
134 269
262 267
83 99
142 159
5 13
229 233
168 221
39 83
207 290
30 83
204 278
38 147
40 142
32 127
135 162
250 285
174 272
13 263
30 243
260 276
63 106
200 283
19 21
182 240
48 162
235 262
151 157
6 277
55 138
117 119
237 247
13 78
220 250
19 295
233 253
36 296
6 194
60 117
79 269
223 274
43 114
11 204
63 156
152 295
8 261
118 262
233 255
7 9
50 72
148 175
228 250
18 236
88 226
11 183
16 239
33 130
101 107
147 240
6 21
173 275
75 121
164 219
45 138
20 293
32 49
74 291
173 285
106 130
84 94
4 85
31 137
160 281
224 265
98 223
203 247
179 249
216 274
88 90
228 274
2 292
15 183
129 142
45 54
197 274
95 295
189 284
206 219
89 161
118 119
172 186
61 236
195 219
179 298
98 115
108 117
239 266
166 276
265 274
60 133
47 55
198 237
175 214
62 144
178 269
91 141
92 119
198 243
219 263
33 146
34 41
233 261
27 267
66 141
63 113
214 286
59 127
85 231
129 170
183 237
78 134
4 153
92 113
12 272
42 154
115 203
122 249
177 269
258 277
2 38
6 14
14 221
55 137
102 233
241 276
22 285
70 158
59 134
80 137
4 260
251 299
130 213
176 215
126 138
67 142
26 216
92 219
182 183
76 126
265 270
114 299
38 86
128 146
174 188
130 256
32 137
17 169
173 279
270 279
173 205
13 124
202 243
202 231
134 144
82 159
85 266
200 207
195 249
15 247
105 132
27 161
81 160
164 184
208 266
104 223
176 223
44 60
173 204
198 207
80 106
150 276
195 270
105 283
142 211
95 119
129 199
38 109
7 13
249 272
2 22
49 110
49 51
238 250
122 299
148 183
200 232
220 246
125 240
186 228
234 297
76 180
116 132
134 211
175 236
90 273
199 209
243 266
185 224
2 104
150 222
152 275
67 152
223 258
49 56
13 188
55 155
200 241
197 272
13 96
95 124
2 261
51 149
7 35
144 300
46 147
17 69
151 205
153 154
85 188
5 292
184 202
13 256
1 274
132 297
206 272
34 119
217 221
18 185
97 258
50 56
168 247
218 270
90 148
180 215
74 295
102 105
199 259
269 284
59 72
216 225
137 156
184 200
127 158
20 283
278 300
15 52
2 54
10 11
15 121
32 151
80 291
105 201
129 283
64 136
145 278
78 263
220 222
201 235
101 269
122 294
115 269
258 265
260 269
119 288
121 175
182 215
134 227
268 270
170 223
76 80
184 212
140 156
85 184
47 137
7 256
2 214
55 127
29 209
232 276
164 209
61 68
152 180
173 277
201 229
102 223
43 122
65 294
147 154
146 155
153 283
155 253
78 84
190 216
199 268
55 61
276 289
216 235
21 253
163 223
28 140
20 41
148 213
56 117
56 244
31 142
110 217
91 296
44 68
95 228
39 148
30 72
2 190
254 262
174 290
2 13
239 250
129 152
192 274
97 101
33 62
67 247
74 87
66 129
189 240
113 192
50 134
30 135
34 52
159 293
131 275
129 222
86 192
160 197
13 231
139 288
180 255
218 262
216 220
60 69
11 24
128 295
161 170
102 210
107 133
48 160
91 157
84 133
39 158
49 160
28 37
237 244
236 242
141 142
158 220
235 258
3 72
228 266
7 86
119 299
11 93
17 134
45 215
148 149
4 295
15 202
156 293
241 269
235 290
194 224
197 237
95 244
83 189
99 124
216 268
10 296
102 106
10 27
148 208
150 240
67 130
155 185
123 185
230 236
136 297
225 246
186 287
242 278
184 240
33 56
67 74
186 263
87 247
14 290
152 214
59 235
109 174
223 229
53 73
174 220
246 261
32 95
48 159
180 199
111 195
101 114
116 117
153 296
164 248
233 254
94 133
144 199
36 57
267 269
185 244
126 185
225 262
15 164
228 270
247 264
79 122
26 177
89 92
135 284
112 222
71 90
112 209
69 129
39 142
78 83
130 233
100 247
195 248
175 199
186 273
87 226
7 16
96 244
38 160
122 151
9 286
9 267
115 135
75 130
227 237
61 137
10 189
148 155
181 262
248 279
76 166
249 267
266 289
144 206
165 186
170 180
130 196
235 250
115 148
124 132
198 295
125 211
80 189
70 124
79 216
263 291
47 138
177 221
18 132
38 61
16 254
55 117
111 179
131 158
249 282
118 295
48 175
46 140
211 286
215 251
129 138
83 270
121 157
180 218
112 246
238 300
190 214
25 99
176 199
224 262
243 270
9 284
7 87
251 268
28 63
16 132
199 257
109 263
237 257
40 127
92 94
166 237
198 214
257 272
145 243
20 29
236 296
157 189
153 162
21 108
2 215
7 55
26 84
16 288
146 162
3 180
38 75
15 245
135 194
124 144
246 256
20 216
7 237
210 288
225 250
93 133
38 85
83 150
209 225
227 299
37 123
76 270
109 201
4 296
1 265
182 222
194 288
273 274
17 138
133 204
3 248
10 25
94 206
46 139
17 153
85 288
94 169
78 248
129 156
197 236
216 253
39 122
52 82
40 63
7 246
132 215
21 115
41 144
207 249
153 198
82 116
7 122
46 61
41 124
175 272
13 298
1 10
189 215
16 67
147 149
90 108
76 128
58 295
25 291
153 295
164 236
171 173
238 294
182 198
31 41
89 160
25 70
4 76
7 227
13 203
209 250
154 184
94 197
100 116
249 260
148 280
199 210
228 278
88 112
263 270
8 147
148 264
106 240
16 224
47 114
244 278
133 196
222 243
35 41
223 238
29 161
201 282
7 236
36 174
136 206
161 193
2 197
27 238
21 208
215 289
35 116
104 276
35 215
1 297
2 148
114 217
102 195
67 137
71 155
112 250
19 296
105 175
48 68
217 223
19 250
147 195
172 211
103 217
52 60
87 261
223 286
167 269
104 219
214 241
137 240
59 158
1 286
134 153
64 108
130 202
35 109
123 138
100 160
114 130
284 288
243 273
198 200
131 262
79 263
214 285
240 243
31 49
174 218
141 278
239 276
162 276
99 150
110 160
23 99
122 144
10 72
114 143
230 251
93 130
3 213
87 277
200 212
11 163
214 231
35 49
201 285
103 296
20 34
89 274
101 173
113 212
216 275
181 216
129 158
241 249
7 247
73 231
101 102
102 264
76 240
134 249
85 150
9 259
267 293
211 265
243 287
42 58
64 123
219 261
221 226
246 258
85 156
37 224
55 157
87 164
83 85
212 233
111 132
39 51
216 244
94 97
50 124
10 223
18 219
87 182
223 275
165 249
189 285
32 133
190 215
105 291
70 120
186 211
61 82
63 69
34 189
15 209
14 67
70 142
233 277
214 260
59 114
98 226
108 217
247 256
197 216
236 253
200 239
94 231
173 226
47 269
225 296
124 295
186 226
80 157
279 297
291 296
98 265
117 271
15 56
104 263
109 111
49 138
58 113
54 60
102 261
259 272
98 211
221 262
88 178
212 276
13 103
205 276
249 261
216 295
94 230
80 140
213 221
128 296
216 279
60 137
197 223
129 233
88 160
12 53
82 135
63 122
137 209
227 272
61 189
260 295
118 174
98 271
97 160
7 15
16 206
6 15
240 299
68 70
187 216
17 99
251 264
74 153
32 44
116 137
18 131
122 243
63 65
173 210
7 248
119 138
81 225
259 276
44 155
124 219
219 243
13 244
168 209
185 204
91 166
215 221
200 273
27 102
43 52
98 248
68 75
95 100
51 68
55 151
7 210
196 209
88 237
89 225
51 144
255 272
94 228
36 38
13 245
20 119
160 170
131 162
154 177
33 63
252 299
2 213
99 201
185 226
76 233
14 18
165 215
184 230
190 249
108 263
1 218
49 134
172 258
216 261
145 193
26 117
18 74
74 120
189 198
195 251
105 115
38 144
24 196
127 144
50 117
117 118
65 300
180 224
63 141
60 151
16 201
17 23
96 124
14 173
13 95
247 282
77 128
266 276
69 211
188 223
127 180
71 124
104 115
26 102
241 290
89 276
160 206
40 144
7 177
81 96
102 255
216 231
145 273
27 147
28 60
71 102
130 156
107 249
92 114
17 228
6 18
224 248
82 92
17 55
219 239
93 225
200 277
146 276
141 206
35 124
169 270
163 215
157 295
226 237
79 111
219 226
221 261
135 149
62 159
113 258
214 281
223 233
139 243
121 127
143 156
111 152
152 233
16 251
11 230
185 272
177 272
21 258
151 156
41 134
148 160
53 262
119 120
92 209
249 293
81 82
65 114
139 276
246 263
249 268
209 219
30 77
69 140
130 154
91 276
139 193
249 263
262 289
82 130
94 238
196 243
42 74
207 278
9 246
10 268
152 232
71 159
191 264
170 215
87 209
122 296
201 249
284 290
72 126
38 77
1 9
171 237
187 250
15 21
64 74
68 122
241 298
216 242
34 144
174 178
82 143
211 227
93 102
16 106
22 184
4 18
295 297
147 298
121 155
81 86
41 42
21 285
260 290
226 249
125 196
159 273
78 116
173 276
216 256
282 288
25 90
131 199
65 68
69 142
59 63
12 255
8 258
219 248
37 47
118 133
277 290
130 264
1 6
31 34
88 113
14 267
98 99
65 76
195 246
116 136
188 216
167 184
166 215
100 182
234 236
2 267
184 188
272 279
84 112
10 213
152 260
105 113
102 116
25 247
45 57
38 47
40 236
211 285
189 216
214 259
255 274
116 163
198 300
246 271
54 74
55 57
87 113
1 231
173 259
126 190
108 243
184 278
216 234
126 158
117 120
12 227
15 172
214 254
8 235
169 201
73 253
181 201
295 300
11 233
10 74
122 202
1 17
215 281
237 259
37 127
185 261
226 272
40 138
49 82
228 262
153 224
115 184
123 157
36 236
16 76
18 67
93 156
246 264
36 46
87 210
236 277
109 160
276 288
127 223
41 74
20 73
190 299
216 287
69 158
221 253
40 123
35 154
235 299
30 104
38 138
16 205
129 153
4 67
99 104
113 226
251 256
121 273
221 256
106 140
61 223
142 222
206 278
185 277
202 249
2 158
107 127
225 247
28 124
204 249
116 138
51 296
106 122
108 111
113 235
90 193
80 217
100 221
223 252
60 68
47 64
68 113
185 259
75 138
130 174
51 73
16 276
4 293
179 180
133 190
213 276
77 117
243 272
70 211
13 218
237 243
17 166
295 298
34 135
242 272
186 210
18 268
5 298
121 274
218 233
160 258
18 293
128 206
111 125
108 248
38 107
90 293
37 144
18 26
13 199
222 299
243 279
215 266
47 49
69 147
200 238
91 99
193 209
179 276
130 240
67 150
19 121
15 150
26 261
188 209
152 267
38 92
167 209
103 258
222 263
65 124
63 157
187 243
120 132
33 137
173 239
74 152
168 298
4 288
235 236
234 246
94 113
176 250
206 269
186 259
129 167
5 34
60 67
60 122
5 106
221 231
181 264
76 140
41 48
74 158
251 270
70 223
68 106
184 277
4 132
21 189
15 119
130 190
23 56
285 290
21 25
102 156
17 35
215 255
186 227
2 205
25 155
184 193
15 198
40 103
9 87
182 237
165 200
47 152
22 248
182 243
11 59
117 225
183 185
221 284
13 179
262 265
24 277
108 186
8 79
13 109
19 293
78 110
185 256
6 20
222 288
194 200
10 170
1 171
16 258
166 199
104 290
134 217
26 95
83 97
217 258
92 156
182 193
132 222
59 295
121 145
8 194
82 102
51 59
205 246
90 217
103 201
93 174
192 215
94 245
250 286
59 136
46 68
173 178
241 248
210 214
14 189
87 196
214 262
190 224
83 111
219 271
203 269
137 283
99 130
117 142
8 213
19 184
101 103
122 138
1 191
182 207
69 125
182 239
103 112
75 82
184 238
45 115
207 270
117 152
117 223
182 227
87 166
75 142
228 290
50 146
143 215
116 143
17 122
82 278
99 143
180 205
39 68
78 119
183 199
106 214
230 233
174 175
210 247
260 272
165 216
112 189
45 243
43 151
169 247
194 223
146 215
39 130
60 73
44 61
17 65
250 284
37 59
51 161
16 295
122 131
116 130
220 233
115 140
152 206
202 286
102 166
118 276
147 159
56 60
49 127
7 223
13 226
45 137
38 49
134 152
185 231
209 285
10 253
208 233
267 274
176 246
38 266
105 188
158 190
56 65
70 151
43 81
21 272
207 224
15 34
18 63
9 180
192 233
10 26
188 298
171 199
1 11
9 170
214 227
78 88
76 230
137 155
79 115
20 131
11 231
84 131
4 298
121 248
203 250
85 133
81 94
74 296
182 205
225 293
161 168
245 247
138 176
38 201
153 235
60 62
79 83
111 162
122 233
88 263
135 147
28 146
109 289
25 147
2 133
182 272
256 298
174 225
71 143
9 168
36 73
152 187
11 109
122 238
94 151
44 143
142 184
178 274
257 270
167 219
186 245
31 51
83 151
17 60
91 271
42 243
113 267
17 235
152 184
100 103
7 114
250 263
148 205
59 71
95 113
236 269
7 82
102 103
180 235
8 111
58 207
45 158
16 181
250 268
203 290
79 202
125 147
38 41
231 237
17 298
22 99
199 231
218 237
30 138
217 274
17 214
38 104
28 300
159 236
36 148
148 204
179 201
55 143
149 151
162 176
8 256
81 99
200 244
100 180
41 61
107 184
46 124
186 251
158 160
42 142
35 59
68 130
201 264
5 74
119 122
134 222
182 259
129 256
41 58
227 270
233 265
157 158
89 197
119 186
140 267
248 280
257 291
236 239
62 122
28 42
99 249
40 159
85 283
112 231
188 288
107 250
5 100
123 151
11 256
15 285
124 138
180 220
197 200
29 58
186 267
37 147
101 256
48 89
25 194
81 85
18 269
195 250
8 267
160 260
14 90
32 145
182 202
17 75
107 188
250 288
113 185
267 272
177 209
186 219
11 188
145 249
38 96
85 278
23 241
104 156
209 282
185 234
16 246
201 212
49 95
135 244
217 249
104 289
176 216
252 269
56 291
129 144
124 236
185 284
3 20
122 275
113 160
175 180
237 262
219 228
256 295
5 246
110 122
236 289
169 211
151 186
47 144
132 152
17 36
233 278
144 162
72 160
18 22
13 276
189 200
222 225
101 185
59 129
87 119
197 276
87 228
152 224
117 212
54 63
192 200
111 155
17 59
104 114
124 150
50 123
14 180
202 247
271 276
128 222
33 114
250 264
196 237
207 258
104 189
221 263
7 21
80 248
35 62
7 269
56 59
80 142
28 123
30 48
179 250
43 82
136 243
240 270
249 275
211 243
189 243
41 52
90 233
103 256
6 295
92 100
20 200
95 115
178 288
247 259
173 208
82 158
200 289
232 248
79 251
97 219
219 273
180 189
122 252
7 277
60 121
99 203
229 270
163 221
147 273
89 207
179 248
185 227
9 11
84 89
185 262
74 126
18 128
57 158
7 204
47 235
127 135
1 197
190 272
33 135
125 223
79 220
1 257
50 156
182 285
203 276
23 277
26 172
115 237
184 243
103 266
20 221
191 233
111 274
110 111
134 151
9 204
76 104
251 265
184 273
13 257
141 299
170 300
75 114
172 290
14 186
59 60
77 209
174 199
29 124
131 139
89 169
153 186
208 247
61 224
16 287
7 190
122 148
201 239
187 299
173 219
67 185
288 293
164 276
127 152
205 219
215 253
26 201
1 220
173 288
7 278
118 244
35 123
18 93
94 177
252 262
117 143
21 116
1 21
172 221
94 104
33 299
112 182
82 222
226 248
1 192
10 15
210 211
67 89
23 216
44 80
95 111
31 123
115 249
134 250
45 159
43 50
266 284
200 269
64 71
248 259
181 249
247 281
8 74
23 272
128 215
59 262
71 136
138 238
221 276
99 181
171 174
189 245
202 300
153 238
164 221
161 196
180 286
112 240
61 135
134 243
126 243
29 159
24 286
270 286
11 264
87 212
273 288
20 114
216 230
49 75
223 228
116 129
113 299
67 78
214 235
73 216
114 197
108 132
52 146
135 139
36 53
204 246
69 72
249 265
168 249
189 199
146 147
186 204
114 155
220 251
149 158
210 248
7 173
103 130
182 229
133 227
99 209
38 97
120 248
142 147
38 40
102 170
136 296
191 230
35 79
185 192
154 250
38 145
59 210
33 67
219 235
182 190
66 102
40 147
38 142
99 197
106 110
66 136
49 128
103 143
38 146
95 217
11 242
140 186
221 234
5 273
121 182
234 243
20 192
101 117
77 290
199 264
247 278
17 223
34 56
198 258
130 143
211 228
166 262
111 258
121 126
121 134
147 236
193 223
11 195
86 133
200 221
194 246
107 195
67 141
29 223
27 294
141 151
294 296
247 283
98 219
48 60
149 202
36 89
107 263
63 147
184 236
59 233
40 94
103 299
246 284
30 59
233 275
78 107
20 22
141 224
22 85
92 174
192 237
21 213
238 270
89 136
121 293
182 200
201 223
130 142
30 55
73 203
100 104
109 271
36 138
171 214
17 48
38 59
185 254
208 249
138 156
223 289
81 156
114 149
199 232
18 19
219 245
110 291
172 295
224 272
34 124
235 276
91 289
90 185
97 114
27 221
76 106
42 48
89 116
76 280
123 156
215 283
245 269
186 295
8 234
65 148
76 193
189 279
119 131
144 251
83 222
232 236
105 288
2 80
98 244
233 262
96 201
130 194
4 291
178 211
50 151
99 284
12 67
90 229
55 62
1 223
207 211
11 173
127 132
176 214
33 73
131 251
167 216
31 68
201 265
125 217
247 260
96 266
40 214
237 276
188 269
209 290
9 208
78 186
105 106
219 276
45 71
147 153
87 198
48 129
28 157
264 279
61 142
91 189
24 87
59 130
180 280
200 235
55 71
197 233
1 228
62 138
119 272
15 222
1 202
143 297
79 199
152 236
91 132
64 162
115 181
209 229
222 276
224 295
25 261
203 209
57 113
83 96
18 54
216 232
236 264
152 296
35 48
99 120
78 175
159 238
49 81
1 86
74 121
184 265
107 286
48 132
76 183
181 186
32 91
29 116
82 115
83 137
173 268
169 209
48 67
278 285
108 152
178 278
6 99
46 49
25 282
78 87
48 126
123 147
237 269
28 32
17 126
219 269
148 184
206 248
11 190
100 196
247 285
124 266
42 67
248 267
79 132
211 282
41 140
199 245
249 257
130 161
12 184
184 281
183 243
147 248
8 298
167 203
22 188
241 247
174 262
191 299
33 154
114 146
71 147
132 151
56 138
108 219
22 193
102 122
209 224
116 217
13 106
183 276
11 215
16 216
125 146
9 243
3 97
16 184
173 273
159 276
65 137
76 296
14 99
84 185
37 38
105 119
199 282
19 277
73 119
155 243
38 162
35 203
113 166
238 278
216 222
240 262
36 131
97 125
38 217
17 113
76 95
100 114
193 200
166 274
44 159
91 197
7 106
30 128
38 65
189 288
19 292
92 122
197 270
83 93
74 253
7 245
174 176
102 159
46 146
179 274
18 65
187 266
124 180
49 140
263 295
7 205
91 117
97 174
94 191
278 286
97 99
38 209
83 88
179 251
45 120
148 248
66 130
82 173
89 113
221 228
4 188
15 130
108 131
45 142
256 272
214 283
169 262
236 252
55 70
139 146
2 293
193 299
86 291
177 258
247 276
11 80
139 142
44 216
147 209
115 284
125 168
200 234
106 231
43 123
23 74
44 122
216 283
29 154
76 89
233 273
13 76
26 82
189 253
236 249
81 92
3 45
214 278
65 147
77 87
224 271
148 190
94 253
221 251
79 300
112 119
212 216
15 299
182 228
100 298
7 172
187 199
29 46
29 296
4 175
78 269
122 232
144 299
12 213
123 202
188 276
186 300
95 106
201 278
4 286
111 145
94 117
189 261
211 261
236 280
153 249
224 290
264 278
82 237
43 211
7 76
125 130
34 133
201 213
86 270
251 288
91 160
250 276
101 109
16 111
74 272
109 115
42 236
108 240
243 277
71 134
78 288
70 73
178 236
235 269
186 284
249 258
188 270
27 40
21 26
247 265
201 260
19 267
50 147
91 119
194 201
217 262
202 209
1 294
50 155
7 24
73 128
247 257
6 115
209 218
20 39
173 176
18 245
101 217
13 192
76 196
208 236
102 194
55 124
255 298
138 139
110 299
13 208
275 299
14 101
7 30
68 117
37 158
91 233
128 144
119 211
33 223
7 102
79 281
168 201
201 275
10 227
115 200
145 288
36 224
233 270
189 227
112 113
49 124
134 146
13 94
1 255
184 237
107 117
111 265
131 293
94 262
13 24
171 233
82 185
33 39
271 288
141 235
64 154
234 258
174 273
182 244
201 287
7 228
69 186
34 66
62 283
93 196
59 102
19 111
7 232
167 248
28 144
141 153
83 216
50 135
256 293
135 154
230 270
208 214
252 266
5 130
13 102
186 198
15 74
107 119
62 69
144 278
12 111
118 148
95 102
208 216
102 241
2 116
175 269
152 300
178 214
178 209
122 268
104 132
155 215
94 275
207 214
76 131
256 258
32 67
201 273
16 213
109 244
45 62
62 91
12 57
144 181
33 76
56 142
133 240
265 288
168 288
275 288
106 117
46 123
237 250
206 262
121 131
25 111
57 59
86 99
149 199
137 159
106 182
52 69
223 256
152 255
86 174
94 203
170 299
141 144
216 254
189 282
12 76
33 57
34 81
28 65
90 175
236 273
186 209
236 247
67 132
14 274
198 291
154 299
53 70
120 166
117 156
45 123
88 94
156 196
23 89
93 248
2 172
79 148
91 114
153 274
185 208
143 223
145 224
67 250
185 193
40 276
225 269
185 280
7 120
224 300
82 290
201 267
99 194
160 251
209 228
97 166
181 297
241 258
186 199
178 291
118 185
30 94
245 262
197 209
80 115
130 140
230 250
137 141
7 99
114 211
81 262
185 198
17 146
200 263
219 284
140 215
190 237
75 137
179 200
67 69
99 213
119 199
185 225
4 233
186 192
9 261
45 156
34 39
198 274
79 206
17 225
82 221
12 192
130 159
106 131
61 138
27 111
160 198
234 272
105 214
86 94
73 112
199 233
253 258
11 224
151 160
8 10
234 274
219 231
295 296
117 262
89 222
77 114
131 202
189 209
48 260
224 275
132 146
30 74
43 62
87 203
168 300
30 113
124 162
223 253
12 204
192 278
145 147
122 152
154 193
38 158
263 269
69 138
35 63
40 149
214 223
132 291
115 170
90 107
219 232
89 132
84 90
40 55
224 257
20 258
176 274
119 282
43 46
148 156
185 190
102 115
232 272
142 153
61 67
101 110
215 241
175 270
32 209
207 262
78 222
201 222
145 177
78 160
19 89
117 275
232 246
106 288
237 281
278 289
143 153
209 249
123 134
50 140
246 254
143 180
233 266
224 237
110 117
209 289
186 254
124 186
71 217
24 193
6 267
82 172
29 127
131 209
94 254
3 194
42 71
209 266
34 146
142 275
97 156
81 148
82 181
38 69
259 269
114 239
34 142
80 119
51 142
114 162
198 236
56 131
99 108
87 224
26 113
55 125
94 99
73 146
88 117
76 186
133 152
196 250
162 183
221 268
11 16
214 288
73 132
65 278
26 200
130 158
82 244
230 288
219 264
149 300
35 209
101 233
154 244
46 50
112 132
115 228
112 217
77 200
57 65
45 224
90 121
51 83
199 219
29 71
99 129
49 269
123 145
258 295
210 269
175 266
7 200
1 226
118 266
188 221
13 177
148 162
50 139
44 59
8 249
165 274
25 131
185 206
153 227
175 249
177 270
262 266
201 245
90 116
8 198
22 180
89 129
49 65
150 299
262 282
115 157
138 147
18 186
107 229
196 290
76 288
59 128
56 144
4 7
164 243
223 227
64 66
29 73
165 182
73 93
6 7
34 250
197 219
37 39
122 276
33 217
246 255
16 277
83 118
155 227
80 240
27 292
59 70
2 10
249 264
129 146
167 298
266 287
233 257
144 292
176 233
92 133
189 263
184 244
117 166
16 168
40 217
224 228
78 82
124 152
76 97
224 279
268 269
205 224
36 243
167 201
49 66
203 223
136 217
21 254
88 89
196 262
210 250
69 106
258 275
11 166
282 290
90 110
126 227
99 114
76 118
203 214
237 255
155 222
4 127
98 154
246 283
156 211
235 266
78 121
7 166
107 112
42 53
215 229
35 137
123 149
85 124
113 135
11 88
10 153
217 264
287 288
185 218
148 218
16 21
237 263
192 288
176 276
199 204
100 184
113 122
57 144
186 212
150 156
215 233
98 259
204 258
59 152
142 251
76 173
160 172
124 224
54 70
175 221
221 278
160 291
237 299
131 137
6 8
202 296
226 246
209 221
49 62
67 156
7 100
35 276
180 283
74 186
49 114
2 251
20 102
219 249
169 266
93 288
61 186
7 131
189 217
242 249
29 55
210 270
14 298
100 110
2 185
43 54
44 140
146 278
175 186
199 273
89 260
216 259
63 67
166 184
189 258
168 211
71 112
37 71
153 298
8 201
242 266
262 281
6 11
148 222
133 170
199 286
11 263
27 261
221 275
199 217
114 126
186 262
111 269
171 223
148 202
171 184
121 122
151 269
237 284
30 125
144 156
30 223
2 198
174 196
189 286
18 214
14 89
113 265
9 184
189 276
147 247
30 124
18 115
246 281
162 300
54 186
236 285
166 182
86 244
127 240
57 122
36 63
173 287
10 13
185 299
29 31
13 265
10 272
83 156
152 168
97 212
258 289
48 150
27 277
65 299
49 150
113 159
244 274
119 194
2 4
148 261
87 178
1 19
80 200
189 268
208 219
11 206
76 235
85 163
288 290
76 190
16 188
115 130
94 166
12 209
21 22
91 154
116 140
131 213
136 278
169 189
10 210
11 77
251 274
135 161
62 82
107 248
152 153
89 283
48 158
39 67
45 99
214 225
237 286
95 114
163 258
106 177
152 157
208 246
45 116
33 161
115 198
159 299
131 142
238 290
24 177
90 159
137 170
131 145
65 75
172 173
119 274
35 90
163 184
169 184
85 177
109 212
50 211
33 222
174 204
214 252
113 216
30 159
174 248
38 136
198 223
209 265
173 212
215 282
107 180
84 100
113 269
7 185
221 243
160 176
40 158
38 45
152 174
64 122
80 83
42 59
35 142
71 113
128 227
47 292
140 151
174 205
152 298
18 288
38 79
252 288
110 131
81 87
262 274
224 287
41 150
283 298
8 197
105 181
192 224
128 131
182 225
11 222
70 75
95 172
156 201
174 283
236 237
107 207
84 239
106 109
130 260
18 256
213 219
202 223
245 248
192 266
124 258
274 287
203 211
176 237
100 263
223 257
248 264
44 67
37 146
174 211
198 224
176 243
121 300
61 116
219 280
227 278
96 160
37 142
43 72
245 250
256 274
29 236
93 235
114 169
12 245
15 293
125 152
122 209
85 290
206 276
202 215
8 102
269 276
1 99
31 128
134 300
145 276
60 224
201 238
11 170
105 270
25 248
131 274
5 247
211 240
67 143
22 274
243 250
243 258
32 215
94 172
94 148
171 219
138 296
211 245
48 59
21 95
190 251
186 255
95 185
150 190
167 249
94 181
203 248
168 278
204 233
224 260
26 109
181 246
12 246
34 48
189 280
43 236
76 202
90 119
199 239
25 81
162 199
82 99
2 3
21 88
94 165
189 283
70 215
108 114
208 250
94 244
132 148
251 258
95 160
76 109
130 150
19 298
2 157
174 238
36 133
276 285
43 124
183 219
3 11
7 197
91 106
19 182
76 201
21 284
84 296
59 299
106 259
26 110
34 276
21 203
183 272
205 270
125 251
275 276
200 225
264 280
170 243
2 244
6 223
99 107
140 174
49 123
50 138
242 274
42 66
103 133
134 286
180 243
62 141
11 99
76 266
14 74
79 101
5 85
56 61
129 130
13 253
6 296
45 72
182 258
79 157
94 179
38 126
95 237
236 272
131 148
200 284
59 75
8 212
250 259
129 240
149 153
12 168
131 159
14 17
173 194
221 236
33 142
152 156
49 87
128 224
8 104
2 128
101 147
18 190
160 185
35 278
27 232
61 161
13 20
224 241
36 82
78 94
102 154
201 251
199 213
233 288
83 89
123 217
32 82
228 249
59 64
214 230
42 125
237 254
236 248
232 237
87 276
12 210
12 90
201 220
177 214
248 253
11 221
70 159
2 102
171 288
38 129
99 184
29 69
272 281
76 259
215 220
200 274
18 108
81 88
169 290
91 179
206 290
2 278
201 230
127 148
87 248
200 251
136 222
51 91
125 144
186 281
298 299
73 147
15 100
131 155
21 99
12 216
48 70
170 247
209 280
38 135
106 137
187 237
151 153
124 155
89 185
33 55
27 78
65 91
164 250
85 94
250 283
32 124
221 279
29 269
152 162
81 120
108 222
201 271
113 143
33 68
11 164
65 209
41 131
83 112
174 214
20 196
188 247
189 230
36 125
97 131
83 224
90 274
88 216
189 266
216 280
35 74
184 264
137 299
30 144
102 189
11 257
212 266
2 272
34 67
38 91
21 244
250 273
87 172
163 189
23 111
150 153
45 174
141 243
4 91
119 168
91 163
226 250
219 222
6 26
44 211
109 290
141 158
62 113
170 211
112 274
1 124
200 287
8 205
235 248
1 196
256 266
37 243
7 95
130 135
119 249
193 272
170 236
214 256
2 7
134 260
76 107
126 137
19 67
249 256
76 84
209 227
40 69
33 236
80 266
199 250
20 54
184 263
77 81
172 184
214 215
107 291
121 124
13 118
49 131
132 147
55 67
67 248
32 54
124 141
138 222
120 263
33 71
11 265
147 231
21 98
187 236
274 275
184 195
221 283
61 133
39 103
16 172
196 219
29 156
39 55
2 96
174 182
79 201
225 272
78 179
160 275
250 275
124 134
198 251
86 89
3 90
76 212
241 266
61 117
223 270
174 266
166 290
122 170
235 274
21 270
60 150
17 165
98 101
145 223
231 247
121 162
94 256
175 209
200 240
90 186
211 274
199 236
2 62
186 271
17 67
110 115
181 296
148 244
22 273
171 224
43 174
125 135
175 248
168 262
270 277
128 158
18 57
128 190
201 207
209 262
23 213
158 217
204 270
117 135
178 201
11 22
56 113
110 223
225 274
90 98
168 182
182 265
106 107
56 124
269 298
186 280
215 300
36 161
201 240
258 279
35 46
44 134
11 104
187 247
87 265
22 185
4 6
124 200
111 231
18 238
80 192
196 200
145 250
64 276
28 158
251 284
216 271
42 55
209 246
13 286
246 273
20 52
82 139
147 256
261 266
48 112
84 192
102 190
44 141
174 256
247 279
8 81
60 138
161 296
37 135
141 148
199 216
215 256
71 141
28 70
190 278
151 283
151 260
103 183
44 126
183 248
40 223
185 242
87 271
185 219
260 266
94 220
18 133
29 76
10 91
278 279
243 284
73 96
102 267
188 215
83 133
11 285
148 187
41 89
17 30
274 289
126 267
152 274
182 271
110 262
104 124
234 248
244 258
80 114
88 119
35 216
10 277
12 170
17 68
65 296
93 276
163 173
13 100
222 223
114 283
33 148
80 130
223 225
214 266
95 117
17 38
165 272
208 221
25 87
232 251
90 271
79 248
18 20
76 227
23 87
270 276
1 74
50 160
236 263
209 296
17 18
109 299
181 258
209 255
1 240
26 209
251 266
78 214
201 214
35 144
7 267
110 119
120 262
170 216
18 249
37 48
73 136
217 243
113 225
93 270
141 215
64 73
186 208
243 286
213 214
243 246
238 251
134 180
247 268
7 216
106 116
128 243
120 131
201 252
266 295
179 215
30 174
96 148
76 204
99 105
60 63
131 236
41 75
206 214
82 83
52 54
18 189
68 79
234 251
15 227
12 172
80 132
229 249
32 74
46 154
45 74
102 165
22 100
124 136
182 191
208 278
31 81
200 252
56 115
173 260
61 66
211 230
24 48
122 186
55 74
54 57
189 194
78 139
215 244
172 248
28 156
64 286
15 89
84 154
164 185
113 296
114 133
131 138
206 224
41 63
82 149
178 285
24 253
158 222
175 219
158 209
88 262
25 297
14 21
160 272
43 278
211 231
64 129
18 80
181 215
155 186
156 295
142 183
79 94
139 195
113 263
2 146
91 267
99 119
27 184
206 298
148 215
151 206
66 160
32 38
132 292
15 20
128 151
89 175
16 174
45 94
221 287
137 145
35 58
9 285
199 225
81 103
94 167
57 61
15 237
78 256
239 288
29 224
231 270
181 291
42 127
7 293
291 298
28 38
6 210
177 180
6 250
95 189
113 129
20 262
47 131
209 259
33 34
98 201
62 148
174 254
199 284
45 67
116 134
188 248
49 63
199 227
56 277
53 64
197 243
76 159
193 237
245 274
214 264
63 128
42 139
54 73
91 266
154 194
128 283
237 280
150 217
9 215
216 243
173 241
240 274
216 221
82 85
46 67
209 277
186 283
17 54
116 145
103 122
93 295
160 248
61 93
148 157
184 187
31 140
12 188
76 265
122 223
142 209
104 251
29 54
160 175
166 214
178 292
89 120
192 223
23 121
225 237
32 122
79 291
208 209
7 250
171 200
160 193
58 186
76 216
119 154
188 211
174 269
67 125
278 283
202 299
11 97
15 197
123 159
220 223
107 200
131 294
40 136
105 122
50 75
148 161
11 113
83 160
55 134
116 201
166 250
250 257
105 117
237 248
201 233
76 198
127 175
90 120
224 239
173 270
189 265
16 202
155 211
8 200
7 211
102 119
33 52
87 235
2 14
14 200
131 157
2 86
15 244
230 290
278 282
48 249
9 78
30 38
182 286
121 158
131 206
262 271
106 159
33 144
171 236
85 299
211 287
93 181
132 293
46 156
18 234
42 72
116 200
260 298
85 201
172 215
200 213
177 233
217 276
99 172
18 146
133 296
235 237
15 181
67 214
222 258
206 299
172 201
91 135
196 288
35 156
116 174
181 189
77 217
15 90
258 276
58 70
202 266
69 126
129 180
38 240
227 250
84 161
109 200
34 204
54 67
218 299
70 147
51 103
79 205
3 95
199 253
199 212
21 45
8 11
183 236
220 274
76 119
99 247
246 279
152 283
106 216
153 299
91 113
204 236
152 241
26 286
119 291
233 243
182 236
2 124
131 170
9 20
259 285
127 153
76 251
222 229
225 300
16 84
35 66
127 138
108 154
173 213
5 126
7 238
56 84
192 216
112 120
32 174
60 159
185 270
210 219
4 294
141 199
34 243
148 216
97 217
13 274
29 278
103 280
136 147
219 272
115 154
28 152
98 262
9 238
132 224
261 288
61 151
196 223
34 186
34 83
82 280
16 203
203 262
270 274
61 296
20 146
160 171
76 228
59 141
18 206
224 238
26 214
48 130
127 188
209 283
153 213
196 214
82 219
18 172
47 181
186 243
61 147
12 163
238 272
216 289
208 276
56 122
79 217
197 250
51 138
102 197
180 187
20 40
113 140
90 103
224 226
1 256
51 76
15 233
68 114
81 130
24 244
16 169
129 238
12 58
94 229
111 113
187 219
124 140
221 227
227 251
47 297
246 257
11 115
149 206
127 293
197 201
153 194
73 188
28 71
93 263
94 257
17 32
148 193
265 269
38 151
106 119
244 250
88 148
102 244
251 259
7 17
254 264
60 124
109 117
147 160
130 198
172 270
167 256
67 140
234 262
51 56
113 248
43 137
10 131
167 258
13 178
11 295
9 17
269 279
7 105
131 225
107 295
178 224
70 296
3 89
210 224
8 120
63 64
26 104
141 146
147 193
219 236
158 199
29 47
156 251
213 243
38 141
36 67
87 185
185 255
95 186
65 66
84 174
25 65
19 102
17 272
214 273
56 168
2 25
133 147
277 295
2 135
140 296
216 262
180 196
16 171
183 266
72 140
25 238
138 227
137 153
90 142
177 243
89 157
77 222
289 290
177 237
28 30
83 94
106 160
91 178
62 65
220 299
168 292
211 238
247 286
154 156
157 240
229 247
163 224
103 178
236 266
184 219
76 205
55 132
9 200
113 251
175 247
21 100
95 239
248 276
33 47
18 98
16 18
15 131
124 154
75 77
111 288
77 276
178 296
70 224
64 151
2 237
66 83
90 286
93 99
109 189
17 292
276 280
78 145
202 270
81 132
65 133
189 201
212 221
276 283
205 243
91 183
171 221
265 290
133 148
222 248
203 216
67 138
126 142
30 54
20 189
1 201
227 287
248 272
128 142
125 158
77 102
196 236
102 142
179 223
177 185
148 227
110 189
60 75
34 64
16 197
24 166
274 278
58 81
117 155
215 240
81 111
189 275
43 58
223 279
16 20
42 149
119 130
195 201
50 240
199 258
121 152
261 270
224 247
36 48
19 90
51 71
10 244
47 293
173 183
28 132
109 219
13 268
221 280
9 124
241 246
180 272
207 219
3 76
173 254
70 115
152 190
168 184
201 289
187 223
115 279
274 280
41 70
119 236
186 239
21 85
16 244
115 274
36 52
74 140
240 300
61 127
2 233
103 131
13 112
163 201
192 236
99 161
88 189
200 220
23 188
70 243
180 188
211 272
100 140
95 178
270 282
115 147
173 202
63 126
156 266
246 262
77 219
199 276
8 97
29 53
183 214
5 193
32 144
115 182
50 112
82 126
92 266
9 67
31 114
30 81
164 290
185 228
212 258
78 105
213 288
178 299
118 160
82 120
161 272
32 59
36 159
127 278
182 223
269 295
78 193
91 259
87 189
76 279
166 248
2 296
258 283
59 161
182 230
119 246
164 258
30 102
262 264
131 299
16 292
200 271
214 287
198 250
125 296
108 115
173 177
4 292
223 296
105 295
27 223
100 120
20 31
113 271
253 269
187 233
11 169
127 137
185 236
9 211
15 180
123 141
21 105
262 284
148 198
56 272
154 298
217 266
11 25
114 141
181 224
16 54
31 113
21 97
76 221
170 174
38 44
74 299
107 159
87 262
251 257
176 185
97 113
11 76
78 189
29 276
119 195
143 278
117 276
185 257
254 266
1 12
28 136
182 224
1 275
268 272
13 180
63 139
114 172
102 161
125 148
120 217
105 193
228 237
215 254
83 87
242 262
203 215
116 155
28 73
169 278
161 232
160 252
11 271
156 240
7 97
21 196
142 149
168 224
57 68
122 130
116 131
147 158
61 63
9 192
209 235
216 233
243 245
190 209
189 235
194 233
38 55
1 23
116 216
20 43
91 225
21 194
232 270
264 290
173 235
237 285
6 189
56 102
8 271
84 102
110 151
66 145
184 293
102 107
258 259
171 270
14 100
218 247
14 121
33 276
68 156
49 142
171 180
196 233
75 132
118 222
110 266
186 299
79 200
152 202
85 221
2 79
104 106
199 235
94 279
121 153
79 119
137 162
159 215
132 278
102 232
219 252
186 202
72 128
221 266
217 248
111 259
2 210
113 288
8 289
3 290
230 262
175 201
10 248
29 50
237 253
88 99
26 91
135 160
201 221
13 215
176 270
19 249
44 156
67 269
149 279
42 223
276 296
107 219
208 258
13 176
173 188
199 280
7 191
186 188
276 300
161 298
115 231
101 231
42 296
123 143
147 167
175 189
30 215
83 258
23 61
272 282
17 296
46 155
14 238
170 290
23 253
149 217
12 276
22 244
266 278
203 249
179 247
174 221
104 291
160 237
49 74
17 28
11 85
22 67
248 268
214 272
33 119
126 146
85 89
104 111
34 161
143 292
31 150
41 65
41 43
15 184
89 135
121 214
222 274
37 44
20 48
110 130
1 56
218 248
162 296
45 66
207 250
10 130
32 48
42 76
83 154
130 275
92 101
38 54
106 134
244 269
85 142
195 199
3 201
33 116
45 161
53 300
17 81
187 278
215 275
216 249
7 285
177 274
182 210
44 49
96 295
174 281
161 269
1 2
59 145
124 251
14 285
189 234
2 76
40 54
50 67
21 237
33 151
74 97
185 200
103 156
44 55
215 263
26 195
119 185
271 290
26 288
4 274
13 210
139 278
170 266
87 254
51 148
274 284
102 283
180 289
107 193
169 221
34 62
51 159
47 50
62 130
214 261
199 234
91 164
186 187
36 154
56 269
221 264
226 247
54 71
215 262
1 227
11 238
170 201
16 237
113 298
249 287
191 266
214 216
186 224
8 67
160 295
28 57
194 274
223 263
184 271
28 134
188 290
209 269
160 269
186 279
92 201
25 290
56 83
122 124
164 214
108 153
191 249
219 234
239 247
189 223
12 261
254 274
15 215
233 238
256 290
186 272
120 174
117 278
95 130
7 194
89 240
169 243
190 221
15 93
201 215
216 260
67 121
221 235
113 132
37 68
214 222
230 278
79 190
1 188
50 132
218 221
126 199
156 161
197 251
97 130
106 193
7 34
26 179
102 201
129 135
33 46
32 223
43 48
32 138
79 153
261 276
26 85
124 216
66 68
16 281
23 203
36 146
15 76
117 215
130 146
78 182
204 219
136 211
250 271
204 237
174 198
131 233
105 223
1 282
117 185
236 284
219 277
182 251
99 170
114 132
65 156
136 146
258 299
274 277
90 92
38 143
142 143
103 146
199 214
171 201
140 146
115 204
156 217
92 258
143 146
78 104
120 288
103 224
76 115
96 299
218 276
210 236
113 116
182 195
1 115
31 43
102 140
56 130
203 221
99 163
60 154
108 200
225 236
148 167
124 159
38 130
94 120
139 158
31 64
231 290
18 86
5 90
186 268
130 232
28 48
15 283
115 244
170 186
10 185
2 211
194 236
216 241
242 298
139 217
17 244
174 257
41 72
121 233
204 250
258 284
35 64
201 279
161 299
191 215
95 276
176 180
119 223
134 138
125 199
15 205
10 274
200 261
134 223
267 278
68 161
78 117
40 47
214 220
3 214
182 218
189 229
97 288
18 294
28 74
9 245
166 270
160 189
14 246
79 112
126 144
87 102
94 96
11 282
59 143
13 224
25 198
122 147
124 276
83 138
8 116
258 290
116 209
102 236
16 75
136 199
249 266
207 236
164 173
63 150
39 151
2 77
35 224
94 283
104 133
96 288
222 266
206 216
1 190
107 246
143 199
78 98
79 297
8 114
186 206
97 251
82 296
13 202
28 29
232 247
117 196
50 70
171 246
216 218
68 109
12 28
11 289
108 270
73 141
193 276
180 287
149 243
82 108
5 170
9 227
64 138
13 91
11 196
13 259
84 262
133 158
46 59
26 118
266 280
268 299
94 122
173 181
221 288
173 255
183 290
29 243
40 215
55 139
67 145
140 236
92 117
126 300
115 238
134 158
273 276
15 196
84 99
34 244
36 123
102 158
59 139
104 201
173 244
16 211
49 58
160 202
13 173
113 152
270 272
189 228
1 269
124 133
16 265
11 74
173 191
173 265
209 212
201 243
69 132
77 113
16 226
76 231
59 135
194 266
146 154
182 197
103 202
147 148
176 258
173 197
76 268
196 258
182 234
124 267
28 299
130 283
59 156
21 267
108 133
102 148
22 269
184 248
125 222
116 123
12 35
181 233
269 289
34 44
131 214
47 186
13 156
77 299
31 33
175 246
33 53
225 233
38 88
2 105
11 269
40 74
184 257
61 123
156 219
231 243
23 245
246 286
229 269
13 273
115 299
8 292
34 87
70 133
17 41
267 294
194 216
236 241
280 299
82 103
30 209
180 233
99 278
173 223
103 114
66 143
181 288
18 193
191 201
167 266
173 289
55 63
102 182
133 291
112 114
150 211
161 224
21 151
96 258
99 123
131 295
127 195
8 77
145 175
120 122
87 280
42 62
182 277
219 251
13 227
7 203
161 194
97 102
199 207
79 295
82 243
65 142
198 216
190 211
184 198
141 251
76 256
36 142
148 153
216 247
2 107
177 216
11 244
168 174
17 131
237 277
59 162
250 253
240 249
25 89
28 43
94 101
48 136
143 300
130 133
20 104
170 288
147 170
233 283
10 113
27 89
83 100
78 97
226 251
88 101
7 199
174 279
142 161
106 244
53 71
131 153
11 197
171 249
132 223
194 199
11 249
15 111
98 224
192 211
67 129
197 214
182 232
80 124
112 233
183 223
171 266
159 247
23 250
60 142
230 258
190 223
246 266
226 233
131 140
240 287
236 268
209 254
219 285
76 141
42 141
37 145
124 137
3 147
9 223
47 214
131 186
238 247
214 244
201 246
113 290
201 274
80 295
244 298
131 238
231 258
211 242
189 242
40 83
19 94
231 272
233 258
84 115
57 70
105 112
112 188
15 274
51 154
100 269
84 113
107 113
7 170
76 182
19 201
3 61
18 120
264 299
255 276
155 199
243 282
8 250
35 186
30 67
47 51
179 214
138 157
22 195
172 276
16 153
23 170
178 182
253 290
41 262
204 274
79 266
263 276
89 233
123 139
163 186
138 160
37 236
102 285
201 241
11 12
76 244
40 80
43 68
21 93
8 82
182 199
108 112
205 274
41 67
219 289
97 200
67 115
269 280
15 115
217 230
19 147
28 155
116 142
23 223
13 260
122 283
11 284
186 240
177 246
36 276
39 60
85 145
52 269
37 82
101 105
1 169
164 186
173 272
128 240
88 111
39 70
173 237
147 274
64 161
83 265
1 208
76 155
81 185
177 215
20 26
8 107
228 272
234 250
186 276
226 262
135 211
97 201
124 126
76 261
48 148
215 217
11 116
248 252
145 158
137 199
113 163
127 221
291 295
96 100
211 284
59 248
139 206
128 174
133 300
75 80
207 243
214 218
25 74
211 278
89 153
60 278
18 205
143 148
37 156
77 89
249 289
247 251
3 33
195 209
220 269
50 149
131 152
230 274
205 278
199 272
82 96
40 137
93 278
31 134
27 204
113 164
299 300
208 269
184 284
108 146
130 148
16 259
96 270
186 200
19 194
23 112
83 117
86 111
43 296
48 139
257 288
59 126
163 274
66 155
152 256
223 255
298 300
52 122
145 174
45 53
67 274
75 91
223 288
218 272
182 254
68 81
13 241
7 221
83 101
190 219
83 135
134 273
26 276
145 293
90 104
70 146
14 250
194 268
90 195
157 217
206 209
232 262
119 172
174 213
189 207
215 274
12 148
194 221
173 236
111 118
4 186
6 25
16 268
130 147
17 29
205 236
11 62
167 270
21 24
42 122
173 193
43 67
105 222
180 227
73 222
209 263
160 263
170 269
232 243
38 258
220 270
142 145
11 281
36 85
1 187
247 287
143 147
246 267
80 290
196 201
20 142
222 264
38 216
121 141
160 299
17 53
43 76
52 114
37 53
5 227
8 164
7 276
45 58
79 89
177 250
5 112
118 290
62 142
55 90
196 216
37 66
233 281
119 205
9 222
1 283
119 248
124 143
88 100
171 274
25 294
37 55
107 160
91 214
131 235
8 222
215 242
186 270
165 251
17 211
106 207
219 221
255 269
86 87
212 248
60 144
151 161
38 159
124 130
3 7
1 268
130 243
136 158
10 65
178 273
55 160
16 238
34 95
76 247
143 158
157 299
188 201
182 208
25 102
200 248
269 271
199 243
225 249
176 299
165 243
195 222
99 188
180 212
114 118
10 238
127 146
200 249
143 243
202 236
214 224
94 103
43 59
61 124
97 106
41 46
74 115
13 214
78 86
132 138
185 286
45 81
115 172
42 123
76 90
201 205
128 170
99 113
133 199
185 268
46 132
30 133
152 264
181 184
261 262
272 284
243 247
186 265
190 290
114 128
242 247
18 285
22 182
129 300
76 226
51 224
27 67
67 162
205 266
281 296
99 233
106 229
33 50
187 200
12 208
78 294
13 295
122 225
28 189
39 69
123 155
112 173
79 270
98 296
86 159
69 116
191 221
16 17
23 201
85 260
132 273
201 298
87 223
215 299
85 256
47 59
219 225
98 196
127 256
16 193
114 115
26 175
82 101
37 73
116 300
216 286
29 62
100 102
131 227
243 283
163 290
13 228
192 247
139 199
2 138
185 203
250 267
49 60
152 170
160 181
123 222
5 18
116 125
4 231
41 160
20 186
95 174
120 130
131 297
214 229
252 274
131 133
211 244
76 94
249 276
39 113
78 286
54 154
221 252
148 276
201 217
214 242
192 258
133 249
205 288
8 174
213 246
214 243
25 244
65 276
225 251
109 132
182 262
20 294
6 213
76 248
124 190
247 273
97 112
100 107
2 119
209 256
25 298
176 209
204 288
170 219
25 253
133 142
94 240
135 150
18 227
125 151
273 293
86 124
34 236
152 238
103 191
3 161
161 293
119 151
236 286
218 269
37 84
161 276
154 190
38 74
22 213
244 248
147 156
205 214
193 251
267 270
193 221
148 182
36 139
270 271
82 216
209 258
151 154
72 117
165 233
194 270
77 83
122 260
20 24
8 49
187 262
160 191
1 263
102 238
16 297
200 280
175 251
9 188
32 55
51 55
4 256
91 124
207 233
119 132
65 69
82 210
200 215
201 202
24 238
21 248
227 233
243 300
21 103
223 248
179 262
166 173
244 272
23 100
12 63
11 268
139 151
108 278
62 135
182 270
7 181
16 269
26 223
64 236
73 162
219 281
193 248
28 44
74 99
77 101
6 19
19 221
41 45
142 269
29 138
135 267
209 253
164 223
55 72
40 81
186 217
69 269
48 113
8 181
7 244
24 153
269 299
250 280
174 202
83 98
130 155
154 174
1 132
16 285
65 121
193 250
63 68
37 67
179 189
173 192
89 97
71 132
209 261
26 188
28 186
23 244
53 58
185 253
213 250
118 124
85 189
146 283
14 248
230 276
14 66
110 133
263 272
193 236
105 244
95 262
110 178
134 221
36 223
58 148
17 151
24 276
186 266
26 86
123 128
71 126
233 282
292 295
15 250
97 117
42 73
71 89
215 257
231 274
93 186
18 97
163 209
36 41
91 251
6 87
145 221
2 59
153 204
119 285
189 218
52 137
49 103
90 95
38 295
179 290
203 251
7 215
184 276
59 276
73 156
105 156
51 63
152 215
185 187
36 74
8 191
113 117
212 219
79 275
77 240
136 156
23 54
13 17
11 248
4 20
121 138
282 298
204 266
76 206
24 200
243 280
9 232
156 296
148 268
1 206
66 126
183 186
80 102
229 290
6 148
16 119
29 56
134 240
3 121
15 173
169 173
63 136
124 129
123 133
135 269
116 147
182 203
161 225
67 173
90 260
216 245
16 192
184 245
122 269
46 64
78 120
250 272
104 288
126 269
165 173
76 91
82 125
154 215
85 114
30 276
26 103
8 277
11 172
219 250
137 140
101 116
173 262
81 211
171 243
219 255
3 223
45 276
166 189
127 246
239 270
6 204
72 150
13 251
190 233
8 166
94 281
205 211
84 281
68 95
266 271
62 103
123 296
103 219
172 288
102 120
69 122
120 235
94 218
2 181
199 222
185 276
13 48
18 242
18 297
227 274
77 148
13 121
23 196
125 264
2 141
81 110
46 55
64 278
76 163
116 158
79 150
11 17
118 189
115 216
59 222
132 295
99 200
25 292
11 176
133 151
180 268
51 75
154 180
8 89
64 75
42 159
93 290
78 92
97 262
23 194
19 112
123 148
152 205
86 119
153 215
34 46
50 58
210 249
25 161
131 278
84 228
119 160
196 246
15 225
222 290
139 260
87 221
139 256
1 27
224 284
90 182
34 73
1 292
69 150
171 182
18 233
60 152
72 114
33 69
38 67
35 117
2 161
197 262
50 162
118 162
219 227
236 283
144 159
136 137
32 135
101 132
174 240
49 64
53 63
64 128
42 52
221 223
104 160
166 243
107 174
48 124
233 298
126 238
78 102
11 174
12 13
55 135
32 72
254 276
2 24
101 182
159 250
11 19
215 238
36 66
74 166
7 274
170 250
87 188
200 285
234 288
180 229
12 59
28 297
6 208
229 298
2 65
192 249
189 270
53 66
1 225
174 190
184 206
48 127
105 248
34 224
89 239
73 248
145 222
91 212
110 281
266 279
248 289
250 265
66 70
114 266
80 156
172 247
8 110
178 297
107 240
119 256
2 209
220 262
107 111
115 117
45 152
77 125
102 144
7 12
243 257
229 248
258 261
219 246
94 163
209 287
77 124
125 269
30 151
41 152
166 269
142 160
12 194
216 250
49 70
18 153
7 242
107 258
11 110
17 173
88 265
87 181
84 114
200 254
171 296
3 87
42 215
163 288
103 138
45 154
67 101
133 135
233 241
89 104
85 111
29 68
48 51
108 174
81 105
32 162
167 215
26 120
15 39
189 232
178 215
71 128
237 275
231 266
11 203
38 72
223 250
94 190
184 201
148 253
146 185
21 278
9 147
70 71
199 279
13 243
223 249
231 249
84 106
82 162
101 186
154 195
13 242
124 131
190 236
36 58
18 141
214 258
41 211
182 263
185 283
199 237
92 288
21 247
90 214
110 113
88 115
48 69
79 258
200 222
41 155
200 286
20 81
79 90
17 92
239 272
28 64
200 276
198 264
168 251
100 119
46 83
18 197
67 111
201 290
117 251
224 278
59 160
33 75
173 238
119 241
41 66
13 108
20 61
146 296
191 246
147 288
84 151
292 299
189 267
50 66
74 148
237 273
161 243
50 159
8 254
216 263
2 120
18 200
203 258
266 282
115 291
98 217
9 213
180 223
194 251
15 78
135 143
7 51
123 291
18 244
1 252
99 132
30 137
189 226
209 242
30 132
36 149
121 193
117 127
157 300
124 127
27 194
184 207
80 185
178 258
194 214
110 154
28 139
37 116
181 278
177 199
271 274
18 169
185 199
164 237
59 146
4 198
7 208
168 246
64 222
10 269
16 170
17 267
83 84
42 174
167 173
100 108
49 155
176 272
5 21
214 232
23 192
121 223
34 72
89 273
80 94
152 166
13 89
114 125
83 240
44 50
118 288
126 180
224 240
10 261
111 256
176 221
87 263
50 148
186 225
103 160
249 259
203 278
186 258
161 235
89 217
195 216
7 261
31 83
198 219
147 155
137 269
173 278
258 281
186 278
151 217
209 210
7 196
64 155
77 111
63 272
193 246
232 250
7 176
94 188
220 247
25 58
12 244
133 202
204 224
250 254
149 240
217 236
152 154
60 156
64 223
100 235
169 233
126 153
248 255
140 211
143 276
18 270
71 81
67 184
153 256
217 250
136 276
272 287
220 258
5 293
249 288
79 117
117 148
21 124
15 246
77 132
174 251
119 200
86 209
45 132
184 282
34 74
93 114
89 124
3 208
198 266
83 131
39 41
121 159
29 149
1 18
169 215
121 148
236 281
12 131
39 50
137 143
160 217
155 156
198 249
103 291
1 177
12 100
81 112
172 174
70 278
196 199
1 4
237 300
200 262
5 17
76 116
115 222
134 148
87 211
147 260
262 275
92 102
27 201
180 198
21 238
27 208
29 67
182 216
173 282
86 112
116 149
141 223
278 290
3 68
93 135
11 167
201 224
90 223
221 281
72 136
34 80
91 196
79 279
233 239
181 223
43 49
167 214
143 144
108 201
278 299
38 60
168 216
2 236
55 73
27 293
208 237
134 147
50 157
42 54
7 283
11 245
246 275
112 117
135 157
272 286
90 97
233 245
83 116
45 73
20 277
130 144
34 57
39 49
113 291
55 60
219 286
57 83
247 253
184 254
41 44
172 216
20 36
173 196
26 170
44 115
209 248
4 269
138 209
168 223
156 288
90 118
68 73
139 179
184 224
34 267
16 263
185 235
82 84
180 279
255 258
23 285
9 298
37 72
208 272
109 295
122 264
114 153
170 248
116 266
8 262
205 233
99 266
211 235
65 146
40 48
13 181
82 95
37 296
167 189
1 15
200 259
33 147
296 297
237 245
73 122
12 284
103 225
93 112
41 151
274 286
131 300
81 108
195 214
193 249
60 269
18 123
92 112
58 131
35 174
175 274
215 219
145 246
186 230
43 156
98 174
81 135
180 192
18 228
236 250
103 176
182 267
236 255
206 215
202 276
24 288
212 269
97 248
121 128
226 288
198 199
13 170
174 197
1 287
223 242
33 186
127 142
152 240
122 199
116 270
82 111
185 281
25 95
82 233
2 238
47 69
62 70
12 68
233 259
44 70
2 186
39 59
190 270
121 177
82 163
42 137
11 187
184 288
21 245
121 247
131 296
193 219
21 80
174 244
113 259
2 140
40 243
197 199
109 114
160 216
177 182
247 272
223 284
34 269
43 44
96 219
168 296
41 123
154 231
38 42
174 252
138 278
116 154
172 246
224 235
155 238
4 173
72 149
8 108
4 17
61 215
262 268
67 139
225 243
107 256
170 262
107 260
111 119
219 283
80 244
119 290
27 173
67 298
28 138
270 299
153 269
2 103
8 280
228 251
23 166
200 204
109 276
114 154
3 295
30 39
34 137
113 120
272 283
240 251
51 123
108 129
201 244
184 241
136 215
21 120
7 286
188 278
154 284
41 126
52 151
141 174
164 246
206 237
119 258
138 186
148 256
148 189
216 273
96 189
190 266
223 246
51 223
34 213
128 223
155 184
87 99
80 90
128 138
157 269
199 287
154 260
40 56
229 266
7 213
156 190
173 222
221 225
189 256
139 144
245 278
36 117
160 239
213 236
101 120
115 120
15 75
214 267
23 184
89 300
182 279
104 112
189 244
67 124
2 5
83 95
258 262
27 74
18 92
79 267
90 179
132 248
13 255
76 269
29 63
236 246
76 101
32 148
20 46
87 272
59 144
164 274
102 242
262 279
189 212
2 228
214 234
66 122
209 271
177 251
255 270
50 64
5 11
10 23
122 146
121 137
78 233
163 249
256 264
124 237
31 53
144 155
1 165
26 88
231 251
181 292
23 59
72 155
98 156
119 177
2 97
206 249
11 241
261 274
70 138
109 119
199 246
179 224
139 184
80 82
37 209
198 269
9 201
127 193
5 233
15 62
13 186
23 72
29 151
59 155
195 233
109 192
35 53
108 283
191 216
34 114
91 115
59 67
91 101
184 260
185 263
249 277
36 55
78 96
152 249
94 160
224 266
32 66
105 159
250 255
165 290
26 87
8 276
254 288
162 190
3 227
46 51
82 188
202 274
82 241
172 250
94 202
210 237
55 66
216 228
272 275
60 72
189 196
189 231
223 269
53 131
13 279
218 224
119 216
58 69
210 243
18 170
209 213
174 299
11 272
16 294
49 80
173 229
251 254
39 43
154 269
180 299
39 65
186 275
227 236
93 201
23 67
6 244
2 223
28 62
9 104
86 132
45 209
11 246
151 222
251 273
124 148
124 185
31 60
11 186
21 79
257 266
259 274
214 255
3 246
1 167
171 269
186 242
215 270
58 151
216 223
28 128
112 122
106 237
80 133
86 237
99 149
49 57
186 235
111 229
232 278
166 249
160 290
25 117
108 258
134 175
186 190
251 255
105 276
248 299
48 143
204 298
166 201
80 299
36 116
94 176
8 121
30 44
79 81
119 159
133 264
62 272
133 256
12 146
8 180
35 37
218 223
36 39
103 174
35 125
102 110
192 243
217 278
10 102
152 218
93 251
92 262
76 114
43 135
43 83
168 200
175 233
18 199
185 210
38 73
121 129
86 203
256 300
283 299
202 278
76 189
205 262
257 262
105 256
114 291
38 46
220 243
10 24
173 224
182 288
270 281
1 164
32 50
16 200
132 276
15 216
19 248
40 116
4 273
76 262
180 195
59 189
192 251
215 290
145 195
108 140
146 157
65 159
94 205
213 233
4 131
191 209
209 260
229 288
111 173
102 112
17 72
11 105
225 278
223 267
12 54
62 102
6 102
122 174
153 272
184 239
4 283
160 186
269 285
216 269
274 281
90 146
65 144
7 108
117 174
139 177
198 262
69 135
104 270
20 238
224 250
80 81
115 267
250 281
99 116
6 24
147 162
236 259
2 276
59 73
233 234
143 151
55 149
156 206
52 102
59 204
190 274
76 176
83 288
123 131
54 75
169 198
50 158
130 141
31 50
28 103
7 56
209 220
86 90
105 231
183 288
34 115
88 295
36 71
96 161
38 157
160 267
162 227
175 223
47 299
16 166
170 270
119 214
240 266
7 209
61 134
94 291
81 220
221 258
89 215
186 196
186 193
1 264
92 270
20 211
11 209
111 193
46 159
144 297
119 251
134 202
25 211
2 219
20 122
187 297
100 271
2 200
115 210
49 137
72 134
201 232
133 167
64 247
68 269
195 262
186 223
190 250
198 270
104 262
60 71
94 116
89 98
1 8
59 124
8 80
1 3
136 148
254 278
228 269
1 189
134 135
126 135
48 103
230 237
246 285
33 269
251 262
147 188
206 270
80 112
111 185
22 231
76 300
41 149
36 144
59 194
247 288
59 216
189 195
205 216
8 109
234 290
186 277
119 264
94 105
104 119
114 150
177 224
1 298
23 35
199 256
46 70
1 195
9 21
15 251
262 285
134 184
271 272
246 251
44 64
87 156
42 57
14 153
222 278
12 82
182 235
126 152
182 196
12 154
42 272
209 222
12 18
27 296
213 223
87 106
91 270
9 216
224 244
97 299
138 154
30 53
106 203
35 146
195 290
51 139
153 196
200 257
130 236
65 295
219 260
250 261
61 139
25 272
26 98
152 276
242 246
143 299
115 213
94 260
7 188
177 223
9 191
84 181
194 256
246 260
167 233
242 290
189 264
79 236
87 114
188 233
101 246
220 276
18 75
11 290
131 146
131 253
223 268
221 270
118 223
19 286
10 232
225 258
61 74
105 184
114 116
165 250
161 295
170 258
249 253
240 250
6 199
130 278
170 199
40 131
51 133
9 255
7 233
71 150
251 272
186 229
11 276
227 262
176 269
180 245
33 127
18 49
40 124
224 255
23 219
12 201
67 71
38 98
121 188
87 291
1 20
134 293
154 221
177 211
13 14
205 223
8 228
174 206
272 285
82 97
12 215
7 230
93 258
74 135
76 87
239 243
266 281
157 222
9 106
179 243
180 258
153 205
15 238
142 217
89 195
211 276
156 236
24 245
128 130
24 107
219 241
6 16
25 180
155 269
149 278
115 119
12 200
241 274
213 274
45 56
94 241
166 221
83 226
92 281
216 251
81 91
55 64
29 135
152 220
226 276
215 265
131 269
57 142
2 20
147 217
6 130
51 54
214 236
292 298
38 122
235 297
66 67
90 133
238 285
86 100
167 262
87 94
193 290
130 274
83 211
76 199
129 223
26 229
84 278
3 294
186 205
190 200
112 249
137 211
15 296
4 248
11 20
106 145
236 251
122 196
