heur051_n_300_m_20122
141 197
116 127
193 195
33 150
21 224
226 266
20 242
240 257
207 247
106 263
62 269
185 266
156 258
20 71
145 231
238 240
220 236
183 274
156 232
278 292
30 95
109 180
106 154
193 263
68 297
174 201
3 154
183 251
153 285
108 284
187 254
25 157
123 269
189 193
97 224
118 129
160 262
50 85
278 287
241 278
110 138
145 215
189 236
43 113
181 192
31 197
177 186
182 238
157 262
206 221
151 235
177 241
199 221
33 260
169 217
31 234
10 278
19 99
184 210
50 280
30 62
53 229
111 138
161 241
207 293
205 259
176 189
70 82
249 254
8 224
148 249
109 280
171 264
145 190
160 200
269 273
50 99
224 225
105 133
102 300
172 269
145 163
36 121
119 298
115 197
172 266
164 234
157 201
4 86
232 266
129 239
177 212
53 289
184 247
149 160
204 287
30 56
63 268
214 257
255 266
160 169
197 284
214 265
106 120
34 120
65 129
184 213
10 19
76 154
204 281
207 208
95 133
126 128
158 191
36 59
213 258
154 283
117 157
25 47
86 140
174 193
259 294
21 35
75 141
149 169
179 221
64 82
162 217
147 213
184 286
290 291
221 232
120 268
173 253
64 86
174 236
198 263
144 196
3 195
227 254
15 106
105 298
233 242
146 218
206 247
148 260
21 269
127 282
182 264
103 229
108 160
25 57
201 259
151 199
174 239
156 181
170 189
237 242
30 99
268 294
12 20
203 284
118 128
90 269
293 294
211 250
176 238
215 226
138 213
260 265
201 247
168 260
13 19
170 263
14 69
121 180
75 214
43 132
176 249
164 229
259 262
233 246
219 224
86 139
170 195
76 120
247 266
44 206
20 190
170 206
204 242
43 164
162 205
205 239
178 220
200 243
204 243
37 108
167 254
151 253
55 284
69 90
43 96
218 253
204 214
3 36
163 176
106 291
6 270
68 206
155 260
108 141
194 227
32 129
214 221
221 229
161 229
190 253
189 202
158 252
55 247
83 120
181 266
163 236
229 245
199 289
66 229
25 32
128 252
151 258
7 43
274 276
99 198
35 43
36 47
19 126
175 205
183 201
43 66
179 265
164 207
190 294
190 258
12 30
187 214
150 253
220 228
96 224
163 245
172 178
178 199
165 260
151 187
118 187
168 215
180 247
55 128
171 284
56 69
192 250
74 197
170 179
265 266
168 266
152 208
159 179
279 295
184 267
268 281
45 128
281 293
52 138
89 224
171 210
64 295
187 235
8 106
249 262
183 200
69 232
183 224
148 238
180 240
84 138
182 266
161 252
154 277
28 269
159 266
147 180
153 262
105 299
43 120
146 254
62 280
33 190
146 224
161 190
33 224
36 188
37 143
220 230
100 270
14 128
243 263
231 263
28 36
140 197
38 50
149 245
162 262
239 262
172 238
170 178
180 182
21 294
36 122
50 125
30 49
186 197
199 269
3 43
205 227
43 88
116 128
81 128
40 285
47 127
220 231
182 187
29 242
63 180
199 228
215 247
59 270
159 248
192 221
106 113
239 246
20 234
47 300
109 128
165 241
224 296
104 280
202 219
176 247
270 287
128 177
188 230
170 234
220 232
108 180
32 243
215 258
179 186
1 69
156 222
35 106
35 69
23 36
99 128
32 242
202 269
196 212
248 265
146 203
127 130
246 252
152 235
209 245
36 105
186 264
132 269
82 113
144 218
87 120
43 263
30 97
228 263
15 19
71 120
127 143
219 266
229 237
194 248
35 120
106 188
254 259
69 111
188 224
96 106
69 96
22 127
163 205
56 86
134 197
37 138
107 115
93 291
28 129
170 282
198 248
32 69
174 223
87 275
106 256
86 256
26 106
29 36
220 264
183 235
133 270
150 197
74 75
224 273
18 201
252 284
30 89
196 222
204 211
155 214
217 233
128 140
151 155
62 106
111 128
82 106
53 298
167 199
203 231
82 141
242 251
150 244
211 224
62 297
243 251
191 239
170 182
155 190
154 248
129 157
197 230
173 231
185 229
75 78
68 120
125 275
198 211
207 221
73 115
101 111
158 184
75 289
197 220
75 94
152 199
91 269
152 237
151 211
106 141
23 280
192 225
15 133
177 198
210 217
198 226
195 220
93 129
110 229
22 36
94 278
159 174
179 237
192 219
118 234
140 284
166 205
187 203
269 272
52 127
184 231
149 223
275 297
213 265
236 260
144 149
230 232
10 297
153 254
197 293
170 224
42 224
219 220
1 75
52 275
112 234
43 57
25 67
62 291
145 217
13 138
152 204
233 247
154 224
17 279
125 244
164 233
172 182
47 108
2 36
99 218
189 260
50 114
181 229
109 275
179 183
274 285
20 149
166 257
168 179
177 265
55 175
162 254
56 270
174 216
167 175
177 222
250 262
189 237
30 267
43 87
284 286
184 227
39 82
41 297
152 185
20 86
155 263
187 289
24 86
147 161
20 84
225 291
201 227
207 209
66 133
119 300
25 173
195 237
163 246
184 242
55 133
179 191
220 249
21 106
50 192
9 19
85 275
176 218
244 245
116 294
43 53
112 153
274 291
160 165
30 180
152 269
155 226
151 264
223 231
195 255
42 108
60 128
61 106
120 176
69 87
168 199
139 180
183 267
173 243
124 128
66 197
40 120
173 242
82 192
233 250
218 250
164 194
135 300
50 97
125 128
242 293
22 186
192 207
18 129
214 219
237 268
180 191
150 158
17 25
50 60
282 291
179 231
173 195
158 235
255 265
69 267
82 93
154 242
175 228
200 229
30 110
184 262
149 203
1 280
191 248
89 108
202 214
207 242
86 213
25 123
92 108
252 255
248 254
157 207
146 214
146 180
21 36
203 237
15 128
156 167
20 151
142 180
190 193
163 227
32 187
8 19
193 224
129 217
179 246
187 294
30 142
36 173
261 269
62 120
180 254
125 172
36 44
245 256
166 260
175 210
33 250
127 280
115 270
108 163
151 214
149 264
213 225
108 126
47 273
64 106
192 282
14 75
15 224
188 251
230 266
67 224
18 283
237 294
172 209
82 98
277 278
99 153
115 164
156 194
192 280
178 262
197 211
27 108
60 197
144 166
50 57
188 195
41 287
34 50
158 289
144 192
108 164
23 120
120 298
149 211
25 110
187 221
127 171
50 128
25 217
159 240
31 229
138 284
46 69
33 226
158 195
161 217
5 19
75 177
149 197
120 273
125 278
188 189
207 287
25 28
186 203
114 288
30 279
75 85
159 162
159 239
16 275
69 84
175 267
178 210
43 291
136 229
55 129
25 142
24 25
19 78
99 243
127 154
152 251
69 137
198 213
175 257
231 245
74 106
160 190
128 164
216 240
161 266
205 263
72 75
39 115
172 259
112 133
162 261
239 261
56 120
266 272
169 182
150 229
250 252
185 282
71 297
82 104
53 127
207 216
238 253
162 216
179 219
25 53
106 132
165 219
278 298
288 291
24 127
36 126
15 69
111 114
156 230
106 208
183 220
99 178
55 153
78 224
151 192
224 236
206 233
103 275
21 82
269 282
184 225
167 183
94 106
234 239
177 290
3 252
20 27
43 92
196 203
51 86
50 107
169 214
193 227
172 272
235 244
40 224
217 228
254 258
189 225
146 161
162 215
185 285
27 138
174 222
243 255
36 118
70 86
163 219
243 288
208 261
30 297
123 180
148 219
242 288
248 262
168 175
114 278
158 254
161 221
122 280
76 111
242 261
82 107
95 287
283 291
43 105
243 261
69 119
247 262
196 294
180 248
103 278
269 288
151 215
209 215
99 106
110 197
65 280
289 294
193 266
20 117
166 179
32 278
231 232
100 294
271 275
198 235
83 269
175 239
20 278
77 133
88 128
43 116
3 128
63 267
129 263
152 159
203 291
43 138
129 298
17 19
259 261
230 261
147 255
161 173
40 82
148 259
178 254
139 281
163 259
115 221
101 133
121 286
196 197
125 291
43 119
3 162
123 275
172 177
156 182
166 180
152 197
60 280
46 283
286 294
59 278
145 211
152 194
37 75
129 141
164 222
69 291
152 216
202 230
154 163
206 223
161 181
99 115
167 191
183 216
149 201
183 194
148 173
145 226
36 45
74 138
75 252
1 30
20 63
203 297
157 276
199 223
151 252
208 262
181 210
32 120
157 257
190 265
156 175
235 265
215 245
69 185
165 259
179 259
82 112
44 269
224 251
166 177
39 297
159 183
188 232
99 155
45 75
211 212
170 177
223 247
146 211
199 297
150 254
157 210
159 190
201 226
216 258
159 235
109 229
50 77
62 129
122 128
146 184
125 138
206 258
75 280
156 186
224 227
181 187
69 99
1 120
42 275
75 188
198 209
155 217
185 278
171 248
153 163
30 192
216 229
161 179
176 230
99 144
285 294
223 283
200 226
144 174
152 161
158 196
122 224
147 250
211 232
188 212
275 300
147 224
146 248
194 215
146 223
127 131
25 284
191 262
160 187
19 69
108 157
204 267
162 163
251 252
186 218
120 289
48 108
106 218
220 261
49 108
105 128
240 294
210 215
3 184
104 278
150 196
168 217
180 206
144 240
215 272
269 274
84 295
190 262
82 118
2 19
75 260
154 285
201 272
167 192
118 270
159 268
91 138
112 265
160 249
86 131
169 192
218 255
200 230
85 106
224 230
193 226
9 128
217 255
48 180
24 106
187 215
30 76
118 265
19 96
153 206
19 79
217 234
98 213
64 269
144 203
213 290
160 168
77 298
163 200
153 157
189 239
106 163
168 203
192 194
181 237
62 278
158 281
170 175
191 218
224 233
221 238
153 164
108 122
112 138
28 108
192 196
97 197
122 278
165 177
184 205
243 248
144 164
149 180
162 264
239 264
215 236
180 263
151 233
120 124
275 283
174 268
160 227
153 263
125 154
126 133
190 194
46 82
221 222
203 230
246 253
253 256
2 30
178 266
2 291
181 185
24 289
40 75
270 290
50 81
191 237
155 181
24 36
43 171
99 195
148 151
214 233
133 229
228 247
189 205
67 128
52 129
13 36
69 113
228 248
202 248
164 176
197 260
211 226
106 156
284 299
65 224
145 182
201 277
26 127
77 286
19 43
19 56
15 82
178 260
175 220
86 186
17 280
155 249
206 229
232 288
43 215
58 108
195 210
20 135
33 240
194 242
182 253
184 228
30 60
193 258
143 298
63 197
183 217
154 189
33 104
153 214
30 73
19 76
182 201
153 229
30 105
232 242
89 133
138 300
231 262
193 247
170 213
234 266
186 257
189 210
190 201
85 138
226 228
274 279
19 291
202 226
184 251
30 61
185 209
157 251
92 127
25 124
213 295
82 119
179 234
161 250
41 289
206 251
272 274
221 267
171 263
204 252
43 101
154 206
69 107
224 252
84 224
187 242
150 232
111 164
197 208
165 179
83 106
89 281
49 69
160 222
177 204
48 280
48 128
113 275
155 208
14 106
133 136
182 261
169 227
124 275
79 128
46 224
173 174
179 210
75 235
176 248
161 214
20 126
160 221
211 263
81 106
50 51
151 210
209 217
216 264
212 229
79 129
205 229
82 88
205 269
59 269
86 115
206 264
101 224
193 291
161 242
3 176
151 194
88 286
54 197
43 55
63 281
50 121
107 284
200 214
157 284
209 237
201 256
166 228
269 283
149 156
204 229
86 105
69 73
73 106
233 260
73 86
43 214
108 110
200 216
173 201
23 69
168 186
50 69
19 282
84 229
164 242
156 200
188 262
17 180
204 254
215 228
189 206
149 205
171 294
275 296
12 128
181 267
75 122
25 45
263 285
166 223
39 120
36 137
181 193
104 197
148 186
117 154
159 244
50 90
202 254
179 236
59 224
10 20
127 279
198 231
179 196
252 268
188 242
43 73
19 68
196 232
146 217
20 178
222 227
46 120
193 275
215 230
126 280
25 138
93 106
180 183
106 139
36 132
171 228
197 281
170 267
146 158
251 260
163 178
84 269
267 268
149 239
50 104
166 210
201 231
12 133
39 284
180 214
201 218
25 104
182 248
62 197
171 220
215 231
200 247
286 295
187 196
30 47
144 147
63 294
30 293
22 280
43 94
244 281
160 225
54 298
152 252
148 211
191 263
14 43
167 250
105 286
5 289
88 108
86 263
30 107
188 222
154 254
181 236
180 260
69 70
43 208
223 244
159 164
215 232
115 286
113 280
53 69
125 242
199 244
150 165
105 108
171 176
169 224
176 181
20 139
182 211
19 100
69 188
226 229
287 295
3 242
75 99
157 244
197 258
148 152
222 234
153 207
104 127
206 253
127 176
146 255
3 157
158 263
179 185
130 269
188 198
184 234
49 120
248 261
206 255
176 183
79 120
151 167
226 253
180 231
149 251
197 257
91 297
190 206
153 177
176 197
215 264
165 209
154 196
181 198
174 207
208 243
151 239
158 188
278 296
99 263
190 283
36 119
180 259
174 192
108 226
43 93
148 209
180 241
163 181
153 223
188 257
239 249
94 289
25 235
201 234
108 239
62 286
224 297
192 206
55 207
55 162
82 137
30 277
195 274
26 50
30 35
45 260
69 127
224 259
33 171
164 198
219 262
68 108
147 192
53 75
64 229
163 244
204 227
30 57
188 236
213 289
235 247
41 120
167 213
226 261
222 250
69 123
197 215
50 131
222 224
153 228
176 263
195 215
214 228
146 262
153 183
231 238
209 274
180 256
160 205
156 185
121 260
225 297
82 94
165 197
149 216
62 289
198 221
43 248
164 225
184 298
162 237
237 239
150 166
275 287
144 186
165 206
127 291
85 224
170 246
154 246
163 251
8 20
25 63
149 210
163 192
174 203
152 163
53 86
102 224
217 257
197 221
75 286
115 280
263 287
85 129
170 231
190 207
164 181
138 141
82 284
147 189
149 159
26 30
112 280
35 133
221 265
242 258
138 269
115 138
46 180
16 229
44 69
162 167
167 239
198 281
69 98
4 75
99 207
191 251
146 176
26 278
230 264
234 265
191 245
14 25
215 249
262 263
148 243
165 203
63 286
101 106
210 229
190 208
205 234
77 278
159 243
159 221
193 269
35 271
162 185
185 239
169 190
62 298
196 220
153 167
59 197
96 186
159 234
210 235
231 264
63 129
100 300
73 75
167 211
242 265
95 293
143 294
210 213
160 243
25 97
202 260
85 229
25 40
19 91
243 265
144 252
168 243
82 286
180 269
135 229
99 204
179 233
147 152
60 106
222 281
170 242
55 152
14 269
268 274
218 230
180 219
106 147
83 108
237 238
146 198
183 206
151 261
166 251
25 139
46 275
189 233
164 212
73 275
86 175
186 220
25 120
120 135
154 191
184 209
100 286
142 224
83 132
144 254
233 263
91 278
177 200
209 211
82 100
92 300
165 221
147 210
20 103
224 232
13 120
178 233
16 270
19 26
50 54
241 245
86 179
149 179
9 36
104 129
76 260
149 232
103 120
144 230
235 242
192 201
230 269
104 107
76 237
141 294
158 248
170 249
162 207
207 239
77 82
102 269
110 275
7 19
168 250
30 68
202 240
196 239
55 212
148 214
144 209
185 220
47 86
25 140
173 261
81 127
167 259
152 176
124 269
200 246
30 75
178 203
129 137
13 133
19 132
229 284
86 218
87 138
161 191
269 277
187 217
19 279
86 221
106 114
207 266
82 292
192 193
184 191
230 239
14 20
36 96
156 165
168 214
179 244
96 289
138 143
193 196
240 261
120 276
203 294
195 200
57 128
177 229
155 209
43 91
19 86
136 138
192 252
170 181
163 212
197 264
7 133
169 218
28 50
150 246
118 229
86 91
179 197
127 296
86 121
125 155
50 141
201 254
165 218
75 89
193 211
220 237
205 213
146 263
19 294
281 291
43 84
189 197
127 134
173 190
185 216
214 240
25 295
100 128
225 226
5 25
214 245
28 197
203 240
91 128
9 25
197 263
43 85
151 245
172 254
162 267
239 267
163 204
229 258
162 211
147 237
211 225
208 222
196 238
19 27
152 217
192 230
22 106
141 289
155 175
19 24
25 78
13 50
146 199
147 233
189 252
183 215
199 240
99 190
18 50
36 62
213 272
263 283
130 224
192 231
129 289
105 279
11 108
206 244
19 63
184 233
32 199
284 292
26 138
90 129
36 83
227 266
202 224
82 117
36 94
71 127
248 294
127 286
235 251
55 254
127 128
233 235
176 234
157 255
20 181
156 198
33 133
162 220
133 271
154 259
44 270
75 112
182 245
156 253
222 249
150 212
208 229
181 225
153 188
150 230
44 82
243 269
147 175
20 244
162 251
239 251
43 229
230 235
109 133
20 101
153 169
128 217
173 267
162 274
47 129
115 186
174 200
36 76
185 240
38 224
153 264
36 79
158 203
166 266
86 160
186 252
10 30
59 297
74 224
82 226
187 209
157 192
227 260
183 255
196 224
107 192
205 248
1 50
32 164
156 257
46 127
244 253
13 82
229 240
109 129
20 21
216 227
106 150
137 297
226 258
78 133
95 260
169 174
210 252
145 184
155 219
165 183
259 267
155 242
20 295
69 217
66 106
204 263
7 297
40 277
194 259
191 269
178 217
41 224
218 243
145 191
145 260
202 263
161 231
218 242
179 225
197 253
216 236
38 43
30 88
166 197
189 204
204 256
227 257
203 270
178 237
80 120
146 172
195 223
20 78
166 172
147 234
228 246
79 108
184 272
150 227
136 269
172 240
61 278
59 66
25 59
139 213
147 196
128 137
168 196
36 214
185 214
200 256
217 219
150 157
237 260
24 30
31 129
243 267
168 192
199 270
106 138
188 210
52 120
7 25
43 64
164 166
242 267
36 216
77 229
164 170
192 203
36 156
93 199
11 267
209 214
115 229
236 240
199 200
153 230
48 224
85 197
33 205
181 200
54 278
188 194
79 229
47 180
75 96
51 197
162 202
202 239
178 208
154 199
185 213
192 227
207 268
140 297
170 221
26 224
200 203
197 231
164 201
116 197
133 186
11 180
20 231
128 254
50 52
185 260
165 266
177 205
221 294
188 207
237 252
50 53
138 291
160 234
158 241
115 133
82 86
223 235
76 138
215 261
164 200
10 69
12 224
150 223
247 254
4 197
195 229
189 238
233 252
185 275
105 127
7 224
247 267
144 238
199 229
66 138
86 117
159 246
119 278
207 213
87 289
187 230
213 260
19 118
161 206
250 251
25 214
161 227
133 137
185 287
202 208
25 27
45 275
113 127
146 207
100 224
82 220
202 221
177 227
110 269
53 106
165 263
167 182
146 212
207 229
246 265
9 50
33 194
23 108
69 117
57 75
118 282
20 56
267 283
5 297
7 127
40 133
33 187
249 252
97 133
85 128
150 265
156 171
42 69
75 116
150 191
269 287
216 246
38 128
114 269
239 259
30 65
128 135
34 127
30 52
175 293
180 230
173 175
229 264
295 299
181 269
150 159
183 254
156 166
86 92
161 184
146 156
100 297
158 260
197 266
192 253
193 293
176 254
187 252
165 246
146 179
108 237
203 261
197 249
23 75
75 135
2 129
175 258
241 273
161 249
236 254
100 229
162 245
239 245
43 56
201 208
188 218
176 256
216 257
15 206
135 278
251 263
175 184
146 266
5 86
9 108
69 238
18 254
62 127
283 294
36 211
3 232
229 235
86 284
236 256
80 280
35 115
72 278
211 213
160 218
224 253
9 269
48 82
215 225
167 208
35 108
32 106
171 239
76 243
14 280
61 75
194 252
168 191
125 219
20 59
97 269
197 252
68 260
159 216
20 182
222 254
154 188
3 30
213 271
144 211
156 270
147 171
157 161
19 34
46 278
27 43
19 135
219 229
31 108
228 256
83 291
202 250
196 252
179 268
117 252
79 82
162 223
223 239
241 262
43 112
55 158
36 248
216 265
30 284
36 103
114 275
233 237
151 173
219 233
150 221
99 138
261 263
75 160
213 248
199 294
66 289
133 297
175 215
166 287
221 245
227 264
114 287
195 261
145 192
43 220
58 229
192 269
64 297
238 257
43 199
169 186
77 106
149 224
128 157
204 218
120 180
214 253
281 294
86 137
25 83
203 232
100 133
27 69
150 186
1 25
153 236
159 260
224 243
148 217
195 202
136 300
150 264
76 275
176 289
138 295
199 202
19 95
200 242
167 247
43 117
212 250
82 123
158 240
200 219
46 108
173 258
171 238
49 267
118 278
89 269
164 232
5 206
198 241
91 129
156 180
188 285
161 230
260 262
25 76
153 156
232 294
196 274
225 270
128 139
50 79
6 106
148 241
10 270
179 261
46 129
163 226
270 275
87 133
149 229
66 269
50 91
45 50
30 117
19 124
81 297
144 179
203 288
88 106
172 249
77 197
155 256
168 208
201 255
46 128
201 206
280 291
69 71
241 265
168 241
86 96
223 260
20 112
84 291
52 280
5 197
154 179
218 222
18 25
186 238
150 225
265 285
165 248
191 210
167 226
162 222
222 239
178 253
172 244
69 120
159 241
195 211
152 223
255 256
120 299
173 186
138 180
186 289
92 120
33 43
32 185
172 206
149 188
281 289
152 160
187 234
189 192
177 278
150 176
115 152
41 278
172 219
163 232
67 280
188 240
45 278
19 72
64 280
88 224
4 138
231 261
77 138
205 221
144 195
234 261
37 86
146 202
212 215
226 274
185 189
69 93
159 206
188 229
179 253
153 208
220 284
207 263
194 247
79 133
212 246
69 180
108 119
150 155
94 280
45 133
229 250
182 188
202 242
177 201
30 71
41 128
206 265
18 260
223 241
99 127
185 195
291 293
153 233
72 286
268 291
55 115
164 205
184 196
50 74
144 234
120 290
171 215
147 194
154 235
182 255
76 293
164 245
43 256
170 190
170 235
25 61
171 252
192 273
125 187
31 106
5 128
75 211
161 192
86 109
127 285
204 247
129 215
20 136
162 260
170 218
163 185
30 280
43 188
291 299
112 224
55 278
265 283
81 298
151 170
86 201
36 51
196 211
157 247
153 172
152 281
155 173
54 275
180 203
108 109
204 216
156 168
175 264
184 255
133 286
24 69
188 200
291 297
106 135
89 298
156 262
164 182
20 87
162 212
212 239
220 268
129 177
107 278
18 280
224 256
82 114
234 245
8 269
10 86
146 205
213 263
218 251
30 40
196 225
147 176
25 54
230 248
207 244
71 224
197 234
2 75
76 86
30 100
160 192
103 106
36 127
146 235
178 294
203 277
143 185
45 69
156 237
168 173
176 184
211 234
124 284
222 252
173 209
196 248
231 248
32 75
123 224
183 204
69 239
144 214
184 261
25 116
172 214
149 228
13 267
155 229
170 173
98 180
162 287
75 111
86 93
36 217
208 257
31 138
173 225
221 260
198 247
220 234
64 133
86 180
3 285
30 103
99 219
162 168
144 190
168 239
192 202
141 154
106 224
193 254
187 189
168 190
114 129
36 61
178 251
227 258
37 69
166 236
173 251
60 300
100 138
190 256
35 296
174 210
75 76
172 230
22 82
64 289
95 206
178 187
42 86
163 182
153 265
20 64
19 125
164 251
166 176
223 254
150 247
274 292
170 241
56 297
166 245
33 82
43 103
163 262
97 206
179 255
208 265
240 252
194 263
212 242
153 159
129 234
128 147
35 268
92 275
119 294
86 156
150 258
69 156
202 246
175 185
149 155
36 54
141 229
43 78
173 264
26 298
166 258
69 136
75 83
159 208
163 187
14 275
177 262
75 229
128 214
16 138
250 256
150 202
3 260
171 260
294 299
83 278
30 273
225 256
185 238
58 278
144 160
232 260
99 180
15 30
144 281
92 128
86 235
107 242
211 237
25 103
151 251
208 210
146 251
19 109
191 208
5 43
68 180
50 119
82 300
183 184
128 156
54 229
20 57
213 262
152 164
157 267
21 43
77 269
118 281
156 158
159 254
150 183
180 252
76 197
151 257
169 250
178 216
20 132
96 133
217 251
193 256
192 259
237 293
30 123
198 217
150 151
81 133
77 108
113 289
34 138
153 185
244 285
170 260
55 195
58 128
173 227
168 226
226 265
117 289
92 129
181 205
168 259
196 215
208 240
145 151
167 235
108 150
153 217
68 225
54 129
211 249
187 206
59 213
171 262
181 204
243 274
159 178
35 82
21 229
37 128
57 106
188 264
158 266
252 283
255 259
70 106
75 279
22 138
3 133
145 146
204 248
20 120
232 241
210 266
43 140
156 159
23 25
173 257
125 197
270 278
66 278
160 264
110 120
186 215
82 131
203 238
24 108
185 293
160 201
37 275
79 106
43 160
213 222
169 263
33 36
157 196
156 265
176 252
155 248
101 180
19 140
151 265
151 168
218 227
219 254
114 120
86 266
146 222
203 219
169 195
259 266
158 163
15 86
226 297
42 129
269 293
36 258
18 36
50 62
196 255
172 229
149 236
191 283
33 202
95 180
7 20
3 152
161 238
219 256
36 135
149 200
170 209
183 205
185 230
242 281
186 232
169 219
78 108
145 153
201 297
185 215
204 221
49 133
191 212
154 280
43 147
191 205
145 173
149 176
196 263
86 234
17 82
20 166
149 257
166 216
169 246
255 260
147 185
258 269
235 249
192 263
195 224
218 245
149 150
103 127
218 257
85 127
162 170
170 239
112 180
229 236
218 246
210 240
192 255
196 266
175 260
161 208
188 244
148 240
229 246
269 286
218 236
5 275
162 265
176 229
239 265
164 204
43 242
194 217
189 224
128 211
32 280
197 277
21 275
154 197
25 42
159 166
223 266
19 101
97 120
7 280
191 199
203 224
107 108
235 246
169 249
149 164
93 128
172 252
205 247
35 229
168 240
26 133
274 296
215 237
38 120
30 290
188 249
147 198
36 215
213 254
99 237
165 235
174 237
229 234
166 265
9 75
69 130
150 213
203 204
233 248
245 266
106 220
254 296
100 289
62 133
50 105
219 253
50 73
205 215
181 235
30 115
164 224
245 249
106 111
20 47
154 208
69 143
106 143
159 281
86 143
25 92
225 234
151 204
60 297
103 128
216 224
173 246
226 291
171 217
212 260
237 240
82 264
219 244
268 275
129 164
149 256
275 293
175 216
95 138
73 297
181 211
27 106
40 86
171 254
1 127
36 49
49 185
171 232
50 108
145 152
204 217
242 255
101 108
82 124
157 237
36 157
163 243
69 114
72 197
216 281
66 224
169 216
30 139
150 261
192 213
275 280
20 77
198 242
60 120
147 227
186 216
157 205
33 132
242 263
170 259
50 129
209 232
175 287
200 260
82 277
40 128
1 128
221 239
178 185
73 276
187 270
181 248
223 281
166 264
259 265
36 42
55 237
25 26
190 203
127 141
80 138
237 249
59 82
170 233
214 237
121 289
200 209
42 133
24 129
27 291
159 259
210 254
160 244
107 221
212 241
152 265
37 50
237 266
146 177
125 224
166 200
229 251
151 237
194 249
166 211
152 211
193 240
201 242
136 286
201 219
185 243
166 238
118 220
89 278
145 238
187 249
197 248
154 230
49 275
82 234
20 55
108 266
106 254
39 86
173 228
294 297
75 139
41 129
147 212
229 243
219 294
150 267
25 112
239 240
99 193
161 199
2 43
157 176
234 255
174 235
25 49
172 233
43 65
173 230
156 243
226 236
75 239
157 194
187 256
78 280
19 88
218 259
202 216
160 247
279 291
41 138
156 210
19 70
50 71
10 129
185 252
151 185
137 289
171 188
99 162
183 233
101 278
165 247
210 216
35 72
11 286
191 274
82 180
30 79
75 115
29 30
15 120
31 75
35 202
51 115
250 258
171 206
189 294
232 256
207 227
148 229
42 50
156 178
181 272
75 79
49 129
99 269
61 108
51 284
65 229
30 114
203 285
184 232
99 265
196 261
157 224
181 274
3 25
51 278
278 295
77 275
209 216
36 201
17 120
154 157
129 248
32 260
229 265
101 128
9 278
207 246
86 122
158 244
147 172
264 294
276 291
20 99
153 202
198 252
213 266
95 127
200 206
30 106
56 278
160 183
281 297
144 217
177 234
198 220
151 172
224 277
228 229
187 231
66 293
86 114
209 257
160 257
177 197
172 227
108 143
129 131
195 239
80 289
177 183
192 218
51 128
157 182
173 233
224 249
19 122
65 82
47 294
56 82
76 153
106 179
30 271
133 288
137 197
89 297
108 130
178 239
82 109
208 228
39 108
19 65
120 154
201 248
266 269
33 275
246 274
18 220
108 215
154 175
269 292
149 266
20 118
189 222
86 113
169 191
62 108
197 242
20 83
193 199
177 181
213 270
33 233
142 297
21 86
164 267
222 244
20 80
43 154
157 282
206 243
133 273
165 229
276 284
44 106
227 252
104 221
211 221
192 276
168 178
183 197
212 224
154 229
55 200
106 142
172 243
145 214
209 294
99 152
50 142
75 220
56 129
111 133
86 97
162 179
22 275
28 280
163 267
19 60
69 124
34 36
197 246
240 264
148 178
95 269
75 143
238 243
195 205
95 242
23 278
175 245
12 120
8 86
97 185
279 284
192 217
18 237
166 188
96 278
197 278
146 188
20 95
11 138
196 256
30 34
149 177
10 43
155 216
146 193
151 163
163 180
86 116
102 289
89 138
64 127
19 192
108 254
204 213
197 247
60 82
254 287
184 229
15 50
59 229
25 64
113 278
266 267
58 129
223 240
172 185
218 231
197 287
244 262
106 238
36 147
149 154
173 234
211 247
75 97
19 106
220 225
267 300
256 262
116 133
238 261
218 267
19 25
172 217
33 158
210 221
180 190
140 224
144 216
85 269
51 192
65 86
264 268
205 250
178 267
163 202
22 129
223 226
179 227
82 285
195 258
206 250
133 279
171 258
145 160
36 92
217 245
3 267
152 167
108 138
149 212
230 263
221 257
4 25
75 147
181 208
169 208
187 246
163 250
155 191
171 193
232 238
201 270
191 197
147 151
98 280
188 250
78 154
58 280
284 296
27 284
50 110
90 127
194 195
41 82
33 176
25 34
58 300
200 218
171 293
17 106
128 256
20 38
187 227
153 173
148 250
218 234
179 257
139 224
206 228
269 297
39 278
257 281
156 193
86 141
112 243
69 141
186 294
105 273
145 216
185 197
203 236
163 213
25 270
230 253
33 278
6 297
129 139
183 225
177 249
106 239
36 37
20 240
170 184
45 129
41 197
80 229
167 181
55 293
253 254
156 162
137 298
193 197
199 242
180 281
185 188
179 198
146 160
43 163
128 141
219 223
178 184
51 69
50 279
150 174
183 262
244 267
76 278
32 225
178 228
59 108
25 52
153 218
254 269
229 254
144 266
68 278
173 232
73 224
93 229
103 281
175 283
19 20
153 288
195 218
4 36
60 270
11 69
249 251
177 219
47 289
178 206
55 251
111 221
20 274
213 284
89 286
7 69
127 242
75 124
188 246
155 266
72 133
197 265
212 235
218 238
4 229
156 169
33 86
242 283
270 295
188 237
86 217
67 180
59 86
199 226
162 238
55 243
188 243
9 270
202 297
195 265
201 203
144 227
159 219
163 237
199 265
148 281
268 284
20 218
55 234
149 233
133 282
35 180
177 189
40 50
74 268
221 255
185 217
213 220
161 246
159 195
219 265
236 244
30 80
159 199
212 220
38 269
176 186
227 248
167 218
15 275
148 199
34 75
194 234
213 251
199 283
43 111
186 253
181 199
47 229
167 178
219 274
168 244
186 236
157 221
183 222
177 264
11 30
182 260
160 161
187 248
178 238
166 224
51 127
164 197
188 227
59 106
75 104
229 260
49 106
162 169
169 239
227 235
33 230
20 259
199 247
164 265
232 269
25 44
19 87
204 269
19 64
247 258
189 254
68 128
248 257
179 269
254 270
217 237
19 136
86 188
98 120
240 260
145 219
128 263
41 127
129 291
242 300
43 47
118 293
92 289
153 260
250 274
165 199
43 80
160 209
241 251
41 280
225 235
105 287
152 165
222 235
122 300
146 159
182 212
220 227
73 285
69 79
181 232
184 190
157 232
198 206
165 189
73 299
41 108
43 109
6 86
213 292
33 211
163 198
43 179
102 298
208 242
92 197
166 229
146 265
264 266
186 260
211 257
177 231
178 194
86 211
232 244
125 192
176 211
162 214
174 228
151 184
192 248
234 285
164 247
171 172
43 266
69 74
25 56
43 133
183 258
177 194
116 120
42 128
175 237
177 230
143 229
207 248
155 240
197 232
30 98
160 259
221 237
48 50
5 82
252 293
247 261
243 262
232 249
75 102
224 292
212 230
58 197
175 217
8 286
50 100
253 266
220 267
38 82
215 234
185 294
281 300
33 138
191 193
184 192
242 245
145 183
155 171
157 170
188 259
26 197
196 205
86 248
178 200
3 197
189 251
48 138
199 261
169 259
195 266
129 147
169 230
208 226
190 248
20 162
217 229
256 259
3 265
192 198
61 229
238 269
92 106
144 220
199 255
243 252
59 138
182 217
30 101
30 31
180 213
152 169
44 120
33 208
43 63
55 281
85 86
140 269
218 258
188 265
168 188
148 221
154 256
185 221
19 85
9 275
204 215
172 203
164 262
164 227
61 120
161 218
168 189
199 249
15 269
81 197
203 255
205 218
154 192
25 188
144 246
145 247
32 262
165 269
193 278
54 106
168 263
203 253
216 237
108 229
149 265
13 197
36 56
32 180
148 242
43 74
61 180
48 133
194 250
25 137
135 286
157 281
162 285
245 252
168 195
3 75
17 269
44 129
242 248
5 69
171 256
38 268
128 235
281 283
43 142
101 300
42 278
189 262
99 224
174 224
19 84
16 120
181 263
157 204
211 241
145 188
240 281
168 219
151 254
148 150
208 223
227 263
25 115
16 36
160 180
105 129
224 229
20 23
199 262
51 176
32 267
205 252
164 249
5 269
25 252
3 185
161 186
50 65
146 261
158 229
249 294
211 262
157 249
154 183
226 260
203 234
29 133
251 269
213 224
25 37
196 245
25 68
99 169
108 235
186 222
175 224
196 251
287 291
165 254
108 291
250 266
133 180
93 197
154 266
69 89
3 86
20 93
184 297
55 154
39 275
199 281
163 191
240 253
201 269
192 285
249 255
4 50
272 278
20 92
188 191
127 273
43 224
129 280
57 278
8 25
30 116
32 154
82 283
35 36
23 106
156 183
148 192
184 299
35 289
275 281
20 107
182 220
209 239
34 106
252 259
5 276
136 298
101 294
112 208
174 253
46 176
29 280
148 191
42 82
31 36
163 168
219 257
194 243
94 108
213 298
159 191
213 296
14 289
28 82
128 188
139 220
175 203
51 180
125 262
47 197
147 182
157 250
45 106
43 126
14 127
20 171
23 298
114 157
108 213
69 160
6 197
191 265
53 280
19 134
36 113
24 197
7 275
144 260
30 299
228 252
120 126
74 82
212 249
130 138
193 216
80 286
146 201
274 288
106 157
149 258
50 101
149 222
245 260
177 236
36 284
176 266
108 147
79 138
19 117
36 177
61 69
20 153
188 241
99 154
171 185
146 236
30 87
22 120
223 230
203 246
138 234
19 142
47 82
191 223
44 86
156 207
108 176
215 250
11 120
45 86
147 243
158 226
212 214
164 240
50 295
5 20
25 109
64 69
118 252
202 213
147 242
186 274
187 193
182 233
158 179
154 186
86 294
213 257
175 198
173 240
68 115
176 227
217 226
79 224
96 269
123 197
106 215
34 108
84 300
169 248
178 225
197 225
213 237
205 220
88 127
82 128
199 201
30 46
25 85
274 282
152 253
28 75
153 219
254 299
192 214
190 217
42 75
16 280
156 255
38 288
28 278
207 259
158 242
157 246
160 178
188 283
91 120
164 231
166 294
172 208
8 69
147 262
176 220
33 129
127 129
187 260
128 163
20 140
166 232
82 134
146 232
144 259
157 183
147 205
69 95
15 138
161 256
219 238
78 180
21 133
184 275
36 150
82 90
194 209
141 269
237 287
50 89
8 127
82 258
133 295
187 272
95 108
55 93
95 282
184 268
10 75
82 121
126 229
195 204
192 234
99 157
171 204
120 283
40 106
74 86
227 267
193 220
30 224
166 261
212 247
211 223
13 278
160 228
82 187
153 200
101 197
146 164
82 190
163 270
215 246
71 298
177 245
81 229
112 197
227 261
20 53
200 231
184 259
127 298
103 197
257 259
167 243
48 229
75 123
220 224
20 66
125 243
73 127
204 209
20 35
6 50
184 223
201 250
213 245
232 293
182 257
97 298
4 128
40 298
149 208
251 281
232 268
176 182
192 256
207 218
158 173
115 127
60 127
206 212
18 266
183 198
146 206
20 191
133 260
232 263
166 222
30 58
211 259
99 240
75 269
67 106
162 229
229 239
121 133
211 258
238 264
20 96
182 252
181 254
38 284
2 269
185 191
237 267
197 224
215 222
192 296
275 290
183 212
235 245
54 269
80 224
223 293
154 164
98 106
202 211
107 148
190 245
14 129
40 197
82 276
224 245
171 216
178 229
84 128
179 226
20 70
36 124
201 300
19 47
80 129
25 150
206 232
157 198
180 297
237 256
2 69
237 246
224 254
102 138
169 197
86 95
248 258
162 248
169 178
13 129
50 276
225 248
227 228
173 207
256 257
161 163
166 212
19 29
3 120
195 238
226 263
179 283
228 243
187 269
169 199
136 289
163 222
167 186
167 246
214 251
55 75
166 204
19 45
209 233
19 77
158 215
210 230
237 241
127 299
50 102
29 197
33 209
153 211
223 243
172 199
173 245
209 238
34 69
188 228
38 278
198 215
281 299
59 154
36 68
60 294
201 281
243 285
223 234
13 280
185 246
117 224
227 256
131 224
44 128
202 281
163 175
191 236
35 275
224 261
263 281
56 106
213 286
193 243
137 278
14 133
106 136
229 259
91 280
294 298
19 283
108 116
214 294
145 209
156 202
187 190
25 35
228 234
207 235
187 224
84 197
30 292
177 267
7 128
178 223
178 248
16 69
156 250
152 229
3 263
2 82
116 269
36 50
57 127
170 203
276 278
63 133
38 275
167 227
22 197
19 55
25 31
151 207
114 127
188 219
231 236
99 236
232 235
184 279
20 76
11 213
20 290
281 288
191 200
106 164
109 138
149 172
175 225
195 228
20 291
126 278
194 254
171 251
197 256
148 234
152 222
166 208
129 214
229 261
27 129
75 215
206 245
120 271
43 235
3 50
180 238
146 169
11 229
82 91
191 260
163 291
228 231
89 229
1 138
11 43
244 256
179 258
127 192
135 197
71 75
62 224
209 251
108 113
206 226
50 126
173 187
150 189
174 258
145 240
147 186
73 281
146 229
73 272
174 232
189 257
192 244
275 298
139 197
211 229
162 258
239 258
108 188
55 108
95 284
69 163
179 293
165 217
124 260
30 41
69 190
184 226
147 258
150 195
35 295
33 155
234 237
122 297
4 275
240 258
91 300
105 296
32 192
179 245
115 297
22 298
20 106
83 294
20 69
91 229
195 257
155 192
230 265
235 243
201 263
209 252
26 75
20 33
260 267
150 242
203 300
55 236
34 275
224 281
150 243
161 259
97 260
226 270
288 294
149 235
211 251
25 119
18 138
12 129
75 173
187 218
192 262
154 209
5 180
129 237
152 193
113 133
179 182
244 251
30 131
27 278
185 196
204 235
161 215
186 194
82 175
205 217
45 127
200 227
189 220
36 235
106 123
112 229
88 291
120 291
32 190
231 256
181 251
118 300
182 214
148 166
244 266
166 185
84 86
155 231
20 113
165 208
83 86
152 225
146 173
211 264
192 242
67 275
13 30
248 251
195 264
67 75
174 261
13 269
118 197
20 138
291 292
57 224
98 133
81 278
92 280
206 236
226 267
1 106
79 127
225 259
108 224
180 208
205 209
63 82
50 130
145 234
181 252
190 263
190 199
168 238
31 86
86 101
240 248
189 211
176 260
109 286
162 294
216 285
192 289
217 259
179 187
50 136
188 245
162 283
201 286
178 197
74 294
140 180
50 143
138 270
244 252
10 108
137 138
197 207
236 238
95 292
33 256
172 218
177 226
165 174
52 197
17 294
153 180
189 255
203 293
145 196
183 256
178 263
114 289
189 203
158 224
223 259
172 189
69 284
46 298
192 209
198 260
47 279
4 69
191 228
223 294
155 259
216 267
36 242
218 244
197 244
104 184
228 244
191 224
294 295
147 249
75 101
153 266
13 254
195 269
20 25
54 138
161 240
224 258
86 88
180 266
169 235
94 129
190 220
112 269
172 195
75 179
140 278
176 208
148 206
57 69
164 189
199 205
282 294
181 228
22 50
242 269
176 241
10 138
67 197
145 156
144 242
203 289
75 136
29 129
43 97
180 216
147 187
218 261
105 290
47 75
96 180
68 275
80 127
43 127
241 281
182 206
182 256
224 263
74 127
158 259
223 224
224 231
265 277
175 200
166 235
195 236
96 120
144 150
19 44
43 71
156 249
211 253
74 129
153 176
82 89
99 208
174 208
66 69
252 258
69 102
264 269
55 156
157 212
195 207
127 136
184 253
177 225
211 255
22 229
170 230
182 194
20 98
16 286
220 221
207 231
147 197
82 110
145 252
168 230
82 281
55 148
76 129
145 162
31 69
145 239
163 225
213 287
55 159
191 238
197 202
74 300
175 194
82 186
203 207
57 275
171 177
222 247
124 206
112 220
71 86
71 106
200 224
38 283
170 214
243 256
76 224
156 246
243 260
192 229
55 265
144 173
233 244
84 286
215 227
222 259
75 154
186 256
88 133
192 300
202 244
120 285
25 234
73 197
25 135
182 192
19 119
269 294
177 247
274 290
169 203
161 234
229 262
30 63
213 216
189 208
181 202
230 244
30 66
153 158
164 230
214 226
177 261
136 280
199 251
49 180
19 52
182 204
217 246
10 133
27 127
163 247
69 104
181 214
108 221
117 232
32 169
207 256
227 232
134 224
238 262
165 230
158 162
158 239
95 157
25 93
32 208
82 291
165 211
126 127
165 191
20 68
175 254
60 108
27 197
1 229
215 267
157 227
173 200
192 235
77 224
206 230
129 134
126 129
67 127
179 242
128 180
30 96
148 174
187 232
147 232
73 108
238 246
9 82
35 138
33 165
29 281
153 161
212 243
166 233
99 133
243 253
146 192
117 176
165 184
55 264
274 283
170 220
156 191
14 197
127 300
144 215
41 180
178 222
127 229
176 224
53 224
86 102
169 171
167 174
26 269
170 192
108 156
19 92
258 260
38 133
269 281
161 174
119 286
151 236
204 220
186 261
82 105
202 234
43 100
33 215
200 250
238 249
58 269
200 217
153 203
4 280
207 215
7 50
3 108
163 194
188 225
133 176
216 255
17 278
107 169
114 294
174 185
235 254
250 260
160 195
188 197
25 84
138 140
157 186
25 107
19 46
274 298
3 269
103 180
254 265
43 136
14 19
179 209
7 229
183 211
174 274
55 184
146 150
56 229
43 104
18 243
144 157
156 209
184 249
160 174
107 262
163 233
145 266
192 199
181 245
159 226
148 254
160 207
276 281
144 244
19 37
86 239
162 172
172 239
151 198
69 254
217 231
172 224
50 116
242 268
226 256
86 138
25 39
81 269
170 191
160 240
225 266
123 129
157 185
36 95
178 265
167 172
50 61
24 260
144 197
13 213
123 127
178 257
155 163
151 216
10 120
200 208
224 264
171 222
144 249
76 108
237 291
164 187
12 106
155 206
157 223
150 178
105 268
216 226
174 217
227 229
19 110
194 226
19 51
278 297
39 269
157 241
160 261
8 43
37 278
247 252
157 273
5 138
102 108
205 249
18 111
35 283
208 251
225 231
127 292
118 269
203 242
245 246
243 254
171 253
19 73
152 155
203 243
154 278
142 298
7 36
151 159
247 269
149 261
173 198
5 30
200 281
184 197
203 229
108 118
158 250
208 267
30 136
154 247
140 275
165 214
221 224
175 262
168 248
26 108
124 278
50 137
228 235
11 128
127 206
31 127
187 240
3 82
82 87
170 193
224 234
210 246
41 106
148 196
67 120
188 231
153 253
276 294
103 108
185 247
86 238
225 260
191 225
178 192
70 197
29 75
118 213
35 127
30 69
20 85
155 166
184 185
75 105
224 242
174 187
32 166
132 275
20 75
269 270
25 101
204 226
24 115
213 261
201 283
103 129
11 278
9 127
75 113
162 206
151 223
134 269
135 138
145 244
229 233
168 221
208 259
273 278
30 83
232 252
204 278
32 127
70 269
75 133
180 246
147 261
230 255
88 278
59 69
19 21
63 106
145 181
133 141
107 146
235 262
151 157
55 138
171 229
15 260
237 247
48 269
178 245
220 250
19 295
27 36
79 269
43 114
19 53
175 261
192 220
101 129
4 120
15 108
246 248
151 262
148 175
228 250
28 127
202 256
23 86
192 208
86 216
147 240
153 222
75 121
164 219
129 284
106 130
86 130
55 188
133 298
160 281
224 265
152 289
253 259
179 249
195 260
203 247
240 245
108 135
129 142
99 234
157 242
95 295
206 219
183 245
112 278
65 120
172 186
188 255
108 117
162 266
60 133
10 127
175 214
146 238
191 217
66 86
117 138
43 125
104 224
198 243
141 298
219 263
33 146
51 120
59 127
19 40
115 281
90 275
183 237
154 178
174 245
145 179
16 82
42 154
177 269
80 298
20 42
13 127
47 298
19 107
176 215
195 263
126 138
226 238
163 231
53 133
229 230
110 278
265 270
114 299
25 60
38 86
75 100
174 188
157 245
231 233
82 212
260 264
173 205
81 138
202 243
202 231
36 120
118 138
166 218
168 183
25 30
240 269
225 298
69 76
108 265
25 199
80 106
173 204
107 199
36 230
242 299
202 203
50 109
175 176
82 265
105 283
30 129
73 283
198 227
154 238
129 199
39 129
203 227
20 82
238 250
148 183
220 246
186 228
76 180
154 218
175 236
199 209
243 266
150 222
133 134
203 259
213 255
263 264
66 158
152 210
228 281
197 222
33 185
101 297
215 224
146 267
229 252
166 267
94 269
162 253
239 253
69 115
183 187
195 294
17 69
151 205
27 269
153 154
184 202
68 229
132 297
106 126
157 233
235 255
217 221
18 185
50 56
168 247
112 128
180 215
254 267
108 216
199 259
269 284
58 106
226 264
128 242
157 272
216 225
25 71
184 200
20 283
278 300
241 264
146 204
45 229
126 297
134 297
161 244
8 278
71 129
259 264
101 269
163 193
122 294
220 222
115 269
3 275
201 235
96 129
82 157
182 215
184 212
148 247
55 127
158 181
129 216
164 209
84 289
43 252
152 180
201 229
171 202
43 122
65 294
192 222
25 254
147 154
146 155
153 283
39 133
140 229
190 216
33 172
30 45
192 299
20 41
76 232
163 223
148 213
166 256
106 180
169 234
70 275
73 300
265 293
30 72
82 298
254 262
239 250
188 253
252 261
107 202
65 127
66 129
157 202
159 229
50 134
30 135
165 224
167 281
131 275
86 192
144 146
160 197
22 278
232 259
35 75
128 136
161 164
114 224
152 200
146 168
218 262
17 133
216 220
120 296
60 69
107 133
84 133
237 244
236 242
183 208
93 107
7 86
249 269
235 258
158 220
228 266
231 252
50 297
151 228
74 133
148 149
174 184
153 199
227 253
176 242
20 49
51 82
205 281
158 192
253 260
179 228
152 201
216 293
194 224
197 237
123 278
216 268
102 106
60 86
25 38
148 208
19 22
5 229
156 228
150 240
155 185
16 127
230 236
19 48
204 238
203 222
225 246
171 208
36 238
25 55
19 31
149 218
184 240
186 263
197 217
152 214
223 229
174 220
88 197
219 258
246 261
180 199
96 128
149 238
172 242
187 197
87 278
148 188
144 263
233 254
94 133
156 223
173 180
213 277
218 240
144 199
36 57
93 108
185 244
247 264
83 289
7 75
231 253
180 226
176 179
97 281
99 259
17 43
22 25
195 248
163 234
209 236
175 199
19 141
153 232
31 278
225 263
149 267
144 226
106 270
67 133
171 245
17 50
128 220
75 130
53 286
227 237
155 254
129 143
5 224
104 128
181 262
154 243
144 206
165 186
194 197
241 253
235 250
36 100
203 257
168 218
19 114
36 180
36 91
54 224
116 224
241 256
47 138
180 250
175 211
177 221
59 294
15 25
107 120
190 284
48 278
215 251
4 43
129 138
197 213
229 238
52 289
180 218
190 214
25 99
176 199
224 262
156 205
199 257
265 282
43 238
248 250
40 127
166 237
198 214
145 243
20 29
62 128
157 189
21 108
153 239
207 217
121 294
226 235
106 266
146 239
3 180
38 75
166 255
50 94
127 157
212 252
246 256
10 106
69 214
144 247
96 108
145 203
225 250
93 133
36 90
76 270
209 225
179 264
213 293
138 229
123 297
75 248
149 204
182 222
30 298
23 30
273 274
17 138
153 193
10 25
152 262
118 260
164 213
234 238
247 263
137 224
129 156
197 236
207 238
73 138
216 253
256 267
105 138
13 237
66 127
170 226
19 113
145 164
52 82
73 180
208 255
155 176
128 203
166 192
203 210
207 249
153 198
115 124
202 298
82 116
117 186
13 298
52 106
161 220
218 264
189 215
90 108
76 128
147 149
25 291
228 260
8 270
203 241
167 244
25 88
164 236
171 173
182 198
43 150
40 300
25 70
154 184
220 283
94 197
40 229
161 178
69 97
169 254
249 260
179 195
199 210
180 221
201 211
28 86
86 103
16 224
222 243
223 238
96 220
80 269
133 276
30 289
201 282
118 120
2 197
172 226
156 174
137 229
144 208
181 239
1 297
116 297
157 230
30 288
18 224
221 248
19 296
175 188
217 223
147 195
172 211
133 277
46 133
214 241
64 108
123 138
68 197
284 288
50 87
148 263
91 133
268 278
56 108
174 218
141 278
75 87
188 287
70 129
148 195
202 217
177 195
186 248
59 105
19 104
230 251
54 82
198 256
3 213
106 284
159 211
4 106
11 163
73 120
214 231
192 292
201 285
155 182
20 34
162 180
161 183
180 239
163 242
181 216
217 224
159 197
154 166
192 297
280 281
212 234
267 293
211 265
243 287
246 258
219 261
37 224
169 196
55 157
156 212
163 210
205 242
98 278
153 165
196 264
216 244
50 124
75 140
79 278
30 268
213 256
165 249
189 285
32 133
190 215
144 182
70 120
61 82
186 211
87 127
278 281
75 186
63 69
191 294
191 214
108 217
247 256
197 216
128 179
129 230
162 200
47 269
200 239
173 226
44 127
32 36
40 281
291 296
175 187
49 138
87 197
145 218
159 294
221 262
192 254
152 254
19 98
141 286
217 269
95 272
124 197
161 247
249 261
61 275
109 224
240 263
197 223
133 154
81 129
82 135
49 281
157 165
149 215
190 267
191 203
63 300
166 202
119 133
44 275
187 216
191 261
175 179
65 269
173 210
119 138
206 234
120 123
168 209
215 221
33 216
157 234
122 229
33 184
138 192
43 52
68 75
38 289
153 192
3 237
25 98
214 249
82 140
147 230
36 38
75 263
20 119
181 261
160 170
107 158
48 197
244 257
154 177
152 177
145 178
99 201
278 294
157 169
185 226
142 229
157 181
168 171
19 57
165 215
184 230
246 294
150 167
108 263
71 294
33 182
58 82
216 261
41 300
232 255
20 213
189 198
105 115
195 251
52 224
150 169
210 231
160 226
50 117
227 245
164 261
25 113
180 224
50 122
39 197
153 210
75 266
77 128
69 211
120 128
188 223
127 180
130 229
12 280
12 185
216 231
25 105
161 166
73 267
224 248
82 92
86 98
219 239
55 193
132 280
226 237
195 252
277 291
221 261
77 127
121 127
164 244
111 152
152 233
185 272
209 267
151 156
30 294
148 160
207 254
257 263
23 289
119 120
81 82
246 263
50 92
158 175
159 256
30 77
69 140
170 256
204 230
171 257
46 138
50 63
82 130
249 263
55 201
82 169
152 232
191 264
170 215
159 188
19 97
201 249
284 290
256 265
143 270
171 237
187 250
69 208
196 229
244 255
82 213
26 300
155 220
56 127
216 242
75 203
82 143
211 227
261 281
43 61
16 106
201 266
179 230
81 86
207 226
203 287
71 289
20 246
25 90
12 50
69 142
176 217
219 248
181 255
118 133
207 220
175 253
185 291
18 106
10 36
52 298
187 211
155 189
22 281
217 261
150 205
167 184
166 215
234 236
191 235
36 110
193 285
56 75
138 281
152 260
29 180
232 284
187 226
120 142
25 280
254 282
189 216
31 133
214 259
118 280
123 171
86 229
173 259
113 229
216 234
117 120
55 82
173 182
181 201
295 300
95 268
36 136
237 259
51 129
37 127
274 300
148 230
75 81
230 267
40 138
49 82
20 51
31 270
25 51
153 224
22 30
89 280
161 277
246 264
36 46
17 86
114 184
20 105
20 73
36 87
66 108
151 202
273 294
216 287
221 253
30 104
38 138
99 104
134 278
143 293
251 256
122 129
106 140
221 256
231 239
194 238
17 127
230 252
107 127
225 247
210 238
204 249
152 188
116 138
106 122
129 140
108 111
284 298
150 234
58 127
223 252
96 127
96 154
129 133
57 206
194 219
1 180
149 198
114 193
185 259
75 138
95 120
186 237
25 208
155 230
220 241
164 253
179 180
213 276
44 229
243 272
220 259
237 243
295 298
242 272
182 185
145 166
186 210
5 298
18 268
160 258
218 233
198 240
108 248
11 133
200 238
254 281
193 209
242 279
53 197
19 121
86 226
163 253
269 290
26 43
188 209
160 182
12 138
167 209
222 263
87 129
163 240
187 243
120 132
25 122
43 254
135 280
235 241
162 173
20 89
235 236
176 250
206 269
156 231
170 197
65 197
5 106
181 264
32 171
251 270
68 106
147 269
30 286
149 248
162 187
21 25
187 239
47 278
215 255
85 120
55 229
167 171
122 197
108 211
191 192
208 230
44 224
137 180
162 194
194 239
147 219
35 300
274 293
170 244
182 237
146 294
212 294
184 269
31 269
49 229
183 185
108 186
185 256
35 50
128 134
6 20
129 211
52 75
166 199
152 179
144 241
82 102
99 254
51 59
205 246
13 43
205 256
192 215
44 108
118 157
166 253
178 252
99 215
90 128
150 233
241 248
173 178
210 214
83 127
160 246
167 252
214 262
190 224
37 120
118 242
281 282
62 75
174 264
105 120
122 138
182 207
106 125
69 125
182 239
75 82
45 269
30 43
75 142
250 294
183 199
106 214
30 112
220 229
230 233
202 259
165 216
210 247
120 300
39 229
57 260
166 170
169 247
22 86
146 215
69 203
147 245
120 125
156 229
171 192
37 59
220 233
115 140
152 206
151 229
147 159
49 127
289 291
185 231
212 281
104 186
208 233
176 246
75 110
158 190
61 128
43 81
154 234
207 224
206 222
100 278
183 203
192 233
281 292
171 199
20 131
214 227
79 115
19 41
147 265
178 218
97 128
4 298
85 133
203 250
182 205
245 247
153 235
161 209
25 179
2 133
25 147
174 225
275 285
36 73
204 231
152 187
18 265
104 269
178 274
186 245
164 183
152 184
25 80
39 224
19 75
54 128
180 291
250 263
161 171
236 269
7 82
161 195
90 197
175 208
180 235
153 225
68 138
46 197
147 223
183 261
231 237
17 298
181 253
199 231
163 170
10 82
28 300
169 181
154 216
179 201
61 280
163 183
55 143
18 69
162 176
176 239
200 244
171 211
174 212
186 251
190 255
158 160
164 171
162 235
19 49
144 229
129 256
205 235
157 158
147 259
89 197
162 236
236 239
168 231
80 86
152 203
150 200
2 108
142 280
247 248
19 80
75 278
183 202
124 138
180 220
197 200
10 50
166 168
186 267
143 197
17 75
108 139
182 202
292 294
146 197
154 182
50 76
204 255
144 171
177 209
188 234
200 211
45 108
145 249
146 228
85 278
50 290
185 234
8 297
217 249
95 224
149 255
20 60
176 216
252 269
172 192
234 256
154 171
20 88
72 129
3 20
147 228
122 275
228 242
36 179
175 180
219 228
149 253
158 247
169 211
192 197
17 36
154 240
47 286
144 162
144 239
55 253
189 200
80 180
175 202
59 129
196 257
243 264
12 43
65 275
166 254
152 224
169 226
93 169
149 294
192 200
36 65
193 218
104 114
50 123
5 127
202 247
8 133
250 264
196 237
95 213
129 150
162 210
210 239
221 263
50 270
24 50
32 275
7 269
157 174
181 203
213 217
30 48
179 250
155 160
43 82
240 270
242 252
211 243
113 297
205 208
202 220
249 274
147 178
55 275
232 248
119 197
50 106
180 189
176 259
135 224
122 298
163 221
229 270
18 128
185 227
255 281
72 291
127 135
1 197
30 291
51 295
144 189
184 243
172 256
4 82
165 178
191 233
20 221
119 127
157 225
144 178
33 200
54 69
29 82
79 180
226 239
205 238
86 212
170 300
75 114
69 77
202 235
127 260
157 275
238 245
174 199
45 180
63 86
158 208
55 197
174 215
127 186
61 224
31 275
208 247
150 236
53 120
294 300
69 134
162 201
201 239
173 219
157 159
235 264
78 106
127 140
26 36
157 287
215 253
205 219
160 242
7 278
19 38
32 197
162 263
252 262
243 293
163 257
155 178
156 247
172 221
190 261
25 48
106 121
145 230
195 245
252 265
168 252
78 129
205 206
157 265
226 248
157 175
210 211
20 141
120 211
43 50
125 133
252 287
205 226
212 213
178 188
248 259
247 281
213 279
128 215
167 260
120 282
62 86
144 184
120 140
148 252
99 275
189 245
164 221
66 294
161 196
151 267
25 239
129 179
156 226
20 114
216 230
106 211
155 183
49 75
158 249
116 129
48 75
1 129
145 227
108 132
114 197
168 254
19 130
36 53
69 72
204 246
249 265
168 249
47 280
189 199
146 147
186 204
97 127
220 251
149 158
210 248
182 229
165 171
150 237
178 207
185 192
154 250
27 50
219 235
217 267
162 239
34 86
118 127
106 110
10 275
99 197
49 128
25 114
197 228
159 230
150 257
230 287
43 141
69 177
144 250
199 264
168 213
211 228
166 262
147 236
177 213
86 133
200 221
43 134
194 246
160 253
107 171
10 128
176 191
294 296
5 120
12 75
247 283
36 40
154 226
168 177
183 260
149 202
36 89
56 133
117 269
184 236
52 270
187 195
83 129
203 264
232 275
108 173
30 59
19 83
151 164
114 237
55 171
20 22
141 224
191 252
192 237
156 244
213 283
182 200
184 250
30 55
234 264
36 138
24 186
148 179
171 214
185 254
208 249
199 232
75 126
18 19
219 245
117 128
57 86
164 264
76 106
178 204
76 280
201 216
75 150
245 269
183 263
105 288
151 256
3 234
20 67
151 255
259 260
96 201
4 291
178 211
70 127
32 269
99 284
31 224
90 229
112 190
123 229
225 254
234 253
127 132
176 214
36 160
167 216
75 92
195 203
58 133
247 260
66 111
44 133
188 269
78 186
105 106
25 72
222 240
147 153
69 215
212 227
231 255
48 129
50 78
36 80
57 138
5 278
200 235
197 233
62 138
143 297
211 267
152 236
232 283
209 229
149 161
13 86
203 209
164 195
70 297
216 232
180 249
99 120
157 283
35 86
159 238
1 86
260 261
256 261
30 141
114 300
184 265
173 189
82 115
107 128
150 187
169 209
278 285
111 129
108 152
33 259
19 74
108 121
33 218
159 184
237 269
30 109
148 184
149 237
247 285
194 235
248 267
158 166
129 160
20 28
229 289
199 245
249 257
126 197
20 115
184 281
8 298
158 231
35 288
19 139
157 168
108 134
174 262
82 146
33 154
23 127
3 220
150 170
56 138
20 100
31 120
69 88
89 106
209 224
13 106
55 252
192 245
133 287
208 264
73 286
163 230
174 260
150 168
149 193
19 277
19 54
155 243
136 275
75 184
240 262
216 222
36 131
166 274
97 300
88 269
160 204
152 257
7 106
91 197
33 198
30 128
149 192
52 133
97 229
30 90
19 292
149 185
174 176
107 244
150 255
147 166
38 300
150 181
55 120
147 257
124 180
32 108
187 266
278 286
159 163
179 251
254 297
149 220
69 266
100 106
195 253
45 120
206 257
148 248
25 224
172 190
69 109
34 286
176 206
221 228
208 232
108 131
236 252
214 283
195 208
107 197
86 291
69 78
213 253
150 245
193 214
28 229
163 265
217 240
147 209
269 300
43 123
200 234
281 290
127 288
6 224
245 254
69 213
216 283
155 174
119 129
26 82
189 253
161 254
236 249
157 258
190 197
224 271
75 109
148 190
95 297
221 251
212 216
100 298
182 228
38 127
187 199
34 128
148 163
151 197
147 191
73 278
278 284
106 112
238 244
214 247
155 162
155 239
220 244
14 108
95 106
165 220
82 199
189 261
211 261
153 249
82 237
224 290
43 211
34 133
201 213
86 270
121 269
94 294
74 108
128 133
181 238
96 138
133 285
80 108
181 220
177 283
36 97
104 120
62 180
192 271
148 220
86 134
178 236
249 258
84 108
4 133
247 265
201 260
127 202
92 278
25 218
217 262
202 209
1 294
174 267
73 128
153 244
21 50
22 154
93 275
20 39
247 257
209 218
145 149
258 266
173 176
33 106
161 177
133 292
41 133
77 86
234 293
176 178
230 281
160 212
158 174
165 190
208 236
138 139
43 98
192 261
6 108
43 289
69 110
167 221
153 252
7 30
275 299
11 82
225 227
76 127
183 264
201 275
147 181
36 224
233 270
54 120
184 237
171 218
171 233
75 180
234 258
201 287
19 105
69 100
155 221
232 287
19 111
20 175
165 226
167 248
86 176
197 240
241 263
50 135
30 126
8 75
78 128
52 278
30 122
197 245
95 184
186 198
50 277
62 69
98 229
205 244
175 269
183 218
229 253
20 137
178 214
9 86
155 215
4 108
207 214
51 294
256 258
146 194
215 223
201 273
19 273
204 244
92 286
164 168
144 181
265 288
275 288
197 205
106 117
171 187
237 250
206 262
25 111
6 127
86 99
149 199
52 69
213 275
223 256
152 255
192 286
216 254
150 250
106 127
236 247
166 220
60 186
156 196
36 218
79 197
17 128
88 280
185 208
145 224
154 217
144 183
14 86
178 261
108 234
187 229
97 280
7 120
82 290
201 267
160 251
209 228
65 128
186 199
43 110
30 94
197 209
36 141
30 140
5 50
19 62
177 240
200 263
281 298
104 229
75 137
220 281
190 237
20 91
179 200
128 239
252 257
67 69
3 224
99 213
170 188
105 282
158 214
149 170
186 192
271 284
203 299
82 221
144 191
33 163
67 108
26 129
90 138
61 138
106 131
19 23
71 82
160 198
242 294
3 129
53 108
175 256
37 197
31 82
86 94
199 233
11 224
151 160
110 224
234 274
8 275
233 240
118 154
43 62
44 138
180 217
30 74
30 113
77 129
175 192
145 147
129 132
62 229
110 129
69 138
177 253
214 223
191 202
181 188
20 90
219 232
99 147
217 265
224 257
225 289
43 46
148 156
212 238
81 289
185 190
33 212
158 177
215 241
210 281
102 280
201 209
45 138
145 177
19 89
117 275
232 246
106 288
215 259
278 289
50 140
224 237
159 217
233 266
210 218
285 291
29 127
151 176
43 203
209 266
142 275
53 278
158 213
38 69
38 106
154 181
162 255
239 255
25 132
67 281
208 227
99 108
87 224
120 137
1 278
164 191
183 239
134 275
150 175
65 278
219 264
221 293
63 138
46 50
154 244
162 198
198 239
45 224
149 168
92 138
196 218
229 257
199 219
175 265
184 292
99 129
220 255
210 269
86 214
175 266
224 294
53 128
188 221
23 129
148 162
93 127
108 136
50 139
148 239
245 263
79 86
148 224
25 131
39 106
157 193
157 291
262 266
22 180
173 185
89 129
178 255
23 224
226 244
76 288
59 128
157 229
34 154
60 180
108 179
164 243
223 227
82 295
89 127
165 182
136 270
167 263
170 277
197 219
16 108
156 192
169 260
70 270
86 265
246 255
155 227
161 226
82 136
50 96
249 264
157 243
35 132
114 213
25 263
159 224
234 235
32 226
92 133
189 263
125 214
184 244
25 163
99 220
78 82
228 254
268 269
205 224
36 243
203 223
41 269
196 262
90 106
210 250
89 128
86 104
74 185
230 257
165 282
166 194
107 129
117 295
145 208
4 127
25 164
220 240
169 231
215 229
22 43
86 127
203 282
102 133
41 285
217 264
185 218
82 171
148 218
105 300
237 263
146 220
192 288
125 261
147 183
199 204
186 212
215 233
67 229
161 248
211 294
204 258
68 224
146 167
160 172
166 167
124 224
30 86
106 235
152 212
198 259
20 249
102 129
170 238
20 134
57 180
145 197
63 108
35 276
74 186
20 102
169 266
271 294
189 217
129 201
206 259
14 298
128 160
191 229
20 45
43 54
96 297
20 121
189 258
153 212
168 211
166 184
216 259
183 210
242 266
262 281
107 226
20 226
162 208
16 133
25 62
86 177
20 152
123 213
6 275
139 229
164 259
111 269
186 262
26 297
171 223
3 243
195 217
34 82
146 260
171 184
49 50
75 127
151 269
237 284
30 125
144 156
157 209
67 82
204 283
21 30
84 127
30 124
143 287
147 247
132 133
275 286
95 234
16 278
36 63
124 229
6 133
152 168
107 225
15 43
190 205
56 128
192 293
39 180
158 216
126 270
244 274
169 188
1 19
106 173
177 192
208 219
3 175
12 127
165 196
23 133
136 278
43 139
98 138
191 222
17 229
169 189
218 228
30 37
20 284
62 82
210 244
38 108
28 120
14 36
193 229
214 225
163 258
86 254
106 177
152 157
171 225
208 246
205 240
127 287
53 138
50 291
233 256
73 229
162 228
228 239
65 75
49 242
16 128
194 244
172 173
129 265
19 290
169 184
36 81
174 204
147 202
174 248
60 229
157 180
173 212
209 265
107 180
215 282
15 229
113 269
178 212
160 176
73 133
3 19
176 203
174 205
36 109
149 262
159 209
8 197
128 131
190 287
161 203
182 225
190 192
70 75
22 108
156 201
174 283
23 128
245 294
106 109
196 254
236 243
245 248
162 164
29 275
145 199
192 266
171 235
274 287
120 277
35 128
60 129
248 264
174 211
18 43
176 243
121 300
162 218
75 95
43 72
101 298
153 255
108 208
160 194
245 250
207 234
95 273
114 169
19 131
122 127
204 208
108 192
269 276
60 224
202 215
31 128
181 260
161 182
203 225
86 187
162 203
203 239
69 112
212 218
201 238
105 270
149 167
176 190
25 248
158 246
211 240
189 248
158 186
190 257
155 252
19 66
49 197
243 258
138 294
164 175
271 291
19 35
211 245
24 120
36 140
190 251
186 255
150 190
14 50
82 214
99 179
72 76
113 128
48 275
224 260
91 180
167 197
155 244
161 197
24 180
226 245
162 199
25 81
82 99
228 259
175 263
179 229
161 216
189 283
108 114
132 197
25 96
163 169
208 250
169 213
183 252
64 197
153 201
198 229
284 295
71 278
174 238
213 264
36 133
43 124
155 197
91 106
7 197
69 121
40 43
175 255
179 240
220 253
190 198
102 229
205 270
4 129
275 276
170 243
53 291
25 143
169 177
103 133
163 229
180 243
22 128
171 179
23 197
242 274
273 281
29 260
149 165
164 257
184 300
129 130
182 258
193 217
39 127
4 224
226 255
25 220
20 130
120 186
196 228
59 75
25 130
40 288
133 268
77 180
192 241
157 285
75 90
24 154
173 194
221 236
152 156
73 282
128 224
264 293
2 128
92 229
160 185
22 75
35 278
112 275
104 300
20 143
232 239
162 232
13 20
231 267
145 242
224 241
208 245
165 195
2 50
36 82
73 293
133 299
172 213
270 294
32 82
228 249
151 238
214 230
279 281
164 226
36 78
45 82
237 254
224 246
236 248
11 50
201 220
147 229
156 245
248 253
107 138
190 222
286 291
43 180
38 129
82 287
69 164
99 184
29 69
71 286
272 281
171 261
18 108
166 193
149 254
3 138
2 278
201 230
217 244
118 206
186 281
204 240
144 248
235 240
120 141
170 247
30 78
155 247
4 242
106 137
150 241
36 163
147 201
147 264
194 218
164 250
163 195
36 229
138 142
29 269
93 269
152 239
81 120
128 150
211 236
174 214
30 33
94 300
20 124
192 260
178 232
188 247
20 196
63 127
36 125
167 196
19 129
189 266
178 256
184 264
111 197
144 235
25 266
212 266
104 294
222 269
44 197
16 43
20 58
163 189
40 269
151 165
69 199
54 133
179 194
25 79
222 242
151 232
219 222
20 30
69 80
170 211
165 238
19 108
40 108
184 189
193 272
193 244
33 253
187 208
55 215
171 203
19 67
21 128
37 229
163 264
249 256
40 69
33 236
157 167
199 250
20 54
43 45
228 230
17 291
75 254
197 267
172 184
107 291
231 260
160 167
157 190
179 202
147 231
183 188
170 208
274 275
184 195
61 133
33 120
163 228
166 207
128 173
168 281
213 297
5 75
11 127
69 220
86 89
3 69
195 267
76 212
241 266
174 266
35 285
23 43
21 270
228 238
36 84
8 138
158 219
199 236
200 240
37 43
18 82
54 108
151 180
82 154
148 244
171 224
25 216
146 274
149 157
2 280
108 142
175 248
174 180
209 262
55 83
165 256
158 217
125 169
98 171
240 256
112 157
178 201
168 182
106 297
182 265
43 177
106 107
86 107
269 298
146 210
186 280
224 298
148 197
201 240
70 128
167 190
150 249
157 293
118 180
187 247
198 218
48 120
196 200
145 250
163 190
82 270
20 52
82 139
261 266
150 194
157 228
163 207
174 256
50 68
60 138
55 214
114 254
168 197
113 138
151 260
192 204
97 138
149 214
185 242
183 248
36 297
185 219
18 133
25 100
177 190
278 279
243 284
265 294
196 204
121 278
187 283
120 286
83 133
6 138
17 30
274 289
192 205
153 251
152 274
192 212
244 294
21 69
234 248
190 260
74 280
98 275
200 266
146 225
275 277
173 249
120 287
167 238
197 255
82 148
33 148
165 181
165 272
192 283
181 257
208 221
25 87
18 20
38 229
169 175
236 263
181 294
181 258
51 269
187 291
209 255
65 108
76 297
188 261
158 183
253 263
251 266
180 234
201 214
217 242
128 208
111 127
76 133
170 216
20 44
241 285
217 243
163 255
247 293
116 280
186 208
254 271
213 214
238 251
69 263
106 116
120 131
201 252
151 201
252 264
219 237
278 293
213 282
49 86
146 216
3 281
171 255
41 75
197 198
82 83
234 251
114 138
229 249
158 171
204 206
192 298
20 125
1 133
167 234
9 30
92 298
2 127
200 252
63 298
163 165
163 197
211 230
198 244
189 194
148 231
188 196
172 248
131 138
114 133
164 185
196 235
206 224
218 241
149 252
10 229
25 133
98 129
163 196
75 291
158 209
36 88
25 297
72 229
129 266
20 116
160 272
50 95
177 257
211 231
64 129
239 242
20 37
192 238
185 186
181 215
155 186
15 129
167 195
6 69
231 265
148 215
37 129
151 206
106 133
66 75
33 280
15 20
27 120
63 75
161 219
177 187
217 253
199 225
50 55
29 224
133 192
42 127
143 268
108 120
6 120
278 288
291 298
193 252
141 300
113 129
177 180
65 106
186 214
117 129
156 204
174 254
192 232
24 224
185 248
150 228
199 227
197 243
63 128
214 264
125 129
157 219
216 243
20 111
173 241
216 221
82 85
221 274
83 197
265 291
240 274
69 179
186 283
287 294
183 257
43 102
148 157
21 180
184 187
146 200
76 265
197 291
240 254
160 175
166 214
16 300
49 206
108 125
89 120
149 274
211 246
101 229
137 275
192 223
118 218
194 213
208 209
24 43
3 158
135 289
171 200
160 193
114 277
247 294
28 69
188 211
174 269
122 289
278 283
57 82
8 129
15 197
220 223
149 225
179 212
172 175
50 75
254 261
39 138
65 291
250 257
194 229
237 248
194 211
178 205
192 228
94 180
90 120
162 224
27 224
51 275
161 263
121 279
224 239
189 265
162 256
69 92
46 106
2 86
96 184
80 278
178 198
278 282
30 38
265 287
58 86
192 265
143 281
33 144
95 286
171 236
5 129
18 234
230 260
172 215
200 213
27 133
177 233
99 172
18 146
133 296
15 127
13 155
229 267
222 258
241 277
76 242
159 192
17 224
151 274
92 269
202 266
43 186
69 126
139 234
69 105
199 253
217 225
125 260
149 163
199 212
183 236
248 249
31 154
75 107
50 86
75 84
152 283
195 212
106 216
24 269
169 238
55 198
50 84
233 243
182 236
9 20
59 133
73 143
27 229
222 229
126 224
166 263
151 248
30 130
108 154
173 213
192 216
112 120
69 248
69 103
58 75
210 219
148 216
29 278
103 280
210 242
7 129
144 231
190 218
284 300
34 186
196 223
203 262
149 184
270 274
191 206
20 146
158 164
160 171
18 206
155 235
155 196
18 30
212 240
153 213
196 214
244 264
186 233
197 250
51 138
102 197
68 154
20 40
224 226
106 242
86 242
151 177
129 238
100 280
94 229
187 219
107 269
20 176
128 184
99 183
7 138
145 186
227 251
246 257
175 207
149 206
127 293
154 162
154 239
146 253
127 268
251 297
149 173
172 183
265 269
183 229
106 119
203 281
179 181
168 235
251 259
254 264
31 185
145 150
167 256
234 262
193 234
43 137
120 129
24 128
269 279
155 188
109 127
213 235
108 187
178 224
95 288
8 120
12 207
41 286
210 224
158 199
219 236
25 33
50 59
156 251
160 210
214 246
36 67
20 174
78 275
25 65
196 260
13 128
118 297
19 102
2 25
211 219
277 295
216 262
180 196
33 179
240 255
183 266
151 224
150 172
25 238
144 188
177 243
146 258
123 280
225 244
177 237
51 106
28 30
4 284
101 280
106 160
87 269
24 82
105 297
145 189
75 134
154 156
157 240
229 247
163 224
118 243
86 190
71 269
236 266
184 219
191 204
152 293
30 270
211 233
93 120
51 297
43 130
30 91
75 77
20 110
70 224
198 208
20 195
30 93
107 275
93 99
202 218
25 127
59 107
9 133
156 261
168 227
165 175
227 265
9 297
202 270
65 133
190 210
189 201
212 221
205 243
89 289
156 176
208 212
222 248
67 138
10 197
111 291
30 54
128 142
20 189
196 236
144 219
159 227
179 223
177 185
148 227
60 75
16 197
274 278
215 240
43 58
16 20
203 265
166 198
195 201
199 258
36 48
261 270
176 196
19 90
40 275
149 263
43 118
173 183
20 79
143 286
6 75
176 192
158 230
207 219
168 184
20 32
274 280
186 239
70 229
21 129
36 52
159 203
61 127
20 123
117 197
203 254
193 235
192 236
163 201
200 220
178 202
57 120
180 188
36 265
33 167
173 202
125 180
246 262
165 234
183 214
235 267
50 112
82 126
290 294
86 215
61 197
13 25
117 180
173 250
97 129
118 224
30 81
90 278
5 133
83 229
87 281
182 223
205 230
284 287
145 269
145 206
163 172
152 248
166 248
19 128
160 196
164 258
12 36
30 102
44 278
108 214
198 250
173 247
108 115
100 120
20 31
144 213
127 137
15 180
197 254
42 43
171 265
154 298
11 25
177 196
150 251
82 268
150 161
232 291
181 224
214 269
3 106
170 174
105 271
170 171
75 131
130 197
182 224
42 120
139 269
13 180
1 275
159 171
36 70
125 148
14 59
150 185
69 252
50 292
220 257
128 132
145 285
242 262
17 20
155 213
107 154
156 240
120 280
168 224
73 289
170 240
147 158
66 298
209 235
216 233
46 269
212 263
243 245
201 294
86 147
189 235
133 140
210 227
35 298
20 43
194 231
20 65
150 209
95 128
183 253
225 230
237 285
174 255
86 152
191 253
184 293
258 259
244 284
218 247
19 42
234 269
75 132
196 233
171 180
175 238
152 202
164 172
104 106
191 256
120 293
194 230
159 215
132 278
195 235
219 252
72 128
50 93
186 202
175 218
221 266
38 197
8 289
138 267
160 241
104 297
108 256
161 260
230 262
175 201
29 50
193 259
25 160
86 230
180 211
201 221
11 106
154 220
145 157
121 229
176 270
86 135
164 174
152 261
69 101
218 226
20 50
67 269
180 184
14 286
168 256
133 139
208 258
18 208
75 119
186 188
57 229
2 106
11 36
55 86
193 268
198 246
75 284
96 275
160 231
178 193
98 269
149 187
82 229
19 81
147 167
69 82
191 257
172 188
108 297
63 224
149 217
25 118
203 249
35 197
61 86
104 291
181 256
179 247
160 237
39 75
119 128
148 246
120 134
2 298
138 275
139 265
165 281
41 43
175 206
149 207
33 267
125 208
146 264
153 220
151 294
20 48
198 203
274 299
98 297
102 286
131 197
75 224
36 199
174 263
207 250
130 275
94 138
159 252
147 246
119 269
151 218
106 134
244 269
30 275
195 199
251 298
53 300
127 277
162 225
225 239
36 270
216 249
154 291
88 138
182 210
202 229
54 86
6 269
159 214
161 269
43 90
20 227
4 19
19 58
50 67
21 237
33 151
85 108
27 128
157 253
176 195
63 293
25 215
139 278
170 266
3 200
274 284
152 245
162 193
193 239
175 232
169 221
47 50
214 261
199 234
186 187
36 154
56 269
270 291
221 264
2 289
215 262
159 249
230 238
91 294
113 298
249 287
172 231
191 266
186 224
223 263
86 224
209 269
27 75
160 269
160 229
203 272
167 230
225 229
52 180
46 75
239 247
30 51
28 106
189 223
56 275
96 260
169 242
176 240
196 253
233 238
117 278
42 106
171 198
167 220
169 243
156 225
201 215
221 235
169 281
214 222
267 286
144 177
96 284
192 287
96 213
218 221
69 293
156 161
197 251
20 129
241 257
43 121
126 294
136 197
129 135
43 48
32 138
157 191
204 219
174 198
207 281
23 50
63 280
182 251
155 177
274 277
171 201
6 82
259 263
28 224
177 191
9 138
120 288
103 224
76 115
75 218
16 86
196 217
225 252
30 84
21 127
17 197
31 43
61 129
154 211
34 180
164 202
203 221
164 228
94 120
32 86
69 256
14 120
188 192
42 197
86 120
18 86
166 217
74 283
180 186
3 190
157 226
8 36
120 158
170 186
145 254
169 183
216 241
173 221
174 257
125 127
204 250
210 263
161 162
161 239
105 224
172 234
181 218
181 197
55 220
191 215
134 138
125 199
145 259
267 278
6 36
33 210
172 197
188 204
257 260
14 278
159 218
157 278
273 291
182 218
189 229
18 294
43 131
171 267
160 189
36 112
8 229
129 213
109 120
116 278
158 256
83 138
188 205
275 282
164 178
194 208
16 75
249 266
197 238
35 224
32 43
1 224
104 133
222 266
12 25
43 79
186 206
82 296
197 218
238 265
232 247
50 70
42 138
208 225
34 280
172 181
108 270
131 270
43 70
82 108
21 234
112 252
34 197
64 138
105 229
129 224
25 177
151 203
155 234
57 108
155 218
271 281
173 181
253 281
164 167
71 138
173 255
125 232
191 267
1 108
25 136
161 213
1 43
169 220
156 197
82 279
126 300
25 91
99 221
275 292
159 173
14 30
36 123
19 61
41 201
147 168
45 297
55 69
160 202
210 226
108 238
25 46
6 229
124 133
1 269
189 228
173 191
143 283
168 234
163 167
170 254
209 212
173 265
281 285
201 243
132 229
69 132
181 207
164 190
101 286
6 43
108 289
175 212
172 179
194 266
220 293
146 154
182 197
91 127
98 197
147 148
188 202
173 197
76 268
196 258
117 206
74 128
121 197
157 213
108 133
166 225
125 222
191 198
181 233
269 289
56 224
229 242
32 202
144 151
225 240
69 94
68 284
11 269
226 254
174 177
20 127
146 252
50 118
184 257
128 238
229 269
70 133
156 242
145 229
194 216
236 241
160 250
73 287
82 103
99 278
173 223
151 263
45 284
20 108
152 173
50 80
191 201
167 266
2 229
133 291
17 108
33 183
199 230
161 224
166 203
153 168
57 242
190 228
29 108
147 226
83 128
164 192
145 175
94 128
157 171
120 122
87 280
146 245
93 95
64 120
219 251
180 270
79 295
153 287
274 297
82 243
68 69
198 216
190 211
184 198
82 242
52 86
143 280
131 229
36 142
194 203
148 153
108 123
152 207
216 247
78 127
54 286
168 174
44 260
174 265
86 297
75 118
250 253
28 43
25 89
19 297
130 133
20 104
3 186
143 300
79 284
147 170
33 162
156 233
147 225
159 213
229 275
226 251
232 254
174 287
76 82
111 278
11 197
133 143
57 269
194 199
82 273
238 287
35 293
151 225
98 224
67 129
52 128
242 264
192 211
265 284
197 214
25 126
86 154
182 232
19 116
159 247
183 223
171 266
159 177
180 181
32 186
231 235
163 241
230 258
190 223
246 266
226 233
88 229
240 287
135 298
209 254
36 64
155 281
234 263
214 244
201 246
206 227
238 247
180 244
231 258
192 264
211 242
19 94
231 272
66 128
84 280
100 269
55 179
3 127
19 36
18 120
242 282
87 229
155 199
137 280
212 259
30 67
180 197
119 229
30 64
99 217
33 221
30 121
145 213
205 254
101 138
146 187
22 133
163 186
111 275
175 177
42 269
120 139
203 213
120 136
201 241
207 230
43 68
57 129
9 224
51 270
8 82
108 112
182 199
128 216
222 238
196 208
152 192
191 207
209 264
269 280
31 281
75 120
217 230
25 94
146 233
197 285
71 280
55 180
177 246
98 127
190 264
95 296
37 82
43 89
52 269
158 234
192 195
164 186
35 206
173 237
159 288
164 241
202 227
20 26
6 30
208 231
184 246
147 221
210 234
11 75
50 113
15 278
226 262
188 190
73 129
271 278
52 108
66 82
6 129
155 164
222 246
227 238
25 73
129 136
155 157
178 235
167 206
75 80
133 300
207 243
25 74
60 278
50 299
69 133
247 251
69 234
9 69
265 278
9 229
148 226
279 294
197 226
220 269
230 274
32 255
157 259
82 96
93 278
45 197
172 220
155 250
120 187
183 294
184 284
40 280
161 175
272 294
96 270
186 200
86 111
17 129
3 219
152 256
145 174
156 187
75 91
36 98
127 276
89 180
182 254
57 197
8 50
86 110
166 252
53 269
50 83
147 190
150 219
168 229
67 86
221 233
206 209
189 207
212 226
194 221
173 236
6 25
46 229
226 252
139 270
63 185
156 267
173 193
157 288
43 67
180 227
145 248
240 265
209 263
170 269
232 243
220 270
144 152
36 85
82 122
111 158
183 228
246 267
26 69
196 201
20 142
83 114
43 76
84 129
16 25
177 250
170 252
167 217
20 97
109 197
68 82
162 192
192 239
196 216
233 281
71 133
3 188
30 108
30 287
117 241
234 281
37 55
171 274
147 251
121 224
186 270
215 242
229 256
32 128
192 240
32 258
215 243
255 269
86 87
25 77
212 248
196 265
47 106
129 173
71 229
151 161
158 189
194 240
40 268
148 266
33 164
203 279
25 134
102 127
67 186
157 299
188 201
84 120
16 19
25 102
159 196
200 248
269 271
199 243
19 103
182 208
157 162
225 249
16 129
165 243
195 222
99 188
152 228
200 249
165 242
214 224
40 299
43 59
193 206
97 106
159 175
78 86
132 138
174 194
86 148
150 162
222 231
185 268
95 176
86 289
162 165
165 239
151 200
152 264
181 184
9 120
53 82
186 265
106 118
114 128
86 136
165 227
51 224
27 275
33 50
205 266
179 204
281 296
90 294
114 284
206 225
9 43
39 69
159 186
117 260
19 271
229 231
69 116
116 229
30 285
219 225
129 163
114 115
82 101
108 124
116 300
20 128
243 283
192 247
3 278
2 138
185 203
250 267
152 170
160 181
167 240
98 108
120 130
20 186
156 213
214 229
217 289
131 133
211 244
78 286
54 127
54 154
22 224
221 252
195 225
201 217
214 242
192 258
112 127
112 298
197 275
214 243
43 60
36 77
235 261
208 213
50 88
182 262
69 83
20 294
222 256
209 256
291 300
176 209
24 133
133 142
170 219
20 184
142 289
160 224
229 291
19 123
198 230
68 86
30 269
156 234
86 124
152 238
203 205
166 187
53 129
218 269
76 229
28 133
154 190
244 248
205 214
252 281
193 221
36 139
148 182
183 192
82 216
33 166
8 128
209 258
23 82
19 71
72 117
151 154
150 182
20 24
25 141
160 191
16 297
48 106
82 271
108 218
150 259
175 251
142 197
167 224
80 275
12 108
6 128
190 252
30 70
65 69
200 215
184 258
66 120
227 233
50 296
252 253
223 248
172 196
179 262
166 173
172 235
110 286
228 240
14 229
25 82
14 300
183 265
16 269
106 248
234 254
156 195
193 248
181 194
6 19
29 138
142 269
160 166
55 72
209 253
164 223
197 235
186 217
154 173
148 235
105 197
269 299
48 86
147 204
110 128
174 202
169 206
169 256
25 50
154 174
99 252
193 250
30 32
179 189
163 171
29 206
153 248
173 192
156 189
208 234
209 261
25 203
146 148
157 200
146 283
118 176
110 133
18 127
20 209
14 82
158 197
47 290
196 198
178 264
72 300
148 177
186 266
123 128
88 120
26 86
56 197
160 255
292 295
50 271
146 165
215 257
82 129
231 274
43 216
36 41
163 209
21 75
156 264
145 221
153 204
189 218
203 245
144 221
203 251
265 268
158 182
171 207
149 194
87 128
181 222
152 215
220 265
199 291
12 86
36 74
212 219
177 255
79 275
155 246
5 36
4 20
121 138
6 278
179 205
204 266
281 287
240 267
164 180
192 210
51 108
159 220
101 127
71 108
169 173
197 227
191 194
123 133
124 129
38 115
135 269
182 203
55 218
25 66
216 245
122 269
95 197
184 245
152 198
33 257
184 221
78 120
73 82
126 269
165 173
165 252
82 125
19 32
154 215
30 276
204 234
173 262
58 294
219 255
161 211
64 298
120 121
190 233
207 252
205 211
145 220
206 210
197 241
102 120
212 217
69 122
229 232
92 224
199 222
154 297
197 210
234 283
213 281
81 275
168 242
227 274
146 208
33 227
150 210
64 278
179 213
67 278
25 41
99 200
71 197
213 232
32 184
51 75
96 197
35 287
64 75
75 256
38 298
100 127
19 112
179 232
152 205
86 119
39 128
145 235
13 75
50 58
170 217
27 30
131 278
210 249
33 108
153 215
43 107
224 284
175 204
34 43
69 150
72 114
172 241
33 69
197 262
244 287
111 199
106 184
33 168
20 230
158 227
33 266
64 128
150 226
95 129
36 134
221 223
62 279
19 275
157 236
291 294
36 102
42 180
226 257
156 259
254 276
147 253
11 19
159 250
176 226
36 66
174 229
217 227
170 250
146 237
198 238
160 236
182 294
88 129
20 72
180 229
28 297
108 158
69 216
181 217
192 249
48 127
166 239
117 237
34 224
42 297
110 281
144 163
250 265
12 69
165 213
172 247
242 257
220 262
195 232
187 281
243 257
207 241
229 248
34 129
195 198
220 226
284 293
125 269
115 278
216 250
55 183
55 190
103 138
200 254
214 293
133 135
192 226
167 215
26 120
153 261
189 232
178 215
71 128
184 289
172 260
172 191
231 266
213 268
25 156
128 291
223 250
184 201
58 120
146 185
21 278
232 234
238 259
223 249
84 106
75 216
112 129
218 232
154 195
36 58
190 236
214 258
159 263
54 297
220 294
151 212
199 237
185 283
182 263
118 184
188 213
48 69
46 86
3 283
20 81
179 267
72 269
66 300
263 265
175 235
18 197
235 253
224 278
230 256
177 228
66 280
33 75
151 169
13 108
173 238
20 61
168 220
189 267
207 260
50 66
157 178
35 111
161 243
2 120
203 258
115 291
147 169
234 284
99 132
30 137
1 82
115 129
59 185
98 128
30 132
162 197
197 239
117 127
157 300
124 127
29 43
184 207
121 280
147 165
178 258
194 214
129 254
33 128
203 226
234 260
237 283
185 199
271 274
164 237
280 294
168 246
10 269
30 134
41 294
82 142
191 220
148 181
165 166
100 108
167 173
12 19
216 219
214 232
244 265
239 244
44 50
118 288
177 178
40 279
224 240
108 294
144 175
75 98
176 221
43 51
186 225
44 75
186 258
161 235
147 174
158 243
27 82
195 216
148 203
181 265
198 219
168 181
20 133
147 155
137 269
203 283
184 186
258 281
195 206
190 232
209 210
151 217
190 238
193 246
232 250
37 106
198 234
29 229
25 58
220 247
29 106
204 224
152 154
217 236
75 117
250 254
194 196
204 259
101 289
159 181
35 286
208 253
248 255
169 240
55 288
106 252
41 50
23 229
167 177
175 222
153 256
217 250
18 180
166 169
220 258
148 164
82 252
159 182
176 281
174 251
177 232
184 282
8 30
164 210
198 266
193 238
55 106
68 127
169 215
39 50
30 118
36 143
155 156
198 249
165 244
73 288
68 129
117 218
172 174
70 278
196 199
174 233
178 180
167 242
164 255
86 112
60 288
182 216
36 130
185 250
278 290
119 280
197 259
68 171
160 232
127 213
182 184
201 224
18 289
69 131
171 197
36 114
162 233
139 294
57 133
143 269
233 239
88 243
181 223
43 49
167 214
278 299
202 283
158 170
168 216
192 277
208 237
272 291
94 127
32 214
281 286
138 277
115 171
157 231
150 180
196 206
95 220
47 133
247 253
160 223
172 216
209 223
20 36
44 115
145 263
4 269
209 248
206 261
173 196
170 196
157 195
167 179
184 224
163 261
165 231
164 196
185 300
82 84
49 224
114 180
185 235
190 204
210 256
189 214
30 92
197 261
86 123
26 128
170 248
12 300
162 204
204 239
99 266
158 211
82 95
20 247
167 189
33 147
200 259
281 284
108 137
1 36
274 286
33 258
149 260
244 261
24 75
40 289
21 138
81 108
195 214
33 175
51 229
160 265
175 274
215 219
145 246
161 188
43 156
43 184
54 270
25 125
180 192
19 299
33 247
236 250
182 267
20 74
159 160
203 212
157 264
121 128
196 202
20 109
30 85
169 252
160 245
189 274
198 199
75 217
157 166
117 235
19 28
174 197
159 231
223 242
75 88
33 186
99 289
127 142
82 111
212 231
227 255
25 95
47 69
43 173
100 129
233 259
46 280
29 86
40 180
97 180
156 224
150 171
184 288
217 222
193 219
30 42
158 221
179 192
197 199
193 242
129 235
16 30
177 182
54 289
34 269
43 44
20 94
80 197
154 231
138 278
157 197
174 252
172 246
224 235
155 238
106 124
8 108
43 239
75 125
151 179
284 294
157 172
190 212
225 243
171 194
107 260
110 127
278 280
28 138
119 289
67 298
225 242
162 252
164 165
8 280
179 190
113 120
175 252
30 39
195 256
165 192
169 229
146 257
159 242
240 251
201 244
184 241
21 120
188 278
18 300
158 294
9 129
164 246
206 237
183 238
148 256
148 189
167 229
223 246
190 266
160 219
155 184
154 227
128 138
157 269
82 260
212 256
188 193
38 293
154 260
198 254
229 266
221 225
173 222
156 190
189 256
184 194
36 117
160 162
167 188
30 119
101 120
213 236
14 224
15 75
27 86
169 179
175 197
273 275
190 229
36 101
19 137
32 148
180 242
76 269
218 229
236 246
59 300
20 46
159 189
58 224
69 218
176 213
161 189
151 158
162 188
189 212
105 272
214 234
244 263
177 251
255 270
50 64
86 142
170 183
23 275
256 264
163 249
94 298
228 287
231 251
234 252
206 249
70 138
176 177
75 199
199 246
179 224
80 82
47 128
20 297
198 269
80 128
215 269
207 240
95 229
195 233
69 85
108 283
94 224
191 216
204 241
95 300
11 86
36 55
185 263
224 266
275 279
234 257
114 285
43 95
19 39
132 270
250 255
269 296
127 271
73 298
190 239
47 224
195 254
152 266
86 126
172 250
63 283
216 228
272 275
75 103
58 69
218 224
210 243
160 213
36 107
173 229
30 143
39 43
251 254
69 173
108 177
227 236
78 138
86 132
33 238
151 222
275 294
11 186
257 266
214 255
167 231
259 274
24 278
179 222
28 128
216 223
80 133
75 164
86 237
187 238
91 108
36 176
186 235
25 117
111 229
105 276
85 280
166 201
186 291
91 224
36 116
30 44
102 278
36 213
69 91
33 195
205 260
8 180
55 174
25 121
36 39
218 223
192 243
152 218
147 200
43 135
43 83
175 233
16 50
75 163
23 138
177 210
41 254
121 129
22 69
204 260
185 211
220 242
159 269
217 247
69 81
153 187
220 243
177 202
33 189
173 224
104 154
150 262
32 50
24 275
270 281
36 99
78 197
76 262
180 195
156 227
89 294
165 240
192 251
145 171
69 224
30 36
108 140
145 195
183 232
230 245
146 157
102 128
209 260
50 103
13 69
196 267
86 283
205 231
177 259
153 237
195 197
153 272
264 287
162 184
162 257
239 257
160 186
269 285
40 129
177 242
274 281
218 225
7 108
104 270
69 135
180 209
154 281
224 250
3 171
33 245
156 170
155 179
43 99
69 169
196 207
172 281
29 128
20 62
191 232
105 285
29 120
144 256
147 162
236 259
191 254
59 73
233 234
176 235
231 269
107 232
175 193
152 294
277 294
190 274
275 289
87 108
235 257
213 229
54 75
190 202
31 50
11 171
194 260
36 111
231 300
151 220
174 179
86 90
209 220
43 143
190 254
69 229
36 71
150 198
154 270
181 206
36 291
102 294
227 239
175 223
47 299
196 210
240 266
11 129
36 256
163 166
36 234
146 163
5 108
221 258
75 156
158 178
217 232
92 270
186 193
187 259
4 30
232 240
82 206
144 243
20 122
187 297
158 218
150 192
85 297
105 289
153 245
168 206
33 219
192 257
151 188
68 269
195 262
43 217
33 242
155 195
186 223
150 154
100 197
32 289
86 125
230 237
117 133
33 269
210 259
122 133
41 86
63 229
205 216
222 260
214 250
162 177
177 207
127 139
254 255
70 108
146 170
97 293
277 281
52 229
14 138
246 251
192 246
166 206
78 289
86 118
69 118
120 175
12 82
220 245
182 235
171 212
160 230
181 212
209 222
41 69
190 235
69 280
229 255
87 106
177 193
213 223
190 225
91 270
156 221
224 244
151 266
74 229
148 171
213 252
30 53
9 197
229 263
254 257
212 244
219 260
242 256
250 261
222 226
25 272
242 260
115 213
32 298
175 229
229 278
25 256
193 213
177 223
194 256
246 260
189 264
188 233
57 288
18 75
245 259
28 294
217 241
197 212
36 60
43 77
4 278
152 268
169 244
24 138
157 261
106 199
178 179
17 289
165 250
69 139
249 253
128 218
43 115
130 278
170 199
171 205
51 133
146 256
240 283
186 229
77 120
33 127
176 269
227 262
150 231
224 255
203 244
145 256
210 220
164 169
108 127
138 184
1 20
183 207
154 221
231 257
128 143
174 206
82 97
123 289
176 231
247 274
33 196
239 243
151 208
163 174
14 270
30 282
157 222
97 108
19 284
40 287
9 106
197 203
187 192
133 280
179 243
153 205
156 236
17 286
128 130
3 206
138 290
25 180
155 269
81 270
147 267
15 36
213 274
50 98
187 220
192 279
242 253
134 280
216 251
47 120
68 133
206 240
192 295
37 133
131 269
75 93
25 29
215 265
235 259
152 220
2 20
32 221
214 236
83 280
152 158
90 133
86 100
36 263
33 169
26 229
210 260
84 278
186 205
190 200
11 154
63 120
11 20
152 263
113 224
134 229
20 243
