heur051_n_300_m_20122
116 127
193 195
33 150
21 224
280 288
240 257
207 247
96 110
185 266
156 258
92 217
2 114
238 240
178 247
220 236
156 232
109 180
106 154
193 263
11 14
68 297
174 201
3 154
224 299
176 264
153 285
108 284
10 41
55 95
145 210
187 254
137 281
27 41
137 296
189 193
97 224
84 103
118 129
160 262
55 141
283 292
84 140
38 62
78 229
241 278
149 219
278 287
110 138
62 137
43 113
96 292
195 221
177 186
50 300
43 75
87 93
182 238
151 235
177 241
33 260
169 217
31 234
184 210
102 217
165 201
50 280
111 138
161 241
207 293
205 259
176 189
204 262
122 295
161 236
249 254
8 224
148 249
48 101
171 264
145 190
160 200
13 229
50 99
188 252
224 225
269 273
145 163
172 269
141 288
36 121
119 298
270 283
150 214
193 245
172 266
233 269
164 234
157 201
2 33
232 266
53 289
184 247
149 160
201 261
167 225
63 268
150 203
255 266
231 244
214 257
17 70
152 183
59 101
41 60
80 98
214 265
89 299
43 129
35 96
65 129
13 101
45 96
184 213
10 19
76 154
166 240
223 245
137 273
207 208
95 133
96 136
15 80
36 59
187 285
84 273
154 283
117 157
93 122
41 298
21 35
75 141
149 169
153 171
163 248
64 82
217 239
162 217
290 291
221 232
64 86
58 99
174 236
198 263
3 195
171 195
227 254
146 218
169 237
177 260
116 141
127 282
182 264
50 288
62 87
138 280
174 239
156 181
170 189
237 242
61 141
30 99
47 80
268 294
156 283
203 284
293 294
211 250
40 92
215 226
138 213
260 265
201 247
13 19
59 84
170 263
14 69
121 180
22 89
43 132
154 263
176 249
164 229
108 298
70 80
155 207
13 84
89 140
19 270
259 262
233 246
123 152
89 143
280 282
184 208
170 195
247 266
44 206
22 23
78 91
205 225
170 206
204 242
162 205
178 220
205 239
172 228
14 45
24 41
204 243
179 218
37 108
167 254
11 23
89 130
218 253
4 270
3 36
38 297
163 176
198 253
68 206
212 287
194 227
2 271
32 129
85 123
214 221
161 229
89 103
190 253
261 264
283 285
189 202
111 120
158 252
193 205
99 272
123 135
55 247
181 266
229 245
199 289
7 43
199 203
182 219
196 227
42 80
99 198
35 43
70 141
215 248
217 252
216 266
36 47
19 126
120 224
14 115
183 201
43 66
175 205
179 265
164 207
190 258
78 281
8 92
187 214
220 228
96 224
56 87
11 78
178 199
165 260
151 187
118 187
55 128
171 284
202 264
192 250
43 69
170 179
265 266
212 267
168 266
152 208
9 64
279 295
184 267
199 218
99 300
5 89
96 111
164 199
27 122
108 277
87 295
50 127
52 138
89 224
7 78
171 210
187 235
183 200
148 232
69 232
180 240
50 282
80 118
154 277
208 260
159 266
174 259
16 41
153 262
43 120
173 203
149 183
276 287
33 190
52 123
146 224
182 249
33 224
55 291
36 188
80 97
20 275
77 280
155 241
164 203
52 55
144 237
14 128
243 263
76 96
28 36
3 229
17 281
133 274
2 288
38 50
96 290
17 26
239 262
149 245
172 238
180 182
21 294
36 122
190 191
3 43
205 227
43 88
40 285
47 127
49 99
129 269
240 246
111 122
155 165
182 187
29 242
63 180
199 228
180 265
186 189
141 293
152 272
118 141
64 110
159 248
192 221
184 216
239 246
36 155
47 300
165 241
170 234
220 232
141 282
102 124
65 84
152 279
108 180
169 193
32 243
89 125
2 9
152 176
23 36
30 127
32 242
99 128
196 212
146 203
127 130
224 268
87 184
152 235
173 211
101 271
36 105
186 264
144 218
87 120
15 137
228 263
32 87
264 281
15 19
216 248
127 143
219 266
229 237
194 248
141 290
87 282
96 106
69 96
188 214
22 127
156 238
163 205
41 107
37 138
174 247
107 115
93 291
28 129
170 282
174 223
29 36
10 87
220 264
84 217
183 235
18 201
80 135
12 78
252 284
176 225
30 89
270 297
208 238
196 222
204 211
155 214
217 233
185 264
52 64
33 92
163 216
99 109
129 267
191 240
66 92
153 247
92 184
53 298
41 142
150 244
82 141
161 202
203 231
211 224
62 297
243 251
162 191
191 239
170 182
155 190
15 101
154 248
23 42
75 78
36 75
125 275
41 73
151 244
207 221
73 115
174 191
158 184
212 283
180 262
185 212
75 289
15 284
41 85
152 199
166 246
151 211
174 183
106 141
23 280
152 237
192 225
15 133
177 198
151 209
195 220
198 226
93 129
86 206
24 38
210 217
22 36
12 17
159 174
22 78
192 219
179 237
193 204
118 234
18 137
140 284
187 203
269 272
52 127
48 78
40 102
200 255
49 78
237 264
184 231
149 223
275 297
213 265
236 260
144 149
230 232
10 297
41 55
197 293
170 224
42 224
52 275
181 182
112 234
43 57
62 291
17 132
145 217
13 138
152 204
64 94
152 273
125 244
164 233
69 184
64 83
172 182
47 108
38 53
151 195
2 36
189 260
99 218
181 229
109 275
12 269
55 65
255 264
166 257
222 267
177 265
162 254
190 195
174 216
167 175
250 262
30 267
189 219
284 286
184 227
23 47
55 109
34 55
156 160
161 267
157 177
181 240
152 185
147 161
20 84
51 102
225 291
201 227
207 209
66 133
14 110
155 201
201 262
12 137
105 152
119 300
2 281
163 246
184 242
64 68
38 140
55 133
74 122
99 100
23 44
220 249
9 19
85 275
176 218
190 234
244 245
116 294
43 53
4 87
78 114
112 153
274 291
160 165
30 180
231 294
15 99
152 269
59 92
155 226
2 98
23 53
151 264
123 285
194 206
233 236
205 257
225 232
13 92
195 255
42 108
78 272
120 176
69 87
87 90
182 221
192 270
189 249
139 180
200 258
163 260
173 243
99 136
218 250
164 194
135 300
207 251
242 293
22 186
87 139
18 129
214 219
133 283
189 241
237 268
17 25
282 291
17 118
173 195
158 235
152 297
254 283
69 267
80 277
72 122
200 229
78 299
184 262
123 282
45 92
191 248
202 214
207 242
99 110
206 241
86 213
96 134
25 123
5 38
252 255
107 123
146 180
21 36
14 88
203 237
156 167
84 121
86 280
142 180
163 227
32 187
8 19
78 113
41 68
193 224
169 200
101 291
23 103
55 100
179 246
187 294
175 241
16 137
36 173
180 254
125 172
36 44
50 224
245 256
277 283
190 242
45 102
59 120
175 210
33 250
14 217
151 214
213 225
108 126
163 287
47 273
64 106
23 268
185 201
17 90
14 75
15 224
79 92
155 204
230 266
67 224
18 283
92 104
237 294
172 209
122 134
99 153
117 137
115 164
156 194
197 211
27 108
17 152
230 249
188 195
150 224
41 287
41 125
65 102
41 114
13 55
152 189
177 287
158 289
144 192
99 126
23 120
77 122
87 268
127 171
187 221
36 158
159 240
138 284
33 38
89 109
36 247
8 101
33 226
150 266
158 195
161 217
37 102
5 19
79 102
208 256
149 197
188 189
207 287
186 203
228 255
114 288
159 207
152 195
159 162
159 239
16 275
29 84
154 172
2 91
48 105
69 84
175 267
23 276
17 135
50 115
123 268
96 300
11 101
2 93
43 291
55 129
89 293
99 243
127 154
152 251
69 137
2 57
161 167
38 279
198 213
216 217
175 257
231 245
160 190
187 276
216 240
161 266
146 213
39 115
96 217
172 259
56 123
112 133
35 280
162 261
239 261
164 217
8 55
266 272
181 226
169 182
250 252
28 80
185 282
37 96
71 297
53 127
207 216
162 216
216 239
165 219
288 291
76 99
129 197
101 113
24 127
132 141
174 242
36 126
227 247
111 114
156 230
99 178
78 224
151 192
224 236
41 139
137 284
108 281
103 275
165 222
207 223
269 282
32 80
184 225
224 289
158 228
162 234
89 121
234 239
177 290
77 123
3 252
56 92
167 204
36 208
196 203
145 207
169 214
4 105
240 242
122 292
172 272
40 224
217 228
86 163
254 258
9 80
41 112
146 161
232 258
78 142
187 212
23 37
162 215
215 239
185 285
209 231
27 138
174 222
199 252
243 255
36 118
181 219
163 219
150 235
243 288
61 270
208 261
78 152
123 180
57 96
33 89
242 288
168 175
158 254
161 221
35 80
122 280
38 83
76 111
18 87
95 287
152 277
283 291
38 118
110 280
212 257
243 261
247 262
149 221
196 294
180 248
269 288
21 101
96 132
209 215
99 106
289 294
193 266
62 123
83 92
223 232
231 232
100 294
271 275
178 250
245 255
154 207
162 175
20 278
77 133
43 116
168 222
63 267
129 263
152 159
196 244
203 291
129 298
144 222
259 261
102 272
161 173
78 217
148 259
178 254
139 281
36 151
36 252
115 221
194 222
283 297
87 274
121 286
120 127
125 291
92 125
43 119
3 162
172 177
171 209
152 197
34 123
46 283
286 294
145 211
165 245
152 194
7 64
129 141
152 216
23 152
60 99
63 105
154 163
149 201
145 226
36 45
74 138
203 297
157 276
9 102
280 298
172 223
92 282
92 97
165 223
56 80
151 252
208 262
3 17
17 61
38 70
28 122
174 230
24 105
36 69
215 245
169 232
69 185
165 259
179 259
41 116
166 177
21 141
122 284
39 297
269 278
17 142
188 232
199 297
99 155
146 211
211 212
50 286
170 177
89 271
159 190
149 191
159 235
62 129
99 139
122 128
146 184
217 279
125 138
61 269
154 165
80 121
156 186
78 292
224 227
87 288
96 142
181 187
69 99
42 275
104 105
170 222
198 209
155 217
96 113
185 278
202 206
43 292
171 248
161 179
270 293
285 294
99 144
223 283
200 226
144 174
138 283
32 41
152 161
178 186
122 224
23 217
188 212
275 300
146 248
146 223
127 131
19 69
191 262
160 187
162 163
251 252
186 218
2 274
48 108
146 247
49 108
105 128
210 215
78 81
3 184
70 101
59 280
168 217
215 272
14 91
11 102
269 274
144 240
92 277
53 137
226 243
158 262
62 105
154 285
43 290
44 105
201 272
167 192
47 78
137 295
41 272
159 268
91 138
2 12
112 265
160 249
20 241
178 240
184 199
169 192
17 297
129 176
67 80
218 255
200 230
148 245
96 112
193 226
160 266
217 255
48 180
18 23
187 215
118 265
207 212
92 140
153 206
19 79
217 234
98 213
144 203
213 290
8 87
77 298
163 200
153 157
162 189
57 89
168 203
192 194
181 237
87 300
125 270
169 204
170 175
254 260
96 274
199 211
191 218
210 261
77 78
112 138
4 78
72 80
28 108
192 196
17 268
165 177
122 278
184 205
64 115
144 164
184 266
17 293
149 180
239 264
215 236
255 262
168 237
275 283
160 227
144 294
174 268
153 263
125 154
126 133
103 137
190 194
36 184
221 222
203 230
41 56
66 123
246 253
199 248
28 105
2 30
167 198
178 266
270 289
7 101
24 289
181 185
40 64
92 299
105 142
191 237
155 181
24 36
43 171
99 195
214 233
23 90
133 229
94 102
144 161
213 244
228 247
189 205
83 102
61 84
193 225
52 129
23 114
183 249
13 36
228 248
169 269
202 248
123 286
71 123
2 88
80 136
146 219
164 176
146 242
155 265
17 47
181 213
211 226
284 299
89 95
154 201
65 224
145 182
201 277
64 114
38 113
77 286
26 127
19 56
178 260
21 55
107 280
86 186
175 220
17 280
155 249
235 245
232 288
58 108
84 135
195 210
14 60
55 85
33 240
42 270
101 288
182 253
74 102
151 174
184 228
143 298
196 269
219 267
17 125
187 274
183 217
154 189
283 289
33 104
19 76
153 229
30 105
188 208
232 242
138 300
114 122
17 45
5 23
231 262
193 247
170 213
234 266
186 257
189 210
190 201
85 138
19 291
202 226
99 298
184 251
70 96
185 209
185 222
78 293
157 251
178 231
39 64
213 295
161 250
204 252
27 99
224 252
84 224
187 242
150 232
8 84
111 164
197 208
22 105
165 179
160 222
113 275
89 296
155 208
83 141
9 84
89 110
14 106
133 136
63 123
181 191
182 261
169 227
124 275
46 224
129 252
173 174
179 210
208 211
176 248
161 214
23 288
278 291
78 184
119 270
17 76
144 245
151 210
209 217
33 41
216 264
212 229
79 129
194 264
206 264
101 224
193 291
161 242
55 116
3 176
88 286
5 101
173 217
43 55
63 281
49 122
107 284
200 214
160 254
25 108
157 284
74 101
77 99
148 207
165 180
201 256
166 228
269 283
149 156
204 229
86 105
49 96
81 123
220 248
108 110
185 245
200 216
129 145
173 201
104 141
23 69
73 92
187 198
19 282
78 140
164 242
123 142
156 200
208 248
188 262
2 131
17 180
215 228
189 206
149 205
38 132
171 294
275 296
84 118
105 143
181 267
75 122
53 87
80 111
182 241
283 288
263 285
87 124
96 118
183 246
21 87
47 102
212 251
36 137
65 123
38 57
200 205
117 154
14 111
92 132
15 105
64 65
14 83
159 244
152 196
202 254
179 236
59 224
223 262
159 200
127 279
198 231
252 268
23 91
43 73
19 68
240 241
196 232
146 217
39 89
222 227
105 217
184 218
14 288
25 138
193 275
177 256
26 96
16 102
86 129
58 64
36 132
171 228
17 140
164 216
197 281
146 158
108 260
155 257
163 178
101 282
267 268
149 239
87 121
166 210
49 141
101 136
201 231
11 41
12 133
216 294
80 288
39 284
180 214
201 218
182 248
67 122
179 208
144 187
200 247
286 295
187 196
105 125
63 294
55 77
43 94
244 281
160 225
54 298
152 252
148 211
218 266
78 274
167 210
88 108
5 289
188 222
154 254
181 236
2 6
223 244
159 164
215 232
148 236
182 283
70 87
167 237
42 92
115 286
12 87
129 185
130 137
125 242
199 244
150 165
20 270
176 181
96 279
53 92
147 211
27 92
2 109
219 259
182 211
19 100
226 229
3 242
75 99
172 253
87 131
24 92
147 184
84 292
26 141
222 234
148 152
153 207
104 127
127 176
146 255
3 157
190 226
129 188
188 198
8 122
158 172
184 234
8 64
187 273
248 261
145 172
226 253
96 107
149 251
33 96
89 291
91 297
190 206
197 257
23 68
41 103
215 264
17 284
179 252
165 209
198 255
189 213
155 236
151 162
151 239
208 243
129 148
14 107
224 267
99 263
190 283
36 119
158 193
180 259
17 130
108 226
61 102
43 93
38 277
36 145
148 209
170 253
2 90
7 14
13 123
153 223
188 257
163 181
239 249
94 289
84 152
2 121
201 234
176 188
62 286
192 206
55 207
55 162
59 123
82 137
169 257
45 260
69 127
9 14
122 136
164 215
101 118
224 259
33 171
164 198
219 262
68 108
147 192
14 279
10 89
163 244
204 227
188 236
14 295
213 289
235 247
41 120
226 261
222 250
190 247
69 123
222 224
149 152
168 172
172 222
129 205
180 228
195 215
149 196
146 262
38 134
184 214
36 241
195 230
156 185
121 260
145 245
225 297
108 273
202 241
154 212
77 84
165 197
149 216
62 289
113 137
198 221
123 124
162 237
89 117
275 287
165 206
64 103
127 291
176 219
217 272
85 224
157 164
154 246
163 251
91 122
163 192
221 249
152 163
75 286
102 224
217 257
169 210
263 287
32 123
85 129
226 241
170 231
164 181
149 241
147 189
105 121
149 159
35 133
225 255
221 265
138 269
115 138
287 296
46 180
162 167
167 239
154 262
99 207
76 92
146 176
99 134
230 264
234 265
191 245
161 204
14 25
10 84
221 244
38 281
1 92
215 249
262 263
148 243
84 275
12 84
152 247
63 286
101 106
10 17
210 229
190 208
159 243
106 260
109 122
80 139
87 115
35 271
162 185
185 239
169 190
193 269
50 284
62 298
72 137
153 167
96 186
169 225
102 284
231 264
181 221
63 129
100 300
242 265
167 211
233 264
143 294
95 293
191 243
160 243
210 213
232 253
19 91
144 252
168 243
78 93
92 290
99 204
147 152
102 132
105 124
32 101
128 280
170 242
17 88
55 152
2 74
218 230
187 286
83 108
237 238
146 198
17 97
57 102
145 187
3 92
46 275
43 281
4 89
189 233
73 275
86 175
35 78
92 284
23 110
184 209
11 64
9 101
100 286
142 224
88 122
83 132
144 254
18 89
177 200
184 252
209 211
123 292
165 221
134 137
38 81
147 210
160 208
224 232
19 281
178 233
150 252
24 96
19 26
241 245
149 179
9 36
122 290
104 129
76 260
221 246
36 108
235 242
192 201
104 107
76 237
141 294
55 283
158 248
84 107
207 239
110 275
7 19
242 243
182 213
202 240
127 184
162 196
196 239
18 78
144 209
148 214
156 157
55 146
81 127
167 259
129 186
17 277
108 296
102 131
13 133
19 132
39 270
129 137
161 191
269 277
86 221
46 99
100 123
180 264
207 266
184 191
55 204
162 230
230 239
220 252
14 20
36 96
156 165
12 89
101 276
168 214
179 244
181 250
193 196
138 143
175 178
240 261
203 294
224 288
195 200
23 76
4 84
177 229
155 209
43 91
19 86
4 141
136 138
154 213
210 233
13 141
197 264
7 133
23 291
169 218
150 246
180 200
193 194
17 24
97 105
245 267
40 105
127 296
14 114
125 155
50 141
102 292
51 89
75 89
1 96
156 215
144 225
29 123
2 113
220 237
146 263
14 72
19 294
281 291
61 92
236 267
127 134
189 197
59 78
173 190
25 295
230 246
55 112
203 240
254 263
43 85
189 191
151 245
169 222
172 254
162 267
239 267
211 239
147 237
123 300
185 265
211 225
57 280
19 27
145 204
154 236
89 112
192 230
224 283
161 255
25 78
19 24
155 175
99 229
146 199
22 141
92 136
28 141
177 252
123 284
92 135
102 152
147 218
38 48
189 252
99 291
132 137
199 240
200 236
263 283
36 62
213 272
99 190
52 99
130 224
207 222
18 101
80 131
192 231
129 289
9 23
155 264
11 108
205 241
206 244
2 15
19 63
184 233
176 200
204 210
32 199
284 292
90 129
26 138
36 83
227 266
129 258
36 94
71 127
248 294
94 137
78 277
54 78
235 251
127 286
38 286
127 128
157 255
233 235
158 237
156 198
15 17
144 262
33 133
162 220
220 239
183 227
133 271
154 259
23 73
220 235
156 253
222 249
150 212
208 229
153 188
181 225
22 64
65 122
243 269
179 217
147 175
209 241
2 83
162 251
239 251
210 223
87 290
43 229
230 235
23 60
20 101
109 133
153 169
99 112
47 129
66 137
115 186
36 76
185 240
38 224
153 264
109 137
36 79
158 203
189 246
166 266
186 252
59 297
74 224
82 226
187 209
187 222
227 260
107 192
205 248
168 187
32 164
156 257
46 127
244 253
229 240
38 39
109 129
216 227
80 276
226 258
169 174
95 260
145 184
165 183
20 295
259 267
204 263
40 277
7 297
64 135
156 248
194 259
105 111
178 217
41 224
92 126
161 231
92 124
218 242
179 225
222 283
84 93
216 236
194 241
176 262
67 92
204 256
99 292
2 136
203 270
178 237
80 120
146 172
195 223
20 78
14 58
166 172
228 246
79 108
150 227
65 78
210 245
236 262
172 240
212 255
227 231
15 87
59 66
88 137
139 213
128 137
5 64
185 214
200 256
74 89
217 219
237 260
247 255
31 129
243 267
199 270
116 122
54 122
106 138
188 210
168 192
54 101
164 166
36 216
57 84
164 170
205 265
37 105
79 105
22 55
93 199
11 267
41 130
92 273
199 200
48 224
33 205
2 61
280 300
28 101
16 64
58 102
47 180
75 96
162 202
202 239
178 208
41 143
89 131
207 268
80 134
41 135
156 203
208 218
140 297
170 221
43 282
26 224
82 132
51 122
133 186
11 180
175 243
102 273
165 266
27 80
177 205
177 184
99 286
221 294
68 84
80 296
188 207
175 190
237 252
59 122
138 291
115 133
194 220
223 235
156 199
76 138
164 200
12 224
247 254
147 177
78 273
69 275
195 229
189 238
233 252
185 275
7 224
89 288
66 138
85 141
222 232
170 212
108 220
280 290
159 246
207 213
174 189
187 230
4 102
53 80
87 111
19 118
165 255
210 251
161 206
185 287
202 208
14 184
146 207
113 127
38 292
100 224
82 220
137 142
62 96
177 227
149 186
167 182
165 263
207 229
168 269
269 275
78 112
33 194
55 266
118 282
267 283
5 297
36 186
6 89
7 127
40 133
33 187
101 284
97 133
64 139
150 265
152 209
156 171
68 270
2 45
216 246
269 287
38 128
162 259
34 127
175 293
38 110
41 292
110 137
173 175
229 264
18 122
295 299
181 269
61 64
183 254
156 166
86 92
161 184
100 297
236 257
100 105
192 253
197 266
176 254
193 293
145 232
176 236
187 252
146 179
152 299
145 198
137 277
203 261
108 237
41 118
23 75
197 249
175 258
2 129
74 80
241 273
108 272
162 245
146 151
43 56
31 101
193 201
163 235
216 257
15 206
151 178
2 47
175 184
9 108
18 254
173 218
145 200
62 127
283 294
14 68
3 232
229 235
14 65
150 294
168 228
259 283
236 256
35 122
92 142
80 280
35 115
35 101
211 213
160 233
144 228
150 164
198 201
215 225
167 208
23 281
33 122
12 23
35 108
162 171
216 252
63 102
171 239
76 243
16 55
164 235
14 280
194 252
210 222
125 219
197 252
68 260
25 43
213 271
156 270
9 105
144 211
19 34
243 259
27 43
22 38
19 135
31 108
228 256
83 291
179 268
196 252
243 294
117 252
162 223
2 118
270 273
241 262
223 239
87 100
75 157
43 112
55 158
155 228
216 265
36 103
114 275
30 300
198 261
213 248
166 226
13 64
63 92
66 289
43 268
133 297
175 215
166 287
221 245
114 287
126 141
16 101
195 261
145 192
199 266
7 38
67 105
192 269
108 276
46 105
238 257
149 224
109 270
204 218
120 180
214 253
177 248
247 249
166 175
281 294
179 203
86 137
55 99
2 29
99 103
102 104
129 242
101 281
100 133
17 21
17 124
24 99
222 251
224 243
26 105
195 202
148 217
136 300
150 264
13 38
76 275
176 289
138 295
19 95
200 242
43 117
212 250
82 123
59 137
158 240
200 219
46 108
122 285
114 123
164 179
189 250
34 102
49 267
148 201
170 228
146 186
164 232
5 206
198 241
91 129
156 180
188 285
195 227
161 230
260 262
157 215
57 64
287 298
232 294
96 109
266 283
2 184
225 270
14 139
46 129
101 274
149 229
43 272
110 270
182 231
170 251
19 124
81 297
203 288
87 104
71 92
147 208
38 95
137 291
168 208
58 270
77 80
201 206
144 264
43 279
84 125
241 265
78 136
86 96
152 250
222 233
218 222
81 137
171 178
159 232
88 270
150 225
207 253
265 285
43 187
142 270
167 226
191 210
162 222
178 253
195 211
210 258
152 223
138 180
186 289
92 120
2 26
33 43
64 72
32 185
48 80
172 206
149 188
74 141
162 241
46 141
129 250
152 160
187 234
189 192
23 39
177 278
79 141
115 152
109 141
186 195
41 278
2 42
39 105
172 219
163 232
45 141
188 240
213 215
19 72
105 116
64 280
88 224
136 141
4 138
139 141
77 138
144 195
87 117
222 262
38 56
146 202
212 215
185 189
120 284
220 284
207 263
79 133
43 300
96 291
69 180
34 278
212 246
108 119
194 257
45 133
182 188
41 104
165 236
64 292
41 128
206 265
18 260
212 223
185 195
291 293
153 233
87 134
72 286
89 152
268 291
123 140
164 205
184 196
165 176
154 235
182 255
76 293
212 262
56 64
168 257
15 38
122 274
31 141
200 223
204 223
171 252
101 184
125 187
127 285
204 247
129 215
162 260
239 260
147 164
60 123
89 115
156 287
163 185
30 280
291 299
112 224
265 283
40 41
81 298
151 170
86 201
119 123
36 51
17 74
68 280
157 247
196 211
153 172
54 275
18 105
180 203
14 284
108 109
204 216
156 168
175 264
83 122
184 255
78 282
133 286
238 266
2 85
188 200
87 285
291 297
89 91
156 262
220 268
20 87
162 212
187 282
78 79
199 254
18 41
234 245
146 205
218 251
196 225
72 89
230 248
38 125
159 212
148 210
71 224
78 115
206 235
158 206
2 75
134 141
17 116
160 192
200 245
36 127
146 235
203 277
143 185
176 184
2 16
211 234
124 284
15 23
173 209
231 248
159 204
5 123
196 248
212 265
222 252
55 240
41 51
123 224
51 280
183 204
144 214
184 261
172 214
149 228
13 267
141 152
170 173
98 180
176 201
22 102
36 250
161 169
162 287
106 129
122 140
201 257
208 257
14 44
31 138
173 225
211 215
1 64
198 247
109 278
55 68
151 189
86 180
158 161
3 285
188 254
154 222
129 183
89 118
168 207
38 121
99 219
162 168
168 239
106 224
192 202
141 154
144 190
193 254
191 258
187 189
198 212
168 190
114 129
164 220
36 61
178 251
227 258
166 236
235 256
187 207
60 300
100 138
190 256
35 296
147 157
64 111
172 230
64 290
95 206
178 187
202 262
87 132
153 265
20 64
19 125
164 251
150 177
160 184
223 254
17 33
153 191
246 259
170 241
90 102
56 297
226 231
166 245
43 103
160 211
163 262
97 206
34 92
208 265
240 252
212 242
153 159
161 180
99 142
35 268
119 294
248 256
123 125
202 246
96 293
11 92
14 16
175 185
149 155
139 280
36 54
153 181
257 258
173 264
26 298
99 117
159 208
23 293
163 187
177 262
75 229
16 138
10 14
3 260
141 184
54 105
294 299
17 117
225 256
232 260
99 180
92 128
107 242
270 284
151 152
211 237
208 210
191 208
88 92
19 109
146 251
87 125
5 43
68 180
34 96
54 280
43 295
41 54
227 230
183 184
145 165
199 241
213 262
152 164
105 134
157 267
21 43
118 281
156 158
159 254
180 252
16 105
64 109
42 96
178 216
151 257
138 285
217 251
193 256
192 259
237 293
30 123
99 121
198 217
81 133
77 108
113 289
34 138
153 185
244 285
170 260
173 227
168 226
226 265
117 289
181 205
168 259
92 129
149 195
161 201
69 270
191 259
153 246
184 256
167 235
153 217
68 225
23 271
54 129
169 264
42 105
226 287
112 137
208 220
187 206
59 213
171 262
64 273
181 204
82 297
159 178
138 274
209 244
188 264
241 255
138 224
158 266
141 272
57 141
252 283
255 259
17 217
34 141
75 279
22 138
3 133
145 146
204 248
232 241
196 240
210 266
31 102
43 140
63 269
181 209
156 159
23 25
173 257
270 278
160 264
224 280
147 254
283 295
14 22
24 108
185 293
160 201
37 275
117 270
63 96
213 222
35 102
33 36
105 293
157 196
156 265
176 252
155 248
101 180
84 276
19 140
151 265
219 254
203 219
169 195
158 163
226 297
42 129
269 293
18 36
175 231
156 216
172 229
149 236
191 283
33 202
95 180
80 88
3 152
161 238
87 152
36 135
102 139
50 272
242 281
170 209
186 232
17 103
145 153
201 297
204 221
49 133
37 99
191 212
154 280
58 78
149 176
86 234
17 82
169 246
196 249
101 293
192 263
195 224
218 245
149 150
103 127
230 240
199 224
215 252
85 127
170 239
112 180
229 236
191 226
196 266
192 255
210 240
17 100
175 260
161 208
188 244
89 285
148 240
193 261
229 246
269 286
218 236
5 275
239 265
43 242
194 217
80 116
189 224
175 234
11 141
197 277
23 58
21 275
223 266
203 224
29 137
107 108
169 249
149 164
41 76
81 122
152 191
156 220
238 248
168 240
26 133
9 280
38 120
215 237
188 249
147 198
36 215
213 254
99 237
172 236
44 92
174 237
166 265
174 219
70 84
55 58
169 265
233 248
203 204
99 125
254 296
100 289
198 245
62 133
50 105
164 224
272 280
193 255
169 187
85 87
78 100
245 249
75 129
124 270
154 208
41 290
25 92
225 234
151 204
60 297
8 96
173 246
226 291
171 217
2 282
82 264
212 260
166 195
268 275
165 237
89 107
149 256
65 80
275 293
175 216
64 67
95 138
73 297
14 28
36 128
84 111
171 254
1 127
14 273
36 49
49 185
11 96
171 232
50 108
145 152
204 217
128 129
157 237
101 277
151 227
58 122
163 243
283 290
146 191
237 261
108 203
80 273
216 281
25 206
66 224
89 279
198 233
157 173
192 213
64 104
198 242
280 292
147 227
41 275
55 80
157 205
33 132
194 212
170 259
185 207
50 129
14 112
209 232
200 260
162 221
221 239
178 185
85 122
73 276
72 141
187 270
3 105
88 105
2 95
166 264
215 235
259 265
217 295
36 42
157 160
275 278
188 203
173 252
224 269
237 249
41 88
182 287
38 285
64 281
45 270
55 114
121 289
200 209
42 133
24 129
159 259
210 254
160 244
164 211
107 221
212 241
152 265
6 17
125 224
166 200
85 102
151 237
194 249
166 211
152 211
122 132
193 240
201 242
214 217
17 274
84 109
136 286
201 219
89 268
185 243
118 220
89 278
51 137
3 14
187 249
135 270
197 248
49 275
82 234
20 55
152 271
57 101
173 228
294 297
84 297
41 129
159 210
147 212
229 243
161 258
219 294
1 137
162 240
274 295
224 285
99 193
161 199
23 49
2 56
157 176
50 293
101 115
43 65
156 243
50 268
2 300
102 296
176 222
205 212
157 194
141 217
64 187
187 256
78 280
33 197
19 88
218 259
158 269
72 102
37 141
279 291
156 210
90 96
19 70
10 129
185 252
99 162
213 269
210 216
165 247
91 102
101 278
35 72
121 123
122 142
11 286
31 38
79 99
186 246
82 180
51 115
68 92
35 202
41 295
133 217
221 259
232 256
163 211
59 80
254 256
156 178
181 272
49 129
61 108
51 284
176 198
203 285
188 294
184 232
99 265
157 224
92 139
153 250
20 280
77 275
213 249
209 216
33 123
36 201
17 120
49 101
34 229
154 157
32 260
102 276
54 55
26 89
229 265
101 128
147 172
158 244
86 122
264 294
276 291
20 99
153 202
213 266
95 127
56 141
47 87
200 206
199 267
22 101
38 139
21 38
144 217
217 300
105 110
177 234
198 220
151 172
62 89
228 229
187 231
66 293
209 257
160 257
177 197
156 179
100 137
193 202
108 143
129 131
156 263
144 201
162 195
107 270
144 232
6 96
177 183
12 64
63 87
101 119
157 182
283 296
22 87
224 249
16 38
47 294
37 89
28 137
76 153
133 288
169 228
161 222
194 204
17 93
27 96
108 130
178 239
102 279
39 108
175 250
19 65
120 154
201 248
266 269
205 264
194 269
33 275
18 220
183 244
154 175
269 292
149 266
62 108
98 105
193 199
6 105
177 181
14 57
213 270
33 233
2 275
142 297
164 267
222 244
95 141
20 80
43 154
157 282
206 243
133 273
276 284
165 229
41 62
253 262
21 23
104 221
211 221
168 178
212 224
55 200
211 217
280 296
52 105
145 214
172 237
48 64
115 122
56 129
111 133
162 179
179 239
22 275
163 267
19 60
41 71
34 36
197 246
76 102
240 264
271 283
148 178
96 115
44 123
1 102
238 243
195 205
52 78
245 258
24 229
96 117
95 242
96 131
23 278
214 238
244 247
258 264
97 185
111 141
279 284
41 97
192 217
18 237
96 278
146 188
174 186
87 187
187 255
99 135
11 138
23 282
138 217
149 177
81 280
153 190
10 43
57 270
102 111
151 163
34 99
163 180
18 55
146 193
102 290
33 101
204 213
102 118
184 229
141 275
25 64
92 116
266 267
87 279
58 129
223 240
218 231
197 287
36 147
149 154
46 101
101 187
211 247
146 243
92 295
19 106
80 285
220 225
203 260
226 234
267 300
195 247
256 262
116 133
23 140
153 174
19 25
24 78
31 55
218 267
172 217
99 276
33 158
210 221
180 190
146 227
140 224
78 118
51 192
228 283
92 111
264 268
180 294
178 267
85 92
163 202
22 129
223 226
179 227
195 258
161 251
133 279
152 167
36 92
3 267
35 55
217 245
166 178
149 212
137 288
221 257
50 111
189 247
181 208
169 208
163 250
187 246
55 136
171 193
17 37
232 238
201 270
202 238
84 288
78 154
284 296
85 137
27 284
90 127
194 195
96 119
41 82
144 170
33 176
135 137
50 275
58 300
171 293
58 105
141 279
283 300
102 109
17 106
20 38
153 173
187 227
27 101
191 244
218 234
202 212
179 257
139 224
179 184
218 256
231 246
29 38
43 276
206 228
269 297
101 140
258 263
156 193
86 141
112 243
69 141
186 294
203 236
102 184
163 213
225 287
6 297
33 141
129 139
183 225
17 63
38 114
64 113
177 249
52 80
141 274
36 37
79 280
64 119
33 99
178 241
170 184
99 268
45 129
99 118
183 209
31 99
169 236
167 181
55 293
253 254
156 162
74 96
91 137
84 299
122 271
193 197
157 220
179 198
146 160
128 141
48 122
178 184
84 91
150 174
183 262
171 190
13 41
244 267
32 225
178 228
59 108
153 218
254 269
34 78
229 254
97 122
144 266
180 193
173 232
73 224
78 135
206 218
103 281
19 20
125 137
153 288
78 285
195 218
4 36
13 105
55 126
11 87
249 251
228 232
177 219
47 289
178 206
38 276
7 92
258 294
55 251
111 221
213 284
127 242
105 130
95 123
17 42
44 87
188 246
155 266
72 133
197 265
212 235
48 55
156 169
23 130
118 137
242 283
16 78
188 237
39 99
67 180
200 233
199 226
178 189
162 238
238 239
55 243
188 243
12 122
202 297
201 203
195 265
92 272
206 267
144 227
41 293
17 34
199 265
153 241
268 284
20 218
23 143
55 234
149 233
133 282
161 245
35 180
74 268
72 270
185 217
205 237
234 249
8 99
12 197
159 195
219 265
78 95
236 244
30 80
47 99
163 218
24 101
212 220
177 188
141 296
14 27
15 275
167 218
60 64
231 240
14 296
185 237
199 283
43 111
181 199
167 178
168 244
186 236
157 221
183 222
177 264
144 257
182 260
160 161
102 282
166 190
187 248
178 238
193 233
51 127
164 197
188 227
174 231
169 207
123 281
162 169
169 239
33 230
150 248
110 123
164 265
14 39
232 269
79 87
187 210
204 269
254 270
217 237
19 136
240 260
14 116
101 290
244 259
182 247
148 170
129 291
242 300
43 47
118 293
153 260
165 199
160 209
41 280
225 235
67 102
105 287
17 299
152 165
222 235
23 52
46 102
146 159
220 227
73 285
150 184
151 226
211 254
48 92
187 265
84 119
146 183
198 206
165 189
184 190
2 142
184 235
280 287
73 299
81 89
204 205
179 266
43 109
213 292
33 211
163 198
208 242
183 240
146 265
194 210
180 207
264 266
161 187
177 231
178 194
3 122
17 295
125 192
176 211
162 214
138 287
151 184
174 228
24 141
215 218
234 285
3 64
148 225
164 247
171 172
60 92
54 84
200 267
65 89
177 194
17 143
170 255
177 230
229 241
201 253
131 280
155 240
160 259
11 122
23 104
184 220
197 232
221 237
64 142
252 293
224 270
14 33
122 281
75 102
199 208
58 96
212 230
211 220
175 217
8 286
253 266
38 82
33 138
191 193
184 192
242 245
14 187
188 259
137 139
2 279
189 251
170 176
48 138
43 206
169 259
80 117
129 147
9 41
41 132
256 259
3 265
49 102
217 229
104 122
226 242
168 264
92 106
14 117
38 52
59 138
50 287
182 217
30 101
42 84
51 78
41 57
152 169
238 241
22 270
33 208
43 63
55 281
218 258
188 265
77 137
204 215
19 85
9 275
129 247
223 237
48 141
198 204
80 282
152 213
164 262
208 283
164 227
115 137
64 296
199 249
168 189
228 233
203 255
237 258
58 141
65 141
205 218
154 192
144 246
32 262
263 266
165 269
193 278
137 282
203 253
216 237
108 229
129 169
189 287
164 287
64 91
96 272
36 56
32 180
43 74
61 180
48 133
162 285
135 286
25 137
232 261
157 281
153 178
168 195
26 41
245 252
102 299
184 285
44 129
27 137
242 248
237 265
17 71
281 283
43 142
176 204
189 262
148 257
203 266
99 224
174 224
64 81
181 263
157 204
211 241
240 281
85 101
151 254
170 237
208 223
227 263
16 36
159 237
175 181
23 107
105 129
20 23
199 262
51 176
287 290
32 267
205 252
164 249
3 185
269 291
161 186
40 87
146 261
55 259
2 217
226 260
203 234
175 244
187 268
29 133
270 288
196 245
99 281
99 169
208 215
186 222
64 107
175 224
217 292
287 291
165 254
108 291
250 266
133 180
21 78
200 201
10 123
177 235
109 269
245 253
154 266
18 102
69 89
148 265
78 295
39 275
55 154
199 281
163 191
249 250
240 253
38 58
201 269
17 40
249 255
235 260
20 92
1 14
28 270
43 224
127 273
129 280
64 98
32 154
64 279
35 36
23 106
170 185
156 183
148 192
167 200
29 105
35 289
275 281
162 209
252 259
5 276
136 298
101 294
112 208
174 253
151 182
80 100
46 176
117 123
7 137
24 55
31 78
146 174
43 274
31 36
29 41
163 168
213 298
194 243
94 108
219 257
213 296
228 265
36 194
56 137
4 101
157 208
139 220
55 89
175 203
125 262
51 180
147 182
157 250
43 126
17 114
190 240
114 157
80 297
108 213
19 187
191 265
32 89
152 219
159 228
19 134
36 113
151 240
64 117
7 275
228 252
19 224
232 281
47 141
212 249
130 138
193 216
88 96
64 125
137 268
57 80
149 258
50 101
149 222
245 260
2 297
36 284
176 266
79 138
19 117
145 281
144 200
84 268
4 55
14 51
17 31
236 261
165 261
23 83
99 154
108 271
30 87
154 228
138 234
19 142
90 105
166 244
35 269
108 176
156 207
223 265
145 257
271 280
64 118
147 243
274 294
159 193
159 262
158 226
64 69
80 85
118 252
155 225
182 233
155 200
182 242
86 294
85 99
213 257
175 198
173 240
68 115
176 227
217 226
15 92
79 224
129 184
17 273
148 269
65 87
224 282
54 102
34 108
169 248
178 225
36 251
197 225
213 237
70 137
88 127
48 84
75 270
256 269
48 123
199 201
221 240
102 134
153 242
64 126
47 89
152 253
204 264
254 299
111 137
192 214
38 71
51 105
190 217
43 299
156 255
129 171
207 259
51 141
160 178
188 283
164 231
166 294
145 294
25 184
172 208
4 99
147 262
33 129
127 129
23 284
257 261
187 260
28 41
202 207
166 232
223 264
157 183
144 259
146 232
163 217
15 138
161 256
42 102
78 180
21 133
184 275
36 150
194 209
127 224
89 100
50 89
100 101
8 127
82 258
133 295
55 226
95 108
12 123
95 282
75 275
146 178
55 287
154 257
192 234
37 137
28 89
98 270
171 204
99 157
21 122
227 267
193 220
212 247
211 223
207 261
31 105
160 228
82 187
96 130
153 200
163 270
82 190
215 246
71 298
38 68
23 71
64 140
19 82
227 261
137 285
217 293
90 141
200 231
38 299
184 259
127 298
152 282
257 259
167 243
75 123
96 143
125 243
171 189
206 294
29 89
73 127
96 114
64 288
178 242
23 290
178 219
201 250
184 223
213 245
182 257
232 293
162 213
97 298
194 262
93 101
40 298
149 208
176 182
232 268
192 256
236 265
115 127
60 127
206 212
141 276
18 266
133 260
183 198
146 206
232 263
166 222
257 267
211 259
99 240
75 269
41 299
99 131
183 190
162 229
229 239
121 133
176 265
211 258
147 235
238 264
20 96
182 252
181 254
45 105
78 109
215 222
32 105
227 259
275 290
183 212
35 89
182 220
38 119
80 224
202 211
154 164
223 293
263 294
107 148
190 245
14 129
227 241
68 99
224 245
178 229
84 128
164 263
179 226
101 292
67 123
36 124
201 300
12 229
19 47
31 89
80 129
206 232
180 297
123 126
6 141
2 69
57 137
237 256
84 98
6 84
224 254
237 246
145 241
145 236
248 258
52 87
239 248
63 84
169 178
13 129
225 248
227 228
173 207
158 165
209 230
120 133
23 88
256 257
161 163
207 245
166 212
63 137
19 29
195 238
226 263
179 283
228 243
135 141
129 241
149 166
9 141
187 269
99 282
52 84
136 289
87 273
99 274
40 122
41 79
55 142
23 119
167 246
214 251
180 225
55 75
150 269
166 204
19 45
209 233
6 101
19 77
43 286
210 230
237 241
127 299
50 102
184 296
193 228
33 209
187 277
153 211
43 152
223 243
172 199
173 245
209 238
188 228
38 278
198 215
54 96
59 154
55 56
36 68
60 294
68 137
243 285
2 32
185 246
117 224
38 131
227 256
38 117
131 224
191 236
35 275
213 267
263 281
228 264
213 286
89 93
268 283
84 104
14 271
137 184
229 259
64 274
129 196
294 298
108 116
214 294
145 209
248 263
95 99
167 241
129 261
156 202
173 266
187 190
131 141
228 234
187 224
3 78
80 271
95 278
177 267
203 206
178 223
156 250
152 229
195 243
3 263
2 82
36 50
87 284
57 127
185 241
10 38
123 136
63 133
167 227
19 55
151 207
23 295
114 127
86 260
82 127
231 236
99 236
78 300
3 102
88 102
176 232
11 213
37 87
20 290
74 123
191 200
109 138
261 294
87 297
127 187
194 254
101 131
166 208
152 222
44 137
23 124
27 129
108 299
206 245
23 115
11 280
23 113
146 169
280 285
5 14
163 291
129 251
228 231
10 64
1 138
55 98
56 99
85 105
11 43
6 38
102 291
155 210
244 256
36 294
188 266
84 277
103 270
62 224
209 251
108 113
7 23
206 226
202 294
173 187
66 78
150 189
174 258
145 240
73 281
16 92
146 229
73 272
76 78
206 266
189 257
275 298
96 139
26 137
211 229
162 258
239 258
55 96
55 108
95 284
14 109
78 291
28 92
179 293
165 217
124 260
30 41
144 210
69 190
184 226
19 276
150 195
33 155
35 295
234 237
62 64
95 122
4 275
91 300
95 101
240 258
32 192
165 258
18 96
115 297
168 236
22 298
179 245
83 294
195 257
167 187
155 192
230 265
201 263
209 252
203 300
67 87
34 275
224 281
150 243
106 275
14 124
161 259
165 253
91 105
2 27
23 62
97 260
16 141
226 270
288 294
154 170
55 104
31 96
211 251
18 138
12 129
187 218
38 90
154 209
24 102
5 180
129 237
179 182
113 133
78 103
244 251
152 193
204 235
161 215
26 101
82 175
205 217
45 127
277 287
189 220
187 288
8 137
106 123
14 63
180 236
13 137
88 291
206 208
245 251
32 190
6 123
181 251
38 187
118 300
244 266
84 86
122 135
165 208
152 225
146 173
192 242
101 104
281 295
67 275
238 258
248 251
84 274
195 264
2 134
174 261
20 138
291 292
144 207
57 224
39 137
98 133
92 280
189 190
201 210
3 80
78 271
206 236
226 267
198 222
79 127
108 224
180 208
2 35
205 209
17 66
190 263
164 218
38 51
41 184
190 199
61 122
86 101
240 248
216 285
189 211
109 286
113 123
217 259
18 64
179 187
163 199
96 285
188 245
162 283
167 245
40 101
239 283
201 286
178 197
74 294
140 180
2 31
10 108
236 238
197 207
44 102
95 292
98 102
76 123
17 121
33 256
87 136
55 208
217 286
167 236
17 294
153 180
174 241
189 255
161 205
203 293
105 114
178 263
114 289
81 84
248 266
189 203
223 259
172 189
192 209
46 298
49 55
19 274
198 260
47 279
16 87
191 228
287 292
155 259
197 244
114 229
177 263
104 184
187 251
228 244
108 290
294 295
17 27
147 249
75 101
13 254
195 269
129 202
54 138
161 240
180 266
169 235
94 129
190 220
172 195
102 117
176 208
50 289
282 294
228 258
181 228
14 62
128 284
23 300
186 244
10 138
111 280
145 156
24 122
172 251
202 237
203 289
192 272
29 129
43 97
23 48
148 165
63 101
147 187
62 80
218 261
224 293
12 101
185 232
96 180
57 87
154 219
45 55
17 39
68 275
207 225
182 206
241 281
182 256
74 127
158 259
265 277
175 200
26 80
166 235
96 120
189 221
19 44
43 71
155 198
156 249
167 232
211 253
74 129
153 176
82 89
99 208
174 208
89 114
15 84
252 258
69 102
264 269
157 212
137 292
195 207
5 280
127 136
21 92
184 253
14 104
5 41
211 255
41 47
170 230
17 119
228 253
123 272
83 105
182 194
232 245
16 286
51 80
54 64
207 231
144 198
145 252
55 79
82 281
55 148
7 80
137 217
76 129
5 122
145 162
145 239
213 287
55 159
14 113
180 257
96 282
74 300
82 186
175 194
57 275
171 177
2 8
222 247
124 206
46 89
112 220
161 212
200 224
172 194
42 87
17 44
243 256
170 214
76 224
80 113
243 260
38 283
156 246
108 292
23 79
192 229
55 265
233 244
215 227
217 238
75 154
88 133
154 160
202 244
25 234
137 286
182 192
161 233
19 119
55 81
152 243
177 247
169 203
161 234
204 265
229 262
2 299
60 105
63 99
181 202
82 288
14 98
153 158
164 230
218 220
5 55
42 64
237 251
172 202
177 261
152 227
49 180
41 136
19 52
38 63
49 270
217 246
10 133
27 127
15 122
155 193
163 247
181 214
108 221
38 66
211 214
117 232
32 169
207 256
134 224
238 262
165 230
158 162
184 215
158 239
95 157
47 122
32 208
126 127
165 191
1 87
145 228
81 101
60 108
173 200
221 269
209 234
77 224
129 134
19 287
126 129
67 127
151 181
128 180
30 96
148 174
147 232
187 201
73 108
238 246
35 138
241 243
33 165
29 281
153 161
212 243
178 221
84 139
243 253
36 86
11 55
17 46
146 192
6 23
117 176
165 184
12 80
206 231
55 264
41 93
274 283
170 220
156 191
97 270
127 300
15 55
40 270
123 132
41 180
178 222
127 229
186 269
70 123
27 87
86 102
53 224
102 130
167 174
158 200
219 240
176 207
260 294
60 89
115 123
55 140
269 281
157 184
119 286
151 236
204 220
82 105
52 141
43 100
80 274
89 134
33 215
144 269
89 119
200 250
238 249
89 187
70 92
200 217
153 203
14 56
207 215
3 108
106 108
102 143
73 123
5 99
163 194
188 225
133 176
204 251
200 228
200 202
157 260
78 284
166 209
91 123
17 278
123 298
34 38
107 169
114 294
174 185
8 17
120 295
160 195
25 84
138 140
157 186
19 46
18 229
72 123
99 279
103 180
254 265
43 136
179 209
183 211
187 258
55 184
183 195
146 150
158 257
144 157
43 104
18 243
183 259
160 174
184 249
107 262
70 102
210 253
99 187
163 233
145 266
192 199
210 212
187 290
165 185
181 245
159 226
152 290
160 207
148 254
114 270
17 49
144 244
19 37
172 239
151 198
183 189
129 151
217 231
172 224
96 271
242 268
13 87
226 256
86 138
78 132
160 240
170 191
123 129
157 185
236 258
200 253
36 95
118 123
24 260
30 111
13 213
155 163
152 221
200 208
2 39
224 264
120 275
171 222
76 108
144 249
96 152
237 291
99 140
164 187
157 223
150 178
216 226
207 237
101 273
174 217
227 229
19 110
194 226
19 51
157 241
13 23
8 43
247 252
157 273
5 138
84 117
164 252
205 249
18 111
35 283
71 80
208 251
225 231
127 292
78 85
14 142
203 242
245 246
243 254
19 73
152 155
196 226
88 123
154 278
90 137
11 84
102 295
142 298
146 149
7 36
270 285
149 261
173 198
37 41
238 254
21 102
184 197
203 229
108 118
208 267
108 268
140 275
7 84
23 126
67 99
165 214
41 277
168 248
175 262
26 108
50 137
228 235
220 266
31 127
127 206
187 240
101 268
176 212
5 141
82 87
170 193
160 214
50 133
41 106
156 188
160 294
153 253
96 125
276 294
101 275
103 108
225 260
191 225
21 123
118 213
35 127
147 214
152 181
96 229
184 185
17 85
75 105
174 187
32 166
132 275
100 122
89 94
269 270
25 101
24 115
82 133
103 129
9 127
162 206
206 239
128 199
64 291
183 269
135 138
145 244
262 267
64 124
83 99
149 182
14 131
204 278
32 127
58 92
75 133
151 246
41 279
128 270
180 246
34 270
19 21
145 181
107 146
151 157
55 138
15 260
237 247
13 78
178 245
19 295
72 280
27 36
125 141
245 287
43 114
19 53
23 85
175 261
192 220
101 129
120 192
17 95
15 108
152 295
50 72
151 262
148 175
228 250
210 228
28 127
23 86
101 107
192 208
147 240
164 219
129 284
73 105
265 281
23 33
55 188
84 94
133 298
202 228
31 137
160 281
224 265
48 137
253 259
195 260
203 247
179 249
108 135
2 292
129 142
99 234
157 242
95 295
145 170
183 245
172 186
195 219
101 152
60 80
108 117
162 266
47 55
60 133
23 109
173 269
10 127
146 238
101 142
102 121
198 237
191 217
117 138
91 141
92 119
43 125
104 224
33 146
34 41
66 141
41 296
59 127
90 275
19 40
115 281
78 134
183 237
154 178
174 245
225 267
92 113
42 154
43 298
177 269
23 297
13 127
6 14
152 171
123 277
4 14
47 298
56 280
19 107
226 238
195 263
126 138
163 231
53 133
182 183
265 270
114 299
2 52
38 86
164 188
174 188
105 284
157 245
146 230
32 137
82 212
260 264
26 64
223 236
270 279
95 96
81 138
202 243
36 120
118 138
166 218
74 269
195 249
22 41
105 132
240 269
225 298
164 184
108 265
93 137
7 270
80 106
173 204
107 199
242 299
202 203
175 176
30 129
82 265
105 283
73 283
129 199
57 105
39 129
38 109
2 22
234 259
93 96
50 298
122 299
220 246
186 228
91 96
76 180
154 218
176 193
199 209
243 266
185 224
2 104
29 102
149 231
150 222
133 134
203 259
141 273
263 264
66 158
152 210
197 222
33 185
252 254
146 267
229 252
222 257
13 96
162 253
239 253
129 203
51 64
183 187
17 69
153 154
28 87
184 202
132 297
235 255
158 265
157 233
217 221
18 185
96 135
1 84
172 176
66 105
122 272
198 205
254 267
145 225
199 259
32 99
128 242
226 264
157 272
216 225
184 200
20 283
42 101
241 264
2 54
163 188
55 97
68 105
126 297
80 291
134 297
2 284
64 136
71 129
259 264
220 222
201 235
122 294
163 193
46 92
3 275
258 265
96 129
82 157
105 131
260 269
182 215
268 270
76 80
170 223
153 166
74 78
49 89
184 212
47 137
55 127
158 181
129 216
152 180
201 229
71 101
192 222
65 294
280 289
47 84
146 155
39 133
98 137
73 280
6 137
64 116
190 216
33 172
287 299
55 61
216 235
20 41
76 232
270 296
163 223
106 180
159 225
217 281
101 285
27 270
22 96
70 275
72 99
123 279
73 300
265 293
187 225
37 92
254 262
2 13
14 53
162 250
105 140
239 250
97 101
179 294
167 212
252 261
74 87
2 286
107 202
65 127
168 225
225 265
66 129
157 202
165 224
146 196
131 275
21 84
86 192
144 146
232 259
96 126
83 123
161 164
114 224
152 200
146 168
216 220
11 270
107 133
280 286
237 244
165 202
90 122
236 242
141 142
183 208
93 107
235 258
249 269
231 252
111 270
17 134
151 228
74 133
108 128
154 232
148 149
174 184
153 199
97 141
227 253
241 269
158 192
17 83
179 228
152 201
216 293
197 237
99 124
123 278
216 268
217 271
102 106
25 38
14 281
148 208
19 22
14 26
150 240
155 185
16 127
230 236
19 48
204 238
36 238
171 208
225 246
203 222
25 55
19 31
184 240
17 288
197 217
14 290
152 214
174 220
246 261
80 104
5 105
96 128
101 114
149 238
172 242
42 78
187 197
87 278
127 281
164 248
233 254
101 130
94 133
156 223
213 277
218 240
36 57
93 108
185 244
2 112
225 262
247 264
23 139
83 289
180 226
79 122
64 79
97 281
99 259
69 129
122 282
78 83
207 228
101 143
195 248
163 234
175 199
153 232
225 263
149 267
144 226
67 133
101 135
171 245
17 50
94 141
53 286
227 237
155 254
61 137
129 143
5 224
17 109
154 243
165 186
170 180
235 250
36 100
187 253
92 268
168 218
19 114
116 224
36 91
54 224
58 89
47 138
205 294
175 211
177 221
2 81
110 141
59 294
38 61
70 280
55 117
190 284
79 96
4 43
129 138
83 270
178 234
26 123
52 289
84 136
180 218
184 290
190 214
25 99
105 274
224 262
147 294
120 272
7 87
163 238
156 205
199 257
265 282
248 250
237 257
40 127
92 94
166 237
36 205
198 214
145 243
19 50
157 189
21 108
153 162
7 55
26 84
207 217
121 294
226 235
146 162
3 180
38 75
78 111
127 157
212 252
246 256
145 203
38 85
93 133
225 250
99 271
152 285
36 90
37 123
179 264
213 293
87 98
138 229
149 204
9 92
167 207
23 30
153 193
78 268
164 213
118 260
152 262
25 275
218 254
137 224
12 14
207 238
197 236
73 138
13 237
66 127
170 226
39 122
19 113
145 164
101 126
73 180
208 255
155 176
166 192
21 41
202 298
115 124
165 194
153 198
7 122
41 124
117 186
13 298
92 107
161 220
17 282
189 215
90 108
147 149
228 260
146 246
203 241
167 244
114 137
157 214
157 238
9 137
238 294
31 41
182 198
153 234
40 300
2 187
154 184
209 250
220 283
64 272
169 254
249 260
179 195
199 210
201 211
148 264
84 126
44 89
16 224
222 243
35 41
96 220
14 73
190 213
133 276
201 282
39 96
67 84
177 218
253 265
33 87
172 226
14 48
158 204
144 208
181 239
156 174
1 297
116 297
157 230
253 257
167 228
67 137
18 224
163 179
221 248
19 296
175 188
46 137
55 94
41 273
2 48
193 222
2 49
217 223
147 195
133 277
14 42
167 269
159 264
46 133
214 241
284 288
161 237
50 87
240 243
91 133
56 108
141 278
75 87
61 101
155 262
188 287
166 259
70 129
178 213
202 217
148 195
22 137
186 248
19 104
198 256
3 213
159 211
87 277
96 286
200 212
11 163
214 231
201 285
17 62
187 257
155 182
41 268
89 274
14 118
162 180
180 239
181 216
161 183
163 242
129 158
217 224
17 77
241 249
92 187
15 123
92 134
280 281
212 234
95 105
267 293
243 287
41 281
246 258
221 226
26 280
37 224
66 80
55 157
212 233
163 210
80 91
194 198
23 125
196 264
153 165
216 244
48 96
190 230
211 216
32 133
189 285
190 215
105 291
144 182
186 211
75 186
36 254
14 67
191 294
214 260
17 104
191 214
108 217
236 253
200 239
173 226
85 270
44 127
32 36
40 281
14 126
186 226
291 296
175 187
49 138
145 218
157 199
221 262
181 259
192 254
217 296
99 288
152 254
19 98
178 191
217 269
95 272
161 247
249 261
170 261
80 140
61 275
109 224
60 137
240 263
129 233
133 154
81 129
173 184
14 299
49 281
63 122
23 66
1 38
64 112
149 215
195 196
171 244
190 267
191 203
63 300
261 265
119 133
44 275
187 216
251 264
116 137
6 64
175 179
172 212
217 288
12 55
173 210
119 138
171 181
219 243
120 123
185 204
168 209
33 216
157 234
33 184
27 102
43 52
100 141
245 257
31 92
153 192
3 237
173 248
196 209
214 249
19 217
36 38
187 279
181 261
151 249
160 170
46 270
107 158
154 177
172 261
14 135
145 178
152 177
282 283
159 187
35 92
99 201
64 121
278 294
157 169
185 226
43 297
19 57
14 18
165 215
184 230
55 228
71 294
157 188
33 182
172 258
43 285
145 193
74 120
189 198
195 251
5 80
52 224
210 231
160 226
227 245
164 261
63 141
50 122
18 84
153 210
96 124
127 180
26 102
191 195
16 80
81 96
12 185
160 235
7 41
171 227
25 105
71 102
161 166
187 293
14 46
92 114
73 267
34 105
82 92
224 248
17 55
162 219
219 239
55 193
163 215
279 280
122 279
57 99
168 245
277 291
195 252
219 226
77 127
121 127
164 244
198 228
111 152
152 233
185 272
209 267
151 156
30 294
41 134
207 254
257 263
154 161
29 64
246 263
50 92
158 175
209 219
170 256
204 230
171 257
102 114
46 138
249 263
82 169
107 122
196 243
152 232
191 264
170 215
122 296
19 97
151 259
201 249
284 290
38 77
256 265
194 228
171 237
187 250
64 74
68 122
82 213
244 255
41 117
26 300
29 101
56 127
36 267
81 141
2 110
43 61
93 102
287 293
96 281
187 271
176 228
41 42
63 80
207 226
203 287
226 249
78 116
71 289
130 270
176 217
226 227
219 248
181 255
118 133
207 220
47 92
175 253
185 291
23 24
54 99
98 99
195 246
52 298
10 36
155 189
187 211
29 87
22 281
217 261
167 184
234 236
184 188
191 235
39 102
36 110
84 112
14 54
193 285
152 260
105 113
102 116
29 180
38 47
232 284
187 226
254 282
189 216
31 133
64 271
84 293
55 57
87 107
123 171
86 229
87 113
173 259
184 278
177 238
35 270
55 82
169 201
173 182
55 91
181 201
295 300
182 186
279 287
95 268
36 136
1 17
51 129
37 127
40 138
228 262
141 281
12 141
153 224
48 87
14 61
89 280
161 277
36 46
17 86
114 184
20 105
41 74
36 87
66 108
216 287
273 294
40 123
55 102
1 123
26 99
143 293
43 86
122 129
162 231
231 239
55 163
222 253
230 252
107 127
225 247
211 260
90 280
210 238
204 249
152 188
116 138
106 122
108 111
129 140
284 298
96 277
32 92
58 127
80 217
129 133
223 252
47 64
96 154
209 247
57 206
1 180
114 193
185 259
75 138
186 237
122 277
164 253
213 276
55 92
243 272
220 259
237 243
295 298
242 272
11 137
182 185
186 210
18 268
5 298
218 233
198 240
128 206
10 101
38 107
46 78
225 283
11 133
215 266
91 99
200 238
146 221
254 281
193 209
242 279
137 187
87 112
19 121
86 226
248 260
163 253
23 273
188 209
26 43
18 99
160 182
12 138
269 290
167 209
222 263
87 129
187 243
25 122
33 137
235 241
162 173
173 239
41 100
20 89
2 139
235 236
234 246
156 231
2 72
186 259
129 167
170 197
65 96
60 122
37 78
41 48
32 171
251 270
184 277
23 56
187 239
162 187
14 297
17 35
97 278
186 227
174 195
191 192
208 230
16 89
44 224
137 180
162 194
194 239
9 87
35 300
149 209
17 184
212 294
184 269
182 243
151 175
157 266
4 96
14 32
84 284
108 186
92 276
78 110
196 259
194 200
152 179
82 102
51 59
146 171
205 246
99 254
13 43
227 240
26 38
192 215
148 262
44 108
118 157
127 217
99 215
173 178
2 126
241 248
160 246
83 127
210 214
167 252
214 262
190 224
118 242
14 272
99 130
120 297
19 184
101 103
105 120
182 207
71 84
162 182
184 238
30 43
182 227
154 294
99 143
250 294
78 119
17 110
174 175
202 259
235 238
165 216
210 247
57 260
166 170
146 215
147 245
17 65
156 229
171 192
37 59
122 131
115 140
152 206
55 123
92 93
78 290
96 273
49 127
45 137
37 80
38 49
289 291
104 186
169 212
208 233
176 246
158 190
146 166
43 81
183 203
207 224
206 222
192 233
108 274
19 280
214 227
84 131
78 88
158 207
79 115
147 265
4 298
14 47
85 133
203 250
182 205
46 87
161 168
245 247
153 235
161 209
240 247
174 225
275 285
36 73
204 231
10 141
18 265
167 219
186 245
17 60
164 183
25 80
230 243
82 282
59 96
39 224
19 75
217 263
180 291
55 130
14 125
40 141
161 171
102 103
236 269
161 195
180 235
48 99
68 138
231 237
181 253
3 84
22 99
78 131
84 88
163 170
38 104
30 138
217 274
28 300
169 181
159 236
36 148
148 204
3 280
163 183
179 201
87 110
149 151
236 287
158 225
81 99
35 105
41 61
162 176
176 239
171 211
102 293
174 212
190 255
163 206
164 171
235 239
19 49
201 264
119 122
129 256
41 58
147 252
205 235
157 158
147 259
233 265
162 236
62 122
64 95
80 86
152 203
150 200
247 248
75 278
124 138
197 200
48 89
172 204
123 295
18 269
195 250
14 90
108 139
17 75
182 202
292 294
146 197
154 182
47 123
45 108
145 249
64 284
8 297
217 249
95 224
86 157
149 255
40 96
96 97
252 269
129 144
64 132
72 129
147 228
108 288
228 242
36 179
175 180
237 262
219 228
149 253
110 122
169 211
192 197
17 36
154 240
47 286
144 162
144 239
55 253
189 200
80 180
80 268
175 202
59 129
87 119
196 257
12 43
65 275
80 293
166 254
152 224
154 204
2 70
169 226
105 281
93 169
171 259
138 273
36 65
6 78
17 59
104 114
50 123
5 127
8 133
250 264
196 237
207 258
95 213
175 230
80 103
129 150
210 239
84 142
50 270
32 275
28 123
80 142
213 217
141 284
283 293
43 82
240 270
37 122
60 78
21 137
242 252
189 243
41 52
113 297
280 297
205 208
10 55
41 95
92 100
147 178
247 259
173 208
2 285
180 189
206 217
80 126
176 259
73 78
135 224
113 141
137 271
179 248
229 270
163 221
185 227
185 262
157 216
72 291
127 135
51 295
213 259
105 136
23 277
144 189
46 122
172 256
184 243
119 127
14 140
157 225
251 265
144 178
33 200
184 273
79 180
162 226
141 299
86 212
170 300
9 89
84 110
202 235
127 260
45 122
157 275
238 245
36 219
268 280
174 199
45 180
19 30
158 208
176 210
38 274
179 235
41 276
280 293
174 215
127 186
229 294
61 224
31 275
208 247
150 236
8 78
294 300
162 201
187 299
157 159
78 106
127 140
26 36
157 287
35 123
162 263
239 263
243 293
155 178
163 257
38 112
156 247
172 221
190 261
168 252
188 235
78 129
226 248
41 49
157 175
20 141
67 89
44 80
66 270
120 211
31 123
62 84
43 50
89 126
125 133
44 84
252 287
178 188
64 71
212 213
213 279
205 226
247 281
248 259
23 272
90 99
55 101
35 87
144 184
123 290
10 99
148 252
171 174
49 278
66 294
161 196
164 221
226 283
270 286
129 179
23 279
158 249
223 228
116 129
1 129
31 87
67 78
145 227
214 235
108 132
168 254
19 130
36 53
204 246
53 78
189 199
2 11
146 147
186 204
97 127
168 249
23 187
14 81
149 158
182 229
38 97
38 40
171 240
187 194
64 152
165 171
245 264
150 237
185 192
270 292
17 107
219 235
217 267
66 102
182 190
38 142
162 239
2 21
118 127
10 275
23 274
197 228
71 87
241 259
150 257
68 102
230 287
234 243
101 117
199 264
64 93
53 99
125 280
55 113
198 258
159 265
211 228
166 262
93 123
147 236
177 213
193 223
86 133
200 221
36 261
43 134
194 246
67 141
107 171
45 280
184 211
6 80
149 234
294 296
247 283
36 40
154 226
168 177
149 202
65 270
36 89
56 133
187 195
184 236
83 129
152 175
26 78
232 275
96 104
19 83
151 164
114 237
78 107
55 171
120 138
141 224
191 252
69 157
192 237
89 136
156 244
213 283
182 200
184 250
201 223
30 55
234 264
36 138
24 186
241 261
171 214
17 48
38 59
185 254
208 249
199 232
18 19
219 245
201 258
71 122
280 283
224 272
2 60
84 95
39 101
164 264
89 116
178 204
241 260
78 279
95 137
201 216
245 269
122 184
232 236
3 234
259 260
233 262
145 212
96 201
4 291
61 89
70 127
31 224
55 62
112 190
87 109
127 132
176 214
36 160
187 264
68 101
75 92
51 92
58 133
14 79
201 265
195 203
66 111
44 133
105 135
78 186
105 106
58 137
147 153
212 227
48 129
205 232
225 257
50 78
38 273
79 80
115 141
36 80
24 87
57 138
159 201
55 71
62 138
90 101
143 297
211 267
184 274
152 236
232 283
209 229
5 102
49 92
203 209
14 291
83 96
70 297
202 245
217 254
216 232
236 264
180 249
51 99
152 296
99 120
44 101
157 283
30 141
114 300
184 265
181 186
23 51
173 189
150 187
83 137
27 123
169 209
111 129
161 228
33 259
6 99
19 74
108 121
33 218
37 64
159 184
237 269
17 126
219 269
148 184
206 248
149 237
247 285
194 235
222 287
140 280
13 270
248 267
129 160
41 140
229 289
199 245
159 222
183 243
147 248
8 298
35 288
19 139
157 168
108 134
82 146
33 154
76 105
107 141
3 220
150 170
69 260
62 99
56 138
89 106
209 224
4 38
72 87
55 252
17 22
192 245
122 126
63 78
208 264
73 286
193 212
163 230
174 260
2 132
65 137
37 38
105 119
84 130
19 277
19 54
155 243
136 275
240 262
216 222
36 131
71 99
50 285
38 217
17 113
158 201
97 300
160 204
152 257
33 198
38 65
52 133
105 118
84 143
206 254
19 292
149 185
80 281
174 176
107 244
150 181
55 120
89 139
124 180
4 64
32 108
147 257
187 266
168 198
33 102
97 99
194 265
159 163
254 297
149 220
99 273
149 250
195 253
206 257
25 224
169 245
65 92
148 248
250 269
89 113
34 286
221 228
208 232
108 131
213 226
236 252
169 262
55 70
2 293
11 80
69 78
150 245
193 214
217 240
163 265
147 209
269 300
200 234
41 284
4 122
23 74
44 122
127 288
6 224
69 213
216 283
234 244
214 263
76 89
155 174
119 129
189 253
236 249
81 92
161 254
157 258
190 197
77 87
80 187
86 184
148 190
95 297
32 229
152 242
212 216
100 298
130 280
187 199
148 163
145 201
238 244
167 257
78 269
214 247
155 162
220 244
155 239
80 279
165 220
167 294
82 199
189 261
211 261
175 227
82 237
14 55
34 133
201 213
152 288
94 294
3 23
74 108
128 133
80 272
181 238
133 285
101 109
181 220
147 163
36 97
78 288
62 180
43 271
178 236
249 258
4 133
201 260
247 265
127 202
92 278
194 201
217 262
202 209
1 294
174 267
71 270
5 96
251 294
247 257
22 154
93 275
209 218
145 149
258 266
161 177
133 292
234 293
230 281
176 178
160 212
101 217
158 174
170 187
55 124
138 139
77 141
43 98
192 261
6 108
153 252
275 299
225 227
7 102
76 127
168 201
183 264
201 275
163 220
147 181
233 270
189 227
184 237
171 218
47 96
75 180
182 244
204 261
23 296
232 287
59 102
23 27
19 111
165 226
167 248
86 176
197 240
147 203
17 115
64 293
252 266
78 128
129 166
13 102
30 122
79 123
95 184
186 198
197 245
89 272
17 112
25 36
58 101
23 134
205 244
95 102
208 216
102 297
37 270
2 116
175 269
183 218
152 300
20 137
178 214
178 209
240 244
122 268
10 280
4 108
32 64
92 291
28 78
207 214
96 140
51 294
210 255
23 142
10 137
146 194
201 273
19 273
204 244
87 299
164 168
77 96
144 181
265 288
275 288
46 123
171 187
237 250
206 262
117 229
6 127
7 89
86 99
149 199
263 267
213 275
152 255
154 237
72 84
286 287
194 294
38 296
106 127
186 209
236 247
14 274
45 123
60 186
156 196
36 197
17 128
113 224
185 208
154 217
2 68
185 193
14 86
178 261
108 234
77 105
187 229
224 300
141 277
42 89
53 96
241 258
43 110
245 262
197 209
80 115
36 141
101 279
7 99
33 229
206 252
122 217
19 62
185 198
200 263
137 276
75 137
220 281
190 237
179 200
3 224
99 213
170 188
185 225
158 214
101 272
186 192
271 284
203 299
140 141
82 221
33 163
67 108
38 124
26 129
90 138
61 138
242 294
160 198
3 129
53 108
27 105
175 256
155 170
11 224
110 224
8 275
233 240
118 154
43 62
44 138
180 217
122 286
77 129
175 192
129 132
277 280
122 152
84 272
154 193
122 125
110 129
263 269
69 138
177 253
214 248
214 223
41 98
181 188
219 232
84 90
89 132
99 147
40 55
15 270
217 265
224 257
225 289
43 46
212 238
148 156
70 89
81 289
84 279
185 190
102 115
33 212
101 110
158 177
102 280
101 296
150 218
152 231
45 138
145 177
106 288
117 275
215 259
237 281
123 134
209 249
224 237
159 217
233 266
123 187
172 205
285 291
84 187
87 95
89 111
4 137
29 127
56 101
73 89
149 171
55 225
24 280
142 275
38 69
38 106
217 256
43 273
36 233
154 181
80 119
169 294
162 255
33 84
239 255
67 281
198 236
208 227
87 224
120 137
14 130
55 125
187 292
94 99
164 191
78 90
162 183
183 239
134 275
150 175
133 152
219 264
221 293
175 183
63 138
154 244
14 93
198 239
45 224
149 168
36 43
196 218
229 257
158 236
175 265
168 212
49 269
99 129
210 269
56 105
105 107
148 162
93 127
108 136
148 239
17 57
245 263
23 129
217 297
185 206
153 227
49 105
175 249
157 291
262 266
158 245
22 180
31 80
89 129
129 294
123 184
14 132
178 255
107 229
23 224
76 288
60 180
34 154
157 229
8 23
164 243
223 227
64 66
165 182
93 105
170 277
16 108
156 192
122 276
246 255
86 265
155 227
161 226
2 10
50 96
163 256
38 290
129 253
266 287
35 132
233 257
38 76
187 295
114 213
97 123
82 289
234 235
32 226
189 263
125 214
184 244
99 220
129 255
78 82
31 84
224 279
268 269
36 243
2 58
167 201
203 223
180 222
88 89
61 87
196 262
210 250
15 280
57 78
89 128
74 185
230 257
273 283
165 282
99 114
29 122
107 129
117 295
204 207
203 214
145 208
155 222
4 127
35 84
158 210
38 111
156 211
235 266
78 121
129 191
220 240
35 137
22 43
86 127
203 282
11 89
217 264
87 91
82 171
92 95
185 218
148 218
287 288
156 235
92 297
46 80
146 220
237 263
125 261
199 204
113 122
186 212
150 156
87 286
211 294
68 224
146 167
21 89
160 172
124 224
175 221
156 184
152 212
198 259
131 137
102 129
170 238
195 241
226 246
209 221
1 41
57 180
63 108
35 276
74 186
55 122
32 84
20 102
219 249
169 266
51 84
271 294
189 217
94 123
242 249
129 201
206 259
29 55
149 189
43 54
4 80
72 78
86 220
175 186
216 259
189 258
213 240
166 184
168 211
198 202
181 196
183 210
242 266
154 198
107 226
151 243
162 208
16 133
152 234
148 222
123 213
6 275
87 140
199 217
225 253
186 262
80 110
26 297
3 243
2 143
195 217
146 260
171 184
121 122
75 127
237 284
88 141
144 156
157 209
82 275
174 196
29 78
143 287
3 137
132 133
275 286
57 122
95 234
166 182
232 267
2 130
36 63
68 89
6 133
152 168
15 43
107 225
202 265
53 105
190 205
193 253
69 108
39 180
2 4
2 44
1 19
179 241
177 192
208 219
3 175
12 127
165 196
8 123
43 139
1 55
85 96
98 138
267 281
191 222
169 189
218 228
72 92
2 18
152 153
14 36
193 229
45 99
203 220
17 300
163 258
141 297
152 157
171 225
208 246
205 240
53 138
14 152
91 92
162 228
141 187
49 242
172 173
194 244
129 265
180 204
129 168
163 184
19 290
169 184
36 81
133 281
174 204
214 252
29 99
161 261
5 87
38 136
198 223
157 180
173 212
209 265
107 180
215 282
84 100
178 212
221 243
38 45
152 174
35 38
92 115
80 83
73 133
3 19
146 241
14 134
176 203
13 122
174 205
36 109
152 298
184 203
38 79
81 87
74 84
182 250
89 277
61 96
224 287
283 298
159 209
192 224
190 287
22 108
14 24
174 283
23 128
235 263
245 294
60 101
196 254
236 243
99 290
94 270
22 122
245 248
162 164
29 275
192 266
171 235
24 80
274 287
176 237
177 206
223 257
17 290
60 129
18 43
176 243
121 300
218 239
33 64
43 72
23 63
153 255
245 250
207 234
114 169
95 273
19 131
174 226
108 192
87 296
101 299
60 224
269 276
8 102
159 161
104 123
1 99
181 260
84 271
161 182
203 225
86 187
80 184
212 218
201 238
73 270
234 240
152 230
105 270
149 167
176 190
158 246
211 240
189 248
178 196
92 279
155 252
188 267
19 66
243 250
243 258
138 294
74 270
271 291
19 35
211 245
153 294
78 125
36 140
190 251
45 101
150 190
14 50
82 214
72 76
204 233
99 179
245 265
48 275
91 180
155 244
161 197
193 203
24 180
162 199
199 239
82 99
2 3
175 263
161 216
181 183
108 114
25 96
163 169
208 250
208 217
183 252
198 229
284 295
174 238
36 133
213 264
43 124
150 163
40 43
68 80
211 266
84 296
175 255
155 161
179 240
205 270
4 129
275 276
200 225
161 223
49 123
99 107
50 138
53 291
62 141
103 133
16 23
180 243
163 229
169 177
164 238
153 221
217 277
11 99
29 260
14 74
79 101
80 107
164 257
129 130
182 246
182 258
193 217
39 127
4 224
226 255
38 126
252 260
120 186
252 256
196 228
133 293
165 204
250 259
70 122
40 288
149 153
133 268
77 180
192 241
157 285
24 154
96 98
221 236
152 156
73 282
128 224
49 87
264 293
2 128
112 275
104 300
123 273
232 239
181 247
195 213
64 277
165 195
152 246
36 82
2 50
73 293
78 94
201 251
172 213
83 89
133 299
270 294
123 217
228 249
59 64
214 230
36 78
224 246
236 248
232 237
87 276
77 270
201 220
248 253
107 138
190 222
286 291
43 180
38 129
71 286
14 282
18 108
166 193
149 254
127 283
87 103
3 138
2 278
134 270
201 230
99 295
217 244
200 251
118 206
186 281
21 99
144 248
235 240
120 141
170 247
30 78
2 117
4 242
32 102
9 38
38 135
106 137
187 237
151 153
147 201
55 107
21 280
33 55
27 78
124 280
147 264
194 218
164 250
54 141
138 142
152 239
154 225
152 162
211 236
41 131
174 214
94 300
99 293
47 270
192 260
228 267
63 127
189 230
36 125
19 129
178 256
184 264
137 299
145 265
144 235
144 172
104 294
222 269
38 91
102 281
16 43
149 213
23 111
151 165
38 93
54 133
43 157
122 187
222 242
222 261
226 250
2 66
151 232
219 222
233 294
86 108
69 80
64 85
165 238
27 55
165 187
256 266
41 271
40 108
184 189
80 125
193 272
55 111
33 253
170 236
187 208
2 7
214 256
42 99
55 215
155 172
171 203
126 137
19 67
249 256
76 84
163 264
209 227
157 167
33 236
45 80
174 234
43 45
184 263
228 230
172 184
214 215
107 291
76 137
17 52
209 243
55 67
124 141
245 283
58 123
187 236
274 275
184 195
61 133
170 208
14 77
202 232
39 55
166 207
187 261
174 182
213 297
2 71
270 298
11 127
198 251
86 89
195 267
76 212
241 266
176 187
174 266
35 285
68 141
64 131
228 238
36 84
98 101
8 138
157 256
44 78
203 263
32 270
199 236
147 241
37 43
200 240
6 92
2 62
54 108
17 67
82 154
53 101
41 110
148 244
108 142
2 280
168 262
270 277
175 248
174 180
209 262
201 207
165 256
158 217
125 169
98 171
240 256
112 157
178 201
106 297
168 182
182 265
146 210
146 250
186 280
269 298
167 190
150 249
157 293
17 94
12 278
118 180
187 247
14 293
64 276
196 200
82 270
42 55
163 190
29 92
209 246
261 266
157 228
44 141
163 207
174 256
60 138
43 128
203 217
197 294
114 254
71 141
113 138
192 204
46 96
97 138
183 248
149 214
36 297
87 271
18 133
260 266
177 190
265 294
243 284
196 204
73 96
80 143
159 170
187 283
83 133
6 138
12 102
148 187
17 30
192 205
153 251
152 274
192 212
190 260
234 248
80 114
17 68
218 260
98 275
173 249
92 118
275 277
163 173
200 266
222 223
82 148
279 283
33 148
80 130
223 225
60 84
255 257
165 272
92 131
208 221
25 87
232 251
2 111
270 276
144 236
169 175
236 263
17 18
181 258
187 291
209 255
65 108
149 230
76 297
251 266
217 242
111 127
76 133
84 116
170 216
160 163
93 270
241 285
217 243
2 51
163 255
247 293
64 73
186 208
254 271
213 214
39 141
12 96
201 252
151 201
137 290
219 237
213 282
146 216
3 281
41 75
197 198
206 214
17 51
14 31
48 102
80 132
114 138
229 249
160 164
204 206
1 133
54 123
182 191
137 152
63 298
163 165
163 197
211 230
55 74
123 274
189 194
78 139
190 196
41 63
15 89
149 259
131 138
114 133
164 185
196 235
36 185
64 286
218 241
25 133
2 40
98 129
163 196
252 263
158 222
158 209
175 219
36 88
25 297
14 21
38 152
175 242
160 272
43 278
211 231
177 257
64 129
162 242
239 242
18 80
192 238
181 215
1 101
154 200
15 129
167 195
157 179
231 265
99 119
63 278
180 210
194 207
37 129
106 133
14 136
32 38
102 135
36 167
92 152
38 271
71 78
161 219
177 187
199 225
217 253
41 187
50 55
47 101
29 224
78 130
87 97
42 127
168 232
143 268
190 259
108 120
291 298
28 38
113 129
177 180
17 139
186 214
154 210
117 129
174 254
24 224
185 248
150 228
188 248
199 227
53 64
197 243
43 277
193 237
51 87
214 264
14 276
125 129
3 101
117 280
150 217
157 219
228 257
216 243
265 291
84 282
186 283
217 235
17 54
287 294
183 257
103 122
160 248
148 157
21 180
146 200
101 125
76 265
157 206
160 175
15 141
166 214
129 208
16 300
49 206
211 256
108 125
89 120
23 121
192 223
8 41
32 122
118 218
24 43
3 158
135 289
171 200
160 193
114 277
247 294
212 232
174 269
161 281
238 242
8 129
151 190
278 283
149 225
179 212
172 175
152 286
217 220
148 161
55 134
254 261
39 138
65 291
105 117
250 257
237 248
194 211
201 233
178 205
192 228
94 180
162 224
27 224
51 275
224 239
121 279
161 263
99 277
189 265
90 123
162 256
239 256
69 92
2 273
102 119
2 86
161 253
122 291
80 278
30 38
9 78
265 287
1 122
143 281
33 144
95 286
171 236
41 81
76 122
5 129
180 237
18 234
172 215
200 213
27 133
177 233
99 172
217 276
18 146
133 296
15 127
13 155
80 152
54 80
241 277
172 201
41 113
76 242
123 276
181 189
159 192
17 224
202 266
43 186
156 173
271 287
36 168
168 204
66 96
227 250
129 180
195 244
139 234
69 105
53 55
217 225
125 260
149 163
199 212
183 236
31 154
75 84
48 270
152 283
152 241
55 198
50 84
181 195
233 243
2 124
287 289
59 133
73 143
222 229
227 294
152 178
126 224
19 120
16 84
101 112
151 248
108 154
12 92
56 84
192 216
156 256
210 219
87 116
210 242
152 292
7 129
24 123
107 137
284 300
34 186
149 184
270 274
129 219
158 164
53 123
59 141
18 206
155 235
224 238
2 37
14 29
209 283
196 214
38 282
137 272
2 115
186 243
98 123
56 122
51 138
180 187
68 154
60 96
224 226
106 242
86 242
151 177
129 238
187 219
221 227
20 176
137 279
227 251
7 138
99 183
36 231
175 207
149 206
127 293
154 162
154 239
87 298
60 102
146 253
127 268
251 297
149 173
179 254
17 32
172 183
148 193
265 269
179 181
203 281
244 250
168 235
251 259
7 17
9 99
31 185
254 264
6 122
234 262
193 234
120 129
64 282
9 17
269 279
7 105
109 127
213 235
4 92
178 224
95 288
3 89
210 224
12 207
63 64
219 236
156 251
160 210
213 243
214 246
40 78
36 67
92 130
118 297
17 272
108 279
108 285
2 25
211 219
155 245
277 295
2 135
216 262
102 277
80 109
33 179
240 255
183 266
150 172
41 91
146 181
92 143
177 243
146 258
166 181
28 99
24 270
123 280
225 244
4 284
101 280
6 55
145 189
211 238
2 67
154 156
157 240
163 224
118 243
40 89
86 190
33 80
184 219
55 132
191 204
175 247
30 270
146 244
1 89
211 233
51 297
43 130
32 141
70 224
198 208
53 270
107 275
17 275
25 127
202 218
17 292
59 107
9 133
145 264
276 280
156 261
168 227
165 175
160 177
9 297
202 270
283 286
65 133
71 137
212 221
276 283
152 278
205 243
112 141
156 176
222 248
203 216
67 138
111 291
41 94
77 102
102 142
159 227
196 236
170 202
177 185
148 227
34 64
155 237
215 240
43 58
152 226
70 105
166 198
36 48
261 270
224 247
149 263
19 90
40 275
43 118
79 137
51 96
73 137
6 280
177 217
241 246
143 286
72 82
176 192
207 219
173 254
152 190
168 184
41 70
274 280
187 223
162 186
186 239
19 152
21 129
41 274
36 52
159 203
61 127
20 123
28 55
129 231
55 131
192 236
200 220
178 202
38 116
23 55
36 265
270 282
33 167
14 37
125 180
165 234
183 214
235 267
52 101
73 269
290 294
117 180
16 123
97 129
118 224
141 292
185 228
96 187
102 268
5 133
72 96
212 258
205 210
36 159
127 278
182 223
108 282
284 287
65 99
163 172
152 248
19 128
166 248
2 296
182 230
164 258
12 36
30 102
32 78
36 191
214 287
198 250
161 176
108 115
173 177
105 295
55 88
194 225
198 225
253 269
187 233
64 285
185 236
15 180
21 105
197 254
148 198
13 80
42 43
171 265
154 298
177 196
217 266
150 161
114 141
232 291
74 92
64 299
181 224
144 193
214 269
95 270
38 44
251 257
143 278
185 257
170 171
122 143
182 224
1 275
13 180
29 141
81 102
36 70
148 212
125 148
83 87
215 254
18 38
220 257
203 215
145 285
242 262
17 20
202 225
160 252
107 154
120 280
30 272
73 289
122 130
170 240
66 298
209 235
243 245
212 263
190 209
201 294
189 235
23 116
133 140
35 298
1 23
38 55
20 43
170 245
150 209
145 161
225 230
67 96
173 235
237 285
86 152
56 102
12 99
174 255
129 155
102 107
258 259
14 100
14 121
244 284
218 247
19 42
175 238
152 202
164 172
2 79
199 235
195 235
39 87
155 224
219 252
175 218
221 266
146 231
96 298
217 248
8 289
169 170
138 267
270 300
87 143
104 297
55 110
93 280
122 139
230 262
161 260
237 253
88 99
174 294
193 259
28 84
213 227
86 230
47 105
180 211
201 221
145 157
41 83
176 270
164 174
152 261
69 101
218 226
14 34
180 184
15 102
39 92
87 130
133 139
22 123
208 258
18 208
172 255
285 287
2 106
2 34
55 86
11 36
73 102
193 268
123 143
4 41
10 96
149 187
19 81
82 229
2 152
191 257
23 61
172 188
17 296
63 224
51 101
149 217
187 204
123 130
146 234
181 256
31 122
104 291
174 221
169 172
160 237
157 263
17 28
148 246
159 257
59 99
85 89
23 40
138 275
139 265
103 123
55 222
102 125
41 65
13 99
175 206
89 135
161 185
33 267
125 208
153 220
146 264
27 141
151 294
98 297
75 224
14 15
36 199
174 263
89 295
207 250
23 135
152 182
130 275
94 138
159 252
147 246
38 54
151 218
244 269
195 199
251 298
191 227
53 300
127 277
162 225
17 81
36 270
187 278
119 141
216 249
154 291
88 138
182 210
55 87
159 214
43 90
161 269
204 253
96 295
1 2
66 87
4 19
19 58
14 285
189 234
2 76
5 84
64 90
21 237
33 151
85 108
185 200
157 253
44 55
165 228
168 210
176 195
63 293
170 205
170 266
3 200
274 284
152 245
185 269
193 239
175 232
43 293
214 261
186 187
52 89
181 231
221 264
195 234
226 247
215 262
40 99
159 249
148 228
170 201
91 294
113 298
249 287
14 70
191 266
214 216
172 231
121 270
86 224
53 102
184 271
209 269
203 272
122 124
226 230
225 229
52 180
64 134
191 249
23 95
37 280
162 247
239 247
189 223
56 275
96 260
17 98
176 240
17 58
61 105
171 198
169 243
190 221
201 215
221 235
105 126
64 100
200 237
267 286
144 177
50 132
106 280
96 213
218 221
69 293
156 161
78 296
20 129
241 257
43 121
126 294
66 99
129 135
23 97
43 48
32 138
215 294
158 212
255 263
23 26
157 191
86 252
9 123
204 219
137 274
23 50
23 118
182 251
155 177
90 92
38 143
17 79
199 214
171 201
259 263
28 224
177 191
156 217
38 103
78 104
9 138
103 224
179 211
96 299
210 236
196 217
225 252
30 84
21 127
14 52
31 43
61 129
102 140
34 180
68 96
164 202
154 211
203 221
62 92
38 130
41 59
31 64
14 120
188 192
78 187
166 217
74 283
3 190
157 226
8 36
120 158
26 92
170 186
145 254
194 236
41 72
125 127
204 250
210 263
161 239
105 224
74 278
129 229
172 234
89 290
35 64
8 105
55 220
181 197
3 99
22 84
125 199
134 138
145 259
200 261
36 221
267 278
6 36
33 210
172 197
188 204
257 260
14 278
78 117
159 218
273 291
214 220
157 278
182 218
189 229
18 294
43 131
160 189
36 112
14 71
94 96
58 84
83 138
72 86
178 226
275 282
164 178
103 269
42 280
194 208
249 266
207 236
164 173
2 77
165 168
35 224
32 43
175 196
1 224
104 133
96 288
22 80
43 79
78 98
71 96
176 257
144 165
173 294
106 115
238 265
197 218
141 285
23 70
232 247
42 138
171 246
14 49
205 245
129 154
108 270
216 218
149 242
73 141
35 141
101 124
82 108
43 70
21 234
112 252
82 272
151 203
253 264
57 108
155 218
94 122
173 181
164 167
71 138
238 252
125 232
287 297
1 108
218 263
161 213
41 109
55 139
1 43
156 197
222 265
92 117
126 300
99 221
163 203
275 292
259 287
14 30
36 123
19 61
41 201
146 152
45 297
55 69
210 226
70 78
270 272
124 133
143 283
163 167
170 254
173 265
201 243
41 217
164 190
6 43
172 179
194 266
220 293
146 154
182 197
91 127
217 298
76 268
117 206
182 234
23 98
157 213
22 269
184 248
166 225
105 269
116 123
125 222
20 183
191 198
181 233
269 289
56 224
32 202
166 227
39 80
175 246
68 284
3 38
181 234
38 88
2 73
225 233
102 274
174 177
20 127
146 252
61 123
184 257
231 243
229 269
70 133
159 198
156 242
34 87
267 294
236 241
280 299
73 287
194 245
87 292
2 295
99 278
45 284
152 186
20 108
152 173
50 80
191 201
167 266
55 63
133 291
187 245
33 183
150 211
161 224
92 271
166 203
16 122
187 205
153 168
57 242
190 228
29 108
147 226
164 192
45 87
145 175
157 171
69 206
280 295
120 122
23 77
87 280
93 95
64 120
256 294
180 270
64 88
161 194
82 138
97 102
79 295
82 243
198 216
184 198
82 242
62 270
105 292
89 282
152 207
36 142
148 153
194 203
2 107
54 286
177 216
17 131
54 137
86 297
44 260
168 174
36 253
150 208
240 249
28 43
25 89
19 297
130 133
94 101
143 300
3 186
64 77
79 284
147 170
33 162
155 232
141 268
27 89
156 233
80 95
147 225
78 97
226 251
232 254
34 122
88 101
172 187
174 287
171 249
133 143
144 224
212 261
203 256
238 287
154 187
35 293
14 95
151 225
10 105
98 224
172 180
67 129
242 264
105 275
265 284
197 214
86 154
80 124
182 232
19 116
170 204
171 266
175 191
159 177
180 181
32 186
90 270
181 230
163 241
231 235
190 223
190 231
246 266
38 100
87 88
228 261
226 233
133 278
135 298
76 141
36 64
42 141
124 137
214 244
206 227
201 246
180 244
80 295
92 285
211 242
189 242
84 124
19 94
231 272
84 115
165 225
105 112
64 268
87 118
84 280
84 113
55 179
3 127
19 36
87 293
242 282
39 78
2 28
109 123
137 280
170 194
102 187
96 268
202 257
179 214
36 169
30 64
33 221
178 182
195 242
205 254
198 267
146 187
123 139
22 133
163 186
111 275
167 222
38 272
194 232
203 213
102 285
201 241
34 84
108 300
187 228
207 230
40 80
43 68
24 64
57 129
9 224
182 199
108 112
187 202
123 293
36 203
222 238
41 67
196 208
191 207
152 192
209 264
269 280
31 281
217 230
15 41
146 233
197 285
55 180
186 240
177 246
175 213
98 127
95 296
56 89
73 101
61 80
192 195
164 186
35 206
172 245
173 237
164 241
159 288
202 227
177 215
63 270
208 231
184 246
118 122
210 234
226 262
188 190
73 129
55 182
52 96
52 108
6 129
155 164
222 246
215 217
227 238
55 121
129 136
155 294
96 100
155 157
75 80
133 300
178 183
214 218
12 105
69 133
77 89
55 78
69 234
66 101
148 226
279 294
144 204
282 287
265 278
197 226
32 255
157 259
41 119
82 96
40 137
101 134
172 220
72 120
156 252
158 238
120 187
92 296
183 294
184 284
161 175
272 294
96 270
186 200
23 112
40 84
43 296
17 129
3 219
52 122
152 256
145 174
87 135
156 187
60 141
36 98
127 276
101 121
89 180
83 101
190 219
166 252
1 80
147 190
157 217
206 209
15 64
86 275
174 213
189 207
173 236
226 252
17 29
164 260
205 236
63 185
42 122
156 267
173 193
157 288
43 67
62 101
180 227
146 190
58 87
145 248
209 263
240 265
170 269
2 277
220 270
144 152
36 85
82 122
114 280
173 214
111 158
183 228
246 267
80 290
196 201
222 264
83 114
121 141
17 53
43 76
84 129
79 89
177 250
78 276
167 217
64 76
55 90
155 212
192 239
3 96
99 296
71 133
108 206
3 188
30 108
184 295
117 241
234 281
108 199
8 141
121 224
89 275
186 270
99 111
10 122
2 46
165 251
31 280
192 240
34 89
32 258
215 243
86 87
196 265
212 248
140 270
129 173
23 81
151 161
158 189
194 240
7 123
40 268
148 266
14 143
163 252
144 212
55 209
33 164
203 279
67 186
17 271
157 299
188 201
84 120
16 19
25 102
152 244
45 89
269 271
199 243
19 103
71 105
157 239
225 249
16 129
99 188
180 212
152 228
202 236
214 224
165 242
80 284
40 299
43 59
41 46
193 206
10 78
41 291
159 175
137 300
78 86
132 138
158 264
174 194
273 280
86 148
245 261
42 123
84 97
201 205
150 162
150 239
222 231
99 113
86 289
95 176
185 268
23 29
165 239
30 133
43 106
151 200
261 262
243 247
181 184
152 264
123 271
186 265
208 287
51 224
27 275
246 250
205 266
179 204
187 200
90 294
14 292
114 284
206 225
160 203
9 43
117 260
120 143
19 271
79 270
54 87
16 17
147 266
219 225
114 115
87 142
108 124
82 101
116 300
5 270
23 299
100 102
243 283
192 247
177 203
185 203
208 235
152 170
160 181
45 84
98 108
167 240
158 232
156 213
57 92
38 94
214 229
99 297
23 93
131 133
54 127
54 154
22 224
221 252
193 281
96 276
214 242
201 217
192 258
112 127
112 298
213 246
214 243
43 60
36 77
235 261
208 213
225 251
182 262
222 256
2 119
291 300
209 256
102 113
176 209
24 133
133 142
20 184
170 219
142 289
198 230
246 247
30 269
156 234
165 205
55 189
152 238
166 187
203 205
169 241
53 129
218 269
37 84
111 123
28 133
79 84
23 57
38 74
171 226
154 190
23 286
147 156
205 214
252 281
193 251
193 221
36 139
148 182
183 192
82 216
270 271
33 166
96 103
209 258
19 71
23 82
72 117
165 233
84 285
150 182
25 141
187 262
16 297
73 80
57 123
225 264
150 259
175 251
72 101
32 55
12 108
101 139
51 55
10 80
174 209
207 233
200 215
201 202
184 258
29 96
227 233
252 253
223 248
172 196
64 130
179 262
55 105
110 286
23 100
23 131
108 278
183 265
168 170
234 254
64 143
75 108
61 99
89 184
66 89
67 270
181 194
6 19
74 99
77 101
41 45
29 138
209 253
164 223
225 261
175 294
197 235
186 217
128 275
148 235
156 218
269 299
174 202
147 204
154 174
99 252
193 250
179 189
163 171
29 206
89 97
173 192
153 248
208 234
209 261
146 148
14 103
55 119
64 70
118 176
14 66
110 133
193 236
18 127
36 223
14 82
47 290
196 198
72 300
148 177
186 266
129 159
123 128
292 295
220 254
71 89
146 165
82 129
215 257
36 41
6 87
55 269
156 264
2 59
52 137
189 218
7 141
180 232
203 245
38 295
11 123
87 217
203 251
265 268
158 182
2 55
184 276
24 137
171 207
149 194
87 128
181 222
152 215
220 265
199 291
105 277
185 187
36 74
74 137
212 219
70 99
79 275
177 255
5 36
155 246
122 288
23 54
13 17
121 138
281 287
240 267
165 267
164 180
51 108
71 108
178 195
197 227
124 129
17 91
242 244
182 203
161 225
55 218
216 245
158 187
84 184
184 245
152 198
33 257
46 64
184 221
78 120
37 101
165 173
21 64
19 32
204 234
181 242
137 140
101 116
173 262
58 294
171 243
166 189
190 233
205 211
84 281
206 210
123 296
102 120
212 217
63 89
69 122
64 97
229 232
92 224
199 222
159 245
68 123
5 92
154 297
234 283
197 210
213 281
81 275
23 117
92 121
33 227
150 210
46 55
64 278
11 17
27 38
25 41
241 244
99 200
171 175
17 285
213 232
32 184
106 206
35 287
64 75
8 89
16 96
100 127
19 112
179 232
152 205
145 235
153 215
144 265
170 217
33 108
196 246
43 107
181 241
224 284
34 43
171 182
72 114
172 241
38 67
92 103
89 142
23 34
227 242
197 262
244 287
111 199
219 227
236 283
136 137
33 168
21 96
101 132
49 64
174 240
206 211
158 227
33 266
64 128
5 137
150 226
95 129
36 134
78 126
166 243
62 279
19 275
157 236
145 237
291 294
36 102
42 180
226 257
55 135
254 276
92 293
2 24
11 19
176 226
36 66
174 229
217 227
170 250
198 238
160 236
206 213
88 129
28 297
108 158
2 65
181 217
184 206
48 127
208 263
117 237
162 166
42 297
34 224
166 239
178 259
103 105
145 222
110 281
144 163
250 265
44 96
172 247
165 213
39 123
30 295
220 262
242 257
92 109
87 126
195 232
2 53
187 281
98 122
207 241
34 129
229 248
194 237
219 246
209 287
220 226
195 198
125 229
284 293
41 152
217 273
194 281
133 224
166 269
55 183
55 190
84 114
103 138
3 87
214 293
41 53
200 254
34 101
67 101
133 135
233 241
89 104
191 255
192 226
81 105
35 99
23 132
153 261
189 232
178 215
117 122
172 260
172 191
213 268
231 266
9 55
84 85
38 72
184 201
146 185
232 234
165 169
238 259
223 249
231 249
84 106
112 129
154 195
36 58
190 236
18 141
214 258
23 94
54 297
165 167
151 212
185 283
199 237
182 263
115 128
264 267
118 184
92 288
96 116
200 222
3 283
28 64
46 84
66 300
263 265
175 235
39 84
149 247
235 253
224 278
13 108
173 238
41 66
55 177
84 298
191 246
189 267
207 260
176 294
35 111
2 120
1 270
217 290
203 258
115 291
15 78
55 118
234 284
123 291
30 137
115 129
59 185
209 242
170 281
162 197
117 127
197 239
14 76
157 300
124 127
29 43
154 264
184 207
147 165
178 258
194 214
41 121
203 226
177 199
55 76
280 294
168 246
26 122
41 294
83 84
148 181
165 166
100 108
12 19
214 232
239 244
89 273
80 94
13 89
152 166
153 243
118 288
177 178
40 279
224 240
156 260
108 294
144 175
43 51
186 225
249 259
50 283
59 89
202 204
147 174
89 217
158 243
14 94
102 136
195 216
285 295
73 99
148 203
11 38
198 219
168 181
20 133
78 124
27 280
203 283
184 186
33 270
195 206
151 217
209 210
190 238
232 250
5 78
198 234
172 267
204 224
250 254
152 154
217 236
149 240
108 286
159 181
35 286
208 253
17 111
248 255
169 240
8 38
18 270
55 288
41 50
167 177
153 256
217 250
18 180
272 287
148 164
168 265
82 252
177 179
159 182
164 283
53 122
178 230
174 251
238 267
177 232
152 259
89 124
148 294
39 280
164 210
198 266
39 41
193 238
55 106
68 127
77 92
236 281
137 143
36 143
160 217
155 156
73 288
68 129
117 218
174 233
23 45
5 17
178 180
164 255
180 198
60 288
182 216
36 130
2 63
160 232
68 171
197 259
127 213
182 184
201 224
18 289
34 80
36 114
162 233
139 294
57 133
2 94
233 239
88 243
181 223
43 49
167 214
202 283
38 60
234 267
210 267
55 73
41 90
272 291
94 127
105 139
75 206
32 214
3 41
138 277
115 171
157 231
233 245
102 126
153 231
14 85
47 133
55 60
95 220
44 280
157 163
167 264
184 254
41 44
172 216
20 36
209 223
44 115
209 248
45 78
53 141
287 300
170 196
157 195
184 224
163 261
165 231
164 196
185 300
82 84
49 224
114 180
185 235
36 196
210 256
190 204
203 208
30 92
23 285
86 123
65 105
12 300
145 262
119 137
187 267
162 204
99 266
158 211
84 290
168 193
4 123
14 35
33 147
202 222
167 189
200 259
36 166
73 122
281 284
23 292
1 36
190 241
17 136
33 258
159 172
149 260
244 261
40 289
21 138
81 108
33 175
193 249
60 269
224 276
160 265
18 123
92 112
145 246
89 292
161 188
43 184
61 78
187 296
180 192
64 300
19 299
36 266
33 247
236 250
182 267
236 255
203 212
169 252
160 245
198 199
157 166
117 235
19 28
174 197
38 184
33 186
127 142
152 240
116 270
227 255
185 281
212 231
102 288
100 129
233 259
231 259
40 180
2 100
141 291
97 180
156 224
42 137
73 87
217 222
193 219
78 143
21 80
2 140
179 192
193 242
217 299
54 289
16 99
43 44
148 237
230 259
38 42
157 197
224 235
8 108
4 17
204 257
284 294
190 212
225 243
107 260
41 77
110 127
176 245
278 280
28 138
67 298
119 289
62 78
270 299
225 242
239 252
2 103
164 165
179 190
228 251
200 204
34 137
175 252
195 256
137 293
23 136
51 123
240 251
108 129
146 257
272 283
201 244
184 241
188 278
41 126
18 300
9 129
164 246
206 237
268 287
148 189
223 246
190 266
155 184
80 90
154 227
128 138
82 260
157 269
212 264
212 256
188 193
78 297
183 226
167 193
198 254
28 96
229 266
221 225
173 222
27 84
189 256
156 190
184 194
36 117
160 162
160 239
55 103
212 253
101 120
44 99
49 280
213 236
115 120
14 224
23 184
89 300
189 244
2 5
177 220
258 262
175 197
112 123
273 275
18 92
190 229
36 101
87 272
32 148
218 229
76 101
59 300
236 246
32 96
84 134
26 55
54 89
58 224
159 189
33 78
89 284
161 189
162 188
6 41
188 239
66 122
214 234
59 87
244 263
177 251
255 270
50 64
10 23
273 287
170 183
55 164
121 137
256 264
163 249
94 298
2 97
23 59
36 183
234 252
206 249
242 259
70 138
176 177
107 143
199 246
80 82
14 97
96 121
20 297
198 269
80 128
195 231
23 72
207 240
195 233
108 283
94 224
204 241
91 101
3 141
95 300
184 260
36 55
72 105
152 249
224 266
275 279
234 257
114 285
43 95
19 39
269 296
127 271
26 87
172 225
22 92
73 298
190 239
47 224
36 171
152 266
172 250
63 283
210 237
55 66
216 228
272 275
14 119
189 231
189 196
223 269
218 224
133 187
209 213
36 107
49 80
251 254
39 43
154 269
12 38
2 125
227 236
23 67
33 238
151 222
275 294
11 186
214 255
257 266
80 93
171 269
205 228
179 222
112 122
86 237
188 217
187 238
91 108
129 194
86 199
186 235
166 249
186 190
166 201
80 299
186 291
36 116
91 224
102 278
33 195
8 180
170 225
55 174
36 39
102 110
218 223
10 102
217 278
152 218
217 268
147 200
102 275
43 135
43 83
168 200
175 233
217 282
177 210
185 210
41 254
38 73
121 129
122 273
86 203
204 260
283 299
185 211
205 262
217 247
38 46
15 96
220 243
3 55
153 187
177 202
33 189
29 80
104 154
270 281
24 275
150 262
43 288
138 187
54 92
36 99
156 227
76 262
180 195
192 251
89 294
30 36
165 240
69 224
108 140
230 245
183 232
145 195
148 200
102 128
146 157
213 233
191 209
209 260
89 90
84 132
102 112
17 72
11 105
4 23
17 187
86 283
10 92
86 164
95 280
223 267
62 102
202 210
6 102
195 197
153 272
264 287
184 239
162 184
239 257
105 187
40 129
269 285
56 78
177 242
216 269
218 225
7 108
180 209
41 115
3 171
33 245
80 81
56 96
99 116
204 232
156 170
27 64
69 169
196 207
193 267
191 232
97 137
147 162
147 239
23 65
191 254
59 73
176 235
2 276
52 102
23 46
156 206
107 232
175 193
277 294
275 289
123 131
169 198
190 202
130 141
11 171
253 294
82 293
36 111
231 300
174 179
209 220
43 143
190 254
69 229
36 71
1 105
133 184
154 270
150 198
101 295
181 206
66 84
160 267
36 291
102 294
227 239
103 141
175 223
47 299
55 84
36 255
196 210
11 129
36 256
141 143
164 256
163 166
41 111
5 108
195 287
17 56
158 178
217 232
92 270
186 193
187 259
232 240
52 92
49 84
24 89
82 206
144 243
20 122
158 218
150 192
85 297
159 165
8 14
49 137
53 89
201 232
58 80
60 87
165 212
33 219
195 262
123 288
33 242
155 195
43 217
190 250
28 102
89 98
8 80
19 278
32 289
230 237
117 133
1 78
23 31
251 262
9 122
12 270
210 259
80 112
154 265
36 144
41 86
207 267
222 260
214 250
162 177
73 84
177 207
94 105
127 139
254 255
70 108
146 170
86 208
23 35
36 106
97 293
164 206
227 234
157 254
44 64
246 251
117 141
163 263
120 175
220 245
182 235
171 212
26 270
182 196
181 212
3 123
41 69
87 106
156 221
190 225
177 193
151 266
224 244
166 174
14 40
25 129
213 252
1 141
9 96
153 196
254 257
105 109
212 244
25 272
152 276
242 246
115 213
23 32
32 298
74 105
175 229
7 96
18 278
158 198
193 213
177 223
87 114
246 260
189 264
148 172
57 288
68 78
28 294
210 225
217 241
93 141
36 60
43 77
98 141
225 258
169 244
197 212
105 184
217 218
24 138
157 261
178 179
165 250
146 249
170 258
240 250
249 253
17 73
112 270
43 115
65 101
23 28
170 199
51 133
2 290
146 256
207 255
33 127
154 245
180 245
12 41
210 220
164 169
38 98
87 291
68 87
183 207
149 226
231 257
13 14
177 211
174 206
174 250
76 87
33 196
151 208
239 243
208 252
82 224
163 174
53 84
14 270
157 222
40 287
97 108
19 284
197 203
187 192
179 243
92 98
153 205
24 84
3 206
149 175
138 290
25 180
92 110
241 274
15 36
187 220
92 281
68 133
206 240
55 64
37 133
152 220
215 265
235 259
2 20
147 217
32 221
3 270
45 64
152 158
90 133
167 262
87 94
36 263
33 169
217 260
129 223
104 137
210 260
11 154
152 263
128 260
236 251
