heur051_n_300_m_20122
116 127
193 195
33 150
226 266
203 292
280 288
166 247
185 266
156 258
238 240
156 232
278 292
109 180
106 154
193 263
174 201
3 154
63 132
183 251
224 299
176 264
153 285
187 254
55 95
145 210
55 141
160 262
238 291
78 229
38 62
278 287
149 219
241 278
43 280
181 192
195 221
177 186
50 300
186 247
182 238
157 262
206 221
55 181
177 241
199 221
33 260
169 217
31 234
184 210
6 74
210 257
50 280
205 259
204 262
70 82
249 254
161 236
148 249
171 264
193 264
160 200
13 229
155 267
269 273
224 225
188 252
105 133
102 300
270 283
119 298
36 121
67 289
52 286
150 214
193 245
191 231
242 295
143 275
164 234
157 201
4 86
55 168
184 247
201 261
150 203
231 244
214 257
42 291
152 183
160 169
214 265
35 96
184 213
76 154
223 245
179 296
207 208
95 133
158 191
261 293
36 59
187 285
154 283
117 157
86 140
32 170
174 193
259 294
163 248
149 169
179 221
153 171
64 82
217 239
162 217
24 63
184 286
221 232
290 291
173 253
64 86
174 236
276 286
198 263
144 196
3 195
171 195
227 254
233 242
105 298
146 218
206 247
169 237
177 260
285 297
127 282
50 288
201 259
151 199
35 104
174 239
263 296
170 189
74 131
83 275
237 242
64 270
268 294
1 291
203 284
49 286
293 294
211 250
215 226
138 213
201 247
168 260
170 263
121 180
176 249
155 207
259 262
233 246
280 282
219 224
184 208
86 139
170 195
74 279
179 271
247 266
44 206
232 257
162 205
156 291
200 243
204 243
179 218
167 254
151 253
218 253
4 270
204 214
3 36
163 176
106 291
68 206
15 291
194 227
32 129
197 269
221 229
161 229
179 216
261 264
111 120
193 205
181 266
163 236
39 289
199 289
25 32
151 258
274 276
199 203
37 291
99 198
35 43
215 248
263 282
217 252
216 266
36 47
175 205
179 265
181 190
164 207
48 74
187 214
220 228
172 178
178 199
151 187
118 187
168 215
55 128
171 284
202 264
127 203
170 179
35 39
168 266
152 208
159 179
279 295
184 267
199 218
268 281
159 167
50 127
251 261
64 295
35 76
187 235
223 290
249 262
258 267
69 232
183 224
148 238
180 240
50 282
161 252
154 277
159 266
147 180
153 262
105 299
211 218
173 203
149 183
146 254
33 190
146 224
161 190
182 249
77 280
220 230
164 203
52 55
144 237
231 263
243 263
28 36
3 229
38 50
5 63
149 245
162 262
172 238
170 178
180 182
21 294
36 122
190 191
186 197
205 227
170 207
40 285
47 127
240 246
220 231
169 223
182 187
29 242
215 247
63 180
180 265
186 189
210 278
192 221
184 216
162 246
36 155
47 300
165 241
189 281
202 219
46 286
170 234
220 232
108 180
169 193
16 63
32 243
179 186
152 176
23 36
35 69
35 106
30 127
148 180
202 269
248 265
42 63
146 203
79 289
32 242
127 130
168 205
224 268
173 211
209 245
36 105
155 261
82 113
32 250
35 282
264 281
32 87
228 263
55 216
127 143
194 248
229 237
35 120
254 259
70 74
188 224
99 280
69 289
188 214
22 127
56 86
174 247
107 115
171 278
198 248
170 282
32 69
174 223
29 36
220 264
183 235
150 197
74 75
51 74
223 298
18 201
252 284
176 225
208 238
196 222
204 211
35 279
155 214
185 264
12 289
163 216
151 155
140 286
153 247
233 291
82 106
53 298
32 136
150 244
82 141
203 231
161 202
242 251
211 224
204 225
191 239
141 270
154 248
197 230
173 231
185 229
33 35
36 75
198 211
73 115
263 299
101 111
158 184
180 262
223 295
15 284
152 199
166 246
174 183
22 289
19 93
15 133
177 198
198 226
195 220
86 106
86 206
24 38
22 36
159 174
179 237
193 204
118 234
140 284
166 205
269 272
52 127
237 264
184 231
149 223
207 272
275 297
41 55
236 260
230 232
144 149
153 254
170 224
4 63
34 297
219 220
181 182
112 234
154 224
145 217
152 204
17 279
125 244
164 233
69 184
146 209
38 53
50 82
63 130
2 36
7 74
99 218
189 260
206 220
179 183
181 229
12 269
55 65
274 285
168 179
177 265
55 175
239 254
162 254
190 195
174 216
167 175
189 237
30 267
189 219
55 109
34 55
156 160
212 237
63 143
39 82
161 267
157 177
181 240
157 211
20 86
124 297
152 185
155 263
187 289
24 86
147 161
206 256
225 291
201 227
206 246
207 209
66 133
119 300
184 242
38 140
55 133
179 191
74 122
220 249
188 206
213 294
190 234
244 245
116 294
112 153
160 165
274 291
30 180
183 234
152 269
63 70
155 226
57 289
151 264
272 289
65 74
194 206
205 257
223 231
195 255
120 176
182 221
192 270
168 199
189 249
13 63
139 180
183 267
173 243
173 242
82 192
233 250
218 250
135 300
207 251
242 293
22 186
192 207
277 286
214 219
189 241
237 268
180 191
282 291
179 231
173 195
158 235
255 265
69 267
216 278
156 278
82 93
154 242
175 228
184 262
149 203
191 248
207 242
133 203
86 213
5 38
248 254
157 207
146 214
190 227
21 36
146 180
203 237
156 167
146 153
142 180
190 193
163 227
32 187
193 224
101 291
159 278
55 100
179 246
63 124
187 294
261 269
292 297
32 98
125 172
36 44
245 256
190 242
59 120
29 289
33 250
166 260
175 210
151 214
149 264
155 202
190 243
47 273
32 63
191 211
185 201
155 204
230 266
18 283
60 74
172 209
207 291
82 98
277 278
99 153
74 113
115 164
156 194
178 262
197 211
144 166
41 287
152 189
13 55
158 289
144 192
127 171
187 221
36 158
282 289
36 190
159 240
272 288
33 38
223 282
52 297
33 226
158 195
161 217
82 231
208 256
149 197
63 72
188 189
2 270
207 287
186 203
114 288
115 289
159 239
159 162
175 267
50 115
140 291
43 291
185 223
221 272
55 129
99 243
208 254
127 154
161 167
74 106
160 190
187 276
216 240
185 258
161 266
205 263
39 115
172 259
112 133
239 261
162 261
164 217
128 297
8 55
266 272
181 226
193 257
185 282
82 104
53 127
238 253
216 239
162 216
179 219
288 291
278 298
63 292
104 286
204 300
24 127
174 242
36 126
227 247
111 114
156 230
183 220
99 178
22 286
173 215
82 228
151 192
55 153
212 272
224 236
206 233
165 222
21 82
269 282
32 80
184 225
56 63
207 223
297 300
234 239
177 290
3 252
13 289
167 204
136 224
196 203
145 207
51 86
169 214
46 74
240 242
193 227
172 272
284 297
217 228
254 258
86 163
189 225
40 286
146 161
148 267
187 212
162 215
209 231
185 285
174 222
243 255
36 118
181 219
70 86
150 235
243 288
61 270
208 261
30 297
123 180
160 173
248 262
168 175
158 254
161 221
35 80
38 83
76 111
82 107
242 261
95 287
22 291
39 74
283 291
38 118
110 280
233 251
212 257
247 262
243 261
149 221
196 294
269 288
82 170
151 215
209 215
289 294
193 266
166 179
223 232
100 294
35 57
178 250
198 235
154 207
66 286
175 239
20 278
126 291
77 133
63 267
51 286
152 159
203 291
129 298
172 207
259 261
230 261
161 173
40 82
148 259
63 116
139 281
163 259
115 221
283 297
194 222
101 133
196 197
120 127
3 162
172 177
156 182
166 180
171 209
158 185
152 197
210 265
46 283
286 294
145 211
152 194
13 32
166 219
35 135
164 222
69 291
152 216
202 230
63 105
206 223
183 216
99 115
167 191
161 181
149 201
63 111
148 173
145 226
36 45
74 138
20 63
203 297
280 298
172 223
199 223
201 204
165 223
151 252
85 289
38 70
32 120
157 257
156 175
146 226
74 130
144 145
235 265
36 69
69 185
165 259
179 259
82 112
224 251
166 177
269 278
159 183
199 297
99 155
188 232
170 177
146 211
223 247
211 212
157 210
159 190
35 97
201 226
216 258
74 143
159 235
146 184
171 250
61 269
105 278
156 186
224 227
181 187
170 222
198 209
289 292
155 217
153 163
216 229
176 230
178 281
270 293
161 179
99 144
285 294
200 226
144 174
138 283
35 54
32 41
158 196
178 186
138 282
181 227
211 232
188 212
147 224
146 248
146 223
127 131
191 262
36 264
160 187
162 163
251 252
186 218
120 289
146 247
86 277
240 294
210 215
82 200
3 184
150 196
59 280
180 206
215 272
144 240
269 274
84 295
212 293
188 199
82 118
157 298
32 34
154 285
201 272
3 286
159 268
112 265
20 241
107 297
200 210
82 215
178 240
184 199
86 131
17 297
167 168
218 255
200 230
82 201
224 230
193 226
160 266
217 255
48 180
187 215
118 265
153 206
217 234
98 213
144 203
213 290
160 168
77 298
36 232
153 157
189 239
162 189
26 74
168 203
181 237
205 251
125 270
169 204
170 175
254 260
199 211
191 218
224 233
153 164
216 272
192 196
223 300
165 177
184 205
243 248
144 164
184 266
149 180
162 264
215 236
180 263
151 233
210 272
168 237
174 268
153 263
125 154
126 133
145 261
36 184
177 266
46 82
203 230
178 249
159 272
253 256
85 291
199 248
193 232
178 266
169 185
119 224
155 181
18 35
43 171
24 36
32 198
63 263
99 195
148 151
142 291
133 229
176 278
144 161
213 244
228 247
189 205
193 225
35 44
183 249
13 36
228 248
169 269
123 286
164 176
146 242
155 168
181 213
76 286
197 260
284 299
55 210
201 277
82 246
38 113
26 127
15 82
178 260
21 55
107 280
86 186
175 220
189 259
68 74
155 249
232 288
195 210
55 85
33 240
42 270
194 242
273 286
74 102
184 228
77 297
143 298
29 32
150 238
286 290
82 262
183 217
154 189
283 289
33 104
153 214
11 275
153 229
232 242
188 208
89 133
234 266
186 257
147 179
226 228
274 279
19 291
202 226
183 191
185 209
161 274
157 251
118 289
178 231
38 204
92 127
32 58
213 295
82 119
179 234
206 251
161 250
272 274
171 263
251 267
204 252
6 286
224 252
268 286
111 164
197 208
165 179
89 281
160 222
177 204
210 264
181 191
133 136
63 123
182 261
169 227
199 238
129 252
173 174
133 223
179 210
208 211
285 289
8 291
161 214
160 221
119 270
144 245
151 210
209 217
160 274
216 264
212 229
82 88
238 281
86 115
161 242
55 116
23 38
3 176
151 194
43 55
63 281
107 284
200 214
148 207
157 284
160 254
74 101
31 74
191 247
222 237
165 180
201 256
171 291
166 228
269 283
149 156
204 229
86 105
233 260
73 86
185 245
200 216
173 201
187 198
168 186
164 242
156 200
208 248
186 191
188 262
17 180
204 254
189 206
149 205
38 132
140 289
193 262
182 241
166 223
72 224
212 251
36 137
129 286
38 57
155 180
32 139
297 299
117 154
6 63
159 244
171 186
179 236
223 262
159 200
12 275
127 279
252 268
179 196
188 242
196 232
146 217
63 187
32 46
222 227
38 80
35 83
35 157
184 218
193 275
215 230
86 129
180 183
36 132
171 228
164 216
108 260
251 260
163 178
29 297
155 257
149 239
267 268
204 290
166 210
12 133
63 121
39 284
201 218
182 248
179 208
144 187
200 247
187 196
144 147
63 294
55 77
244 281
160 225
54 298
152 252
148 211
218 266
289 295
191 263
167 210
86 263
154 254
129 220
188 222
180 260
74 111
223 244
72 108
159 164
148 236
167 237
125 242
213 228
199 244
169 224
20 270
27 63
74 90
147 211
133 242
219 259
182 211
63 131
226 229
287 295
3 242
157 244
147 184
197 258
165 207
148 152
222 234
153 207
104 127
127 176
204 282
3 157
190 226
158 263
182 226
188 198
179 185
35 73
176 183
151 167
163 269
226 253
180 231
89 291
197 257
153 177
179 252
165 209
154 196
181 198
189 213
174 207
155 236
208 243
151 239
158 188
278 296
99 263
190 283
36 119
158 193
180 259
108 226
174 192
38 277
202 205
36 145
148 209
180 241
171 183
163 181
147 220
153 223
239 249
201 234
224 297
32 116
55 162
32 213
82 137
169 257
45 260
69 127
30 35
195 274
224 259
158 223
33 171
143 289
163 244
204 227
188 236
221 242
86 276
213 289
235 247
222 250
226 261
129 297
190 247
222 224
197 215
168 172
153 228
172 222
272 296
180 228
195 215
176 263
214 228
166 183
130 289
231 238
38 134
209 274
184 214
160 205
225 297
121 260
82 94
154 212
165 197
146 175
149 216
74 117
198 221
184 298
97 286
237 239
157 218
150 166
144 186
127 291
217 272
263 275
173 179
157 164
34 35
163 251
25 63
149 210
221 249
174 203
152 163
53 86
217 257
169 210
32 123
190 207
164 181
218 252
194 202
82 284
147 189
149 159
63 179
61 297
221 265
242 258
138 269
46 180
162 167
99 207
181 243
146 176
230 264
234 265
191 245
161 204
21 297
221 244
215 249
262 263
148 243
84 275
165 203
32 266
152 247
63 286
210 229
205 234
159 243
106 260
15 32
12 286
193 269
185 239
162 185
50 284
62 298
32 147
196 220
47 63
153 167
12 291
96 186
159 234
210 235
63 129
32 165
100 300
242 265
167 211
233 264
95 293
143 294
210 213
202 260
243 265
144 252
168 243
124 289
180 269
99 204
179 233
147 152
31 32
32 101
128 280
222 281
170 242
93 289
55 152
2 74
268 274
218 230
180 219
237 238
151 261
145 187
164 212
35 78
186 220
86 175
263 273
45 63
154 191
191 250
95 289
233 263
177 200
184 252
82 100
48 286
92 300
165 221
38 81
147 210
160 208
224 232
241 245
86 179
149 179
111 224
9 36
32 103
76 260
221 246
235 252
149 232
144 230
36 108
235 242
158 202
230 269
185 251
104 107
76 237
141 294
158 248
170 249
207 239
162 207
77 82
242 243
168 250
202 240
196 239
156 157
148 214
144 209
47 86
81 127
167 259
187 275
178 203
13 133
39 270
109 297
269 277
187 217
86 221
207 266
180 264
192 193
230 239
220 252
36 96
65 297
156 165
179 244
19 272
181 250
193 196
175 178
240 261
203 294
224 288
195 200
32 40
177 229
155 209
19 86
154 213
170 181
163 212
197 264
7 133
23 291
169 218
60 289
180 200
193 194
86 91
245 267
179 197
127 296
86 121
125 155
201 254
275 295
165 218
167 223
144 225
156 215
193 211
146 263
220 237
36 220
247 250
19 294
289 298
127 134
173 190
214 240
25 295
230 246
225 226
55 112
11 32
214 245
37 289
203 240
254 263
197 263
169 222
151 245
189 191
172 254
239 267
163 204
162 267
211 239
147 237
185 265
211 225
208 222
57 280
196 238
145 204
152 217
154 236
32 71
192 230
224 283
155 175
161 255
99 229
106 289
177 252
147 233
147 218
38 48
189 252
99 291
199 240
200 236
99 190
36 62
213 272
32 264
105 279
206 244
19 63
184 233
176 200
204 210
284 292
36 83
227 266
202 224
82 117
36 94
71 127
248 294
127 128
157 255
233 235
176 234
158 237
116 289
156 198
90 224
97 291
144 262
33 133
220 239
162 220
183 227
133 271
154 259
220 235
156 253
222 249
150 212
181 225
150 230
44 82
243 269
179 217
147 175
210 223
239 251
43 229
63 95
109 133
153 169
162 274
115 186
174 200
36 76
199 263
13 297
185 240
38 224
153 264
36 79
158 203
189 246
76 289
166 266
74 224
82 226
187 209
157 192
227 260
187 222
196 224
107 192
205 248
223 285
168 187
156 257
46 127
244 253
13 82
229 240
38 39
216 227
226 258
78 133
95 260
169 174
210 252
145 184
91 286
20 295
155 242
259 267
40 277
194 259
191 269
218 243
145 191
202 263
161 231
218 242
179 225
197 253
38 43
154 159
166 197
223 271
176 262
189 204
204 256
178 243
212 225
203 270
178 237
182 209
195 223
19 285
166 172
147 234
184 272
150 227
117 297
210 245
236 262
172 240
227 231
212 255
132 286
59 66
139 213
147 196
103 289
71 275
168 196
200 256
74 89
217 219
237 260
243 267
199 270
168 192
188 210
164 166
242 267
35 204
94 286
192 203
22 55
93 199
11 267
209 214
236 240
153 230
33 205
145 185
181 200
280 300
188 194
47 180
202 239
162 202
202 258
178 208
275 284
236 291
185 213
63 91
192 227
38 87
207 268
148 233
156 203
208 218
170 221
200 203
197 231
133 186
3 32
11 180
231 234
185 260
185 194
177 205
177 184
99 286
188 207
175 190
237 252
138 291
158 241
38 123
115 133
82 86
223 235
156 199
74 288
241 242
215 261
150 223
147 177
195 229
233 252
185 275
105 127
86 117
222 232
170 212
242 285
108 220
280 290
159 246
207 213
174 189
187 230
210 251
161 206
250 251
133 137
202 208
185 287
146 207
113 127
142 286
41 270
38 292
82 220
177 227
184 217
149 186
165 263
146 212
207 229
160 256
269 275
33 194
118 282
267 283
36 186
7 127
40 133
33 187
249 252
97 133
68 270
85 286
150 191
32 65
269 287
216 246
38 128
239 259
63 279
34 127
175 293
38 110
180 230
173 175
86 299
74 179
295 299
181 269
183 254
109 291
150 159
204 273
156 166
86 92
146 156
236 257
29 286
197 266
262 269
63 93
187 252
146 179
108 237
203 261
197 249
175 258
74 80
241 273
162 245
146 151
163 235
193 201
151 178
15 206
216 257
251 263
5 86
18 254
82 182
62 127
283 294
63 117
3 232
229 235
150 216
86 284
168 228
35 122
35 101
63 125
211 213
224 253
144 228
48 82
35 108
32 106
216 252
63 102
171 239
76 243
16 55
162 171
164 235
168 191
125 219
197 252
68 260
154 188
32 183
213 271
156 270
144 211
147 171
157 161
22 38
228 256
202 250
196 252
117 252
79 82
223 239
270 273
241 262
162 223
32 114
75 157
55 158
216 265
36 103
134 291
151 173
179 199
293 296
30 300
219 233
64 224
150 221
261 263
198 261
213 248
63 92
199 294
158 168
32 79
175 215
166 287
221 245
227 264
114 287
15 297
195 261
7 38
238 257
76 291
123 270
36 129
149 224
109 270
204 218
120 180
214 253
247 249
55 99
281 294
86 137
203 232
100 133
271 289
153 236
222 251
159 260
224 243
148 217
33 74
82 225
195 202
136 300
13 38
176 289
35 299
199 202
200 242
167 247
212 250
82 123
97 289
158 240
35 68
257 264
173 258
63 90
164 179
189 250
49 267
166 186
35 263
32 88
5 206
198 241
37 63
188 285
157 215
253 261
153 156
232 294
196 274
225 270
148 241
179 261
163 226
270 275
146 269
87 133
149 229
110 270
170 251
18 275
144 179
172 249
38 95
137 291
155 256
168 208
201 255
151 221
58 270
144 264
227 246
280 291
241 265
168 241
256 263
86 96
223 260
152 250
154 179
63 140
159 232
88 270
186 238
233 272
207 253
265 285
173 281
165 248
142 270
167 226
191 210
222 239
162 222
98 289
178 253
172 244
159 241
210 258
255 256
152 223
173 186
138 180
186 289
32 185
74 141
281 289
212 291
187 234
203 268
189 192
196 212
150 176
115 152
186 195
167 185
213 215
104 275
163 254
231 261
205 221
144 195
234 261
37 86
222 262
38 56
146 202
212 215
226 274
159 206
3 289
188 229
120 284
179 253
153 208
220 284
207 263
194 247
79 133
96 291
263 288
69 180
34 278
212 246
176 194
59 286
32 115
45 133
194 257
182 188
165 236
202 242
164 254
177 201
18 260
161 165
223 241
99 127
212 223
185 195
153 233
32 219
268 291
50 74
139 286
165 176
171 215
144 234
154 235
76 293
212 262
168 257
15 38
170 235
86 268
200 223
171 252
125 187
221 241
161 192
86 109
127 285
204 247
162 260
254 272
170 218
163 185
30 280
291 299
204 296
55 278
265 283
81 298
151 170
86 201
82 150
36 51
17 74
68 280
157 247
153 172
152 281
155 173
180 203
204 216
175 264
184 255
238 266
188 200
291 297
95 291
89 298
156 262
220 268
212 239
162 212
187 282
224 256
199 254
82 114
234 245
10 86
213 263
218 251
196 225
147 176
230 248
199 220
38 125
86 273
207 244
148 210
206 235
158 206
197 234
76 86
160 192
90 289
36 127
146 235
143 185
156 237
176 184
176 205
201 236
124 284
222 252
212 265
231 248
196 248
173 209
159 204
32 75
168 258
51 280
74 79
183 204
184 261
172 214
149 228
13 267
32 68
170 173
98 180
176 201
36 250
161 169
162 287
86 93
201 257
208 257
173 225
221 260
211 215
26 289
198 247
220 234
109 278
64 133
55 68
158 161
86 180
151 189
3 285
154 222
188 254
99 219
38 121
144 190
168 239
192 202
141 154
162 168
176 293
35 223
187 189
198 212
168 190
164 220
36 61
178 251
227 258
166 236
235 256
173 251
187 207
60 300
190 256
147 157
174 210
172 230
22 82
241 250
95 206
178 187
42 86
202 262
153 265
164 251
150 177
166 176
150 247
246 259
223 254
274 292
180 253
226 231
170 241
166 245
33 82
10 63
97 206
179 255
240 252
61 291
194 263
212 242
153 159
161 180
129 234
119 294
49 289
202 246
116 286
175 185
149 155
139 280
36 54
153 181
257 258
20 224
26 298
166 258
173 264
159 208
163 187
177 262
75 229
250 256
150 202
3 260
171 260
157 271
294 299
63 88
225 256
144 160
99 180
144 281
107 242
270 284
208 210
191 208
146 251
68 180
54 280
183 184
242 250
152 164
157 267
118 281
7 289
156 158
180 252
26 32
96 133
217 251
192 259
237 293
198 217
150 151
81 133
153 185
244 285
55 195
173 227
168 226
226 265
181 205
168 259
196 215
161 201
208 240
69 270
145 151
153 246
184 256
167 235
153 217
35 42
68 225
223 251
208 220
187 206
59 213
171 262
181 204
82 297
243 274
35 82
188 264
252 283
255 259
75 279
3 133
204 248
232 241
210 266
63 269
181 209
173 257
270 278
160 264
147 254
82 131
160 201
32 57
150 173
204 276
117 270
82 155
63 96
169 251
213 222
169 263
35 102
33 36
157 196
178 272
156 265
176 252
155 248
101 180
151 265
219 254
151 168
218 227
146 222
203 219
259 266
169 195
257 274
293 295
15 86
226 297
269 293
18 36
24 35
175 231
196 255
5 291
210 262
149 236
191 283
33 202
95 180
3 152
219 256
161 238
36 135
149 200
50 272
170 209
242 281
185 230
145 153
201 297
185 215
204 221
49 133
14 38
191 212
154 280
32 100
191 205
145 173
149 176
196 263
86 234
17 82
63 66
186 234
154 252
166 216
147 185
192 263
195 224
218 245
149 150
103 127
218 257
85 127
162 170
112 180
229 236
218 246
74 114
196 266
210 240
175 260
161 208
148 240
269 286
4 35
207 265
162 265
176 229
43 242
164 204
194 217
189 224
53 275
32 280
197 277
154 197
159 166
223 266
203 224
191 199
235 246
190 269
169 249
149 164
205 247
168 240
26 133
274 296
9 280
38 120
215 237
63 114
36 215
213 254
285 286
99 237
165 235
172 236
229 234
166 265
174 219
168 169
55 58
15 63
254 296
62 133
32 47
90 291
181 235
164 224
272 280
193 255
169 187
172 257
245 249
124 270
159 281
86 143
159 169
225 234
151 204
216 224
173 246
226 291
179 277
212 260
165 237
149 256
275 293
175 216
181 211
189 293
36 128
40 86
1 127
36 49
49 185
297 298
171 232
128 289
63 76
129 206
145 152
204 217
242 255
82 124
157 237
163 243
146 191
108 203
237 261
156 208
25 206
169 216
261 272
198 233
157 173
150 261
275 280
198 242
280 292
147 227
41 275
55 80
194 212
33 132
157 205
186 216
170 259
175 182
209 232
175 287
221 239
162 221
118 291
73 276
187 270
166 264
55 272
215 235
259 265
36 42
55 237
157 160
275 278
293 298
188 203
190 203
173 252
127 141
284 289
59 82
38 285
45 270
133 263
66 297
55 114
214 237
200 209
154 233
42 133
32 117
159 259
154 202
107 221
164 211
212 241
152 265
173 291
237 266
146 177
166 200
229 251
194 249
193 240
201 242
38 64
185 243
166 238
118 220
145 238
187 249
135 270
154 230
82 234
20 55
32 163
39 86
84 297
294 297
173 228
147 212
229 243
161 258
35 130
150 267
239 240
224 285
99 193
161 199
234 255
157 176
50 293
158 159
173 230
156 243
50 268
226 236
35 85
169 267
32 61
157 194
205 212
187 256
33 197
272 276
218 259
47 275
160 247
158 269
277 293
279 291
185 252
151 185
171 188
99 162
213 269
218 291
183 233
165 247
158 261
31 38
221 291
191 274
82 180
51 115
35 202
171 206
221 259
232 256
163 211
154 223
207 227
80 270
32 284
150 220
35 61
51 284
176 198
188 294
11 291
184 232
99 265
196 261
157 224
153 250
278 295
20 280
213 249
178 246
209 216
34 229
154 157
57 74
54 55
207 246
158 244
86 122
264 294
223 261
276 291
153 202
95 127
38 139
160 183
281 297
21 38
177 234
198 220
110 297
151 172
234 247
238 263
187 231
86 114
66 293
156 179
44 289
172 227
144 201
156 263
195 239
8 63
107 270
144 232
177 183
192 218
63 87
157 182
224 249
16 38
65 82
47 294
56 82
76 153
133 288
91 291
161 222
194 204
170 210
178 239
162 178
82 109
175 250
120 154
201 248
194 269
35 126
18 220
183 244
154 175
269 292
149 266
169 191
86 113
193 199
197 242
213 270
33 233
2 275
82 198
21 86
63 204
164 267
222 244
43 154
206 243
32 52
133 273
276 284
227 252
104 221
211 221
183 197
74 93
212 224
55 200
211 217
172 243
280 296
212 245
145 214
172 237
277 297
202 251
209 294
99 152
111 133
86 97
179 239
162 179
163 267
34 36
197 246
240 264
147 173
148 178
237 274
238 243
195 205
24 229
106 286
95 242
175 245
244 247
8 86
167 261
97 185
35 139
244 246
279 284
192 217
18 237
197 278
146 188
174 186
187 255
196 256
149 177
153 190
63 103
155 216
57 270
151 163
163 180
146 193
18 55
86 116
257 294
64 127
204 213
60 82
254 287
223 273
184 229
141 275
266 267
223 240
32 206
218 231
244 262
197 287
36 147
149 154
173 234
211 247
146 243
21 63
163 214
220 225
203 260
195 247
267 300
256 262
116 133
31 55
172 217
33 158
180 190
146 227
63 85
51 192
65 86
157 292
155 159
264 268
271 286
163 202
223 226
179 227
195 258
133 279
58 138
171 258
145 160
36 92
152 167
3 267
217 245
35 55
223 287
166 178
149 212
167 251
230 263
63 97
221 257
50 111
181 208
187 246
155 191
55 136
232 238
201 270
147 151
191 197
188 250
78 154
284 296
217 291
24 74
27 284
90 127
194 195
41 82
144 170
33 176
25 286
24 32
36 198
58 300
200 218
37 74
20 38
153 173
187 227
163 177
180 251
218 234
179 257
179 184
29 38
66 74
269 297
86 141
112 243
150 179
105 273
145 216
203 236
230 253
17 63
38 114
286 296
177 249
36 37
79 280
170 184
178 241
183 209
95 275
169 236
167 181
253 254
156 239
156 162
74 96
137 298
199 242
157 220
151 171
180 281
179 198
146 160
185 188
219 223
178 184
26 63
150 174
210 293
10 32
171 190
244 267
178 228
153 218
254 269
229 254
144 266
173 232
206 218
103 281
175 283
153 288
248 281
195 218
4 36
55 126
177 219
242 273
178 206
38 276
164 177
55 251
111 221
213 284
188 246
72 133
197 265
212 235
218 238
48 55
156 169
33 86
38 137
67 180
59 86
199 226
200 233
238 239
162 238
55 243
202 297
201 203
195 265
159 219
144 227
16 289
163 237
74 109
177 293
268 284
20 218
160 199
55 234
149 233
133 282
161 245
35 180
221 255
72 270
205 237
213 220
12 197
161 246
159 195
236 244
173 206
163 218
159 199
222 245
176 186
177 188
227 248
167 218
168 255
231 240
194 234
213 251
199 283
185 237
86 296
65 138
181 199
186 241
167 178
168 244
186 236
157 221
55 178
183 222
177 264
178 190
74 94
211 248
145 251
144 257
166 190
187 248
166 224
51 127
164 197
116 291
174 231
169 207
162 169
33 230
29 291
150 248
228 236
199 247
135 297
148 168
187 210
204 269
247 258
248 257
179 269
254 270
217 237
48 297
240 260
182 247
41 127
129 291
74 284
118 293
153 260
272 273
219 242
225 235
105 287
152 165
222 235
122 300
146 159
182 212
220 227
73 285
150 184
211 254
181 232
22 63
187 265
184 190
157 232
165 189
108 280
73 299
280 287
204 205
179 266
6 86
213 292
33 211
102 298
208 242
183 240
166 229
194 210
161 187
46 297
177 231
178 194
232 244
125 192
176 211
214 239
162 214
138 287
174 228
192 248
215 218
234 285
111 289
164 247
171 172
69 74
43 133
261 278
200 267
177 194
177 230
131 280
150 201
155 240
197 232
184 220
221 237
5 82
252 293
243 262
232 249
212 230
211 220
175 217
179 288
38 82
28 275
215 234
185 294
281 300
184 192
191 193
213 230
242 245
155 171
157 170
196 205
178 200
189 251
170 176
43 206
174 181
199 261
195 266
169 259
169 230
208 226
190 248
217 229
256 259
3 265
32 110
226 242
168 264
238 269
243 252
38 52
50 287
182 217
180 213
152 169
74 77
22 270
169 202
82 232
33 208
43 63
85 86
168 188
218 258
188 265
148 221
154 256
204 215
148 251
171 234
223 237
198 204
172 203
152 213
74 134
164 227
113 286
161 218
199 249
228 233
292 293
203 255
237 258
74 292
205 218
179 299
144 246
145 247
263 266
171 242
263 292
168 263
212 254
203 253
216 237
108 229
149 265
36 56
148 242
32 180
153 160
43 74
61 180
48 133
162 285
157 281
232 261
153 178
168 195
35 52
242 248
167 180
248 278
237 265
281 283
101 300
189 262
176 204
148 257
203 266
191 219
174 224
181 263
145 188
240 281
168 219
151 254
72 297
131 291
170 237
208 223
227 263
261 291
16 36
159 237
175 181
160 180
4 74
224 229
51 176
32 267
238 260
124 291
164 249
220 260
21 291
3 185
269 291
161 186
146 261
21 286
249 294
211 262
86 300
167 267
161 294
157 249
226 260
203 234
187 268
29 133
251 269
213 224
270 288
196 245
99 169
21 289
186 222
196 221
175 224
287 291
165 254
108 291
133 180
177 235
109 269
131 289
3 86
184 297
55 154
199 281
163 191
236 245
240 253
249 250
38 58
249 255
235 260
127 273
28 270
62 275
32 35
63 282
35 36
170 185
156 183
211 252
148 159
74 125
184 299
74 81
35 289
275 281
209 239
252 259
5 276
136 298
101 294
112 208
55 261
174 253
151 182
46 176
146 174
24 55
148 191
42 82
31 36
163 168
219 257
194 243
213 298
159 191
213 296
36 194
31 289
28 82
157 208
139 220
55 89
175 203
125 262
51 180
118 286
157 250
168 253
14 127
190 240
23 298
114 157
1 35
80 297
108 213
191 265
32 89
152 219
159 228
36 113
86 288
43 270
144 260
220 291
232 281
74 82
212 249
133 179
274 288
149 258
32 146
149 222
2 297
36 284
273 289
148 223
143 291
176 266
145 281
144 200
183 247
13 74
4 55
159 223
165 261
139 289
99 154
146 236
189 291
223 230
203 246
138 234
47 82
3 35
191 223
35 269
44 86
108 176
104 108
223 265
145 257
271 280
32 107
45 86
146 189
147 243
159 262
169 180
46 289
158 226
164 240
147 242
118 252
277 289
202 213
182 233
34 63
158 179
160 238
182 242
86 294
213 257
175 198
173 240
68 115
217 226
176 227
129 184
193 265
148 269
224 282
84 300
169 248
178 225
197 225
205 220
213 237
88 127
82 128
75 270
74 203
221 240
274 282
153 242
152 253
204 264
254 299
74 91
192 214
32 167
38 71
190 217
156 255
176 251
207 259
158 242
157 246
160 178
188 283
183 221
166 294
25 184
127 129
257 261
187 260
57 63
166 232
223 264
82 134
157 183
144 259
163 217
219 238
161 256
78 180
21 133
184 275
36 150
82 90
194 209
127 224
154 267
237 287
272 277
8 127
133 295
187 272
95 282
63 299
146 178
184 268
12 32
82 121
154 257
195 204
192 234
99 157
98 270
171 204
35 114
227 267
30 224
168 272
166 261
38 263
202 293
211 223
160 228
82 187
153 200
163 270
71 298
177 245
38 68
19 82
227 261
217 293
38 299
127 298
160 220
167 243
220 224
125 243
73 127
204 209
178 242
20 35
178 219
184 223
230 242
232 293
182 257
162 213
97 298
289 296
213 239
40 298
149 208
232 268
176 182
192 256
236 265
188 238
74 142
158 173
115 127
60 127
206 212
36 228
18 266
133 260
232 263
257 267
166 222
99 240
75 269
231 242
211 258
162 229
121 133
176 265
147 235
238 264
196 247
121 297
185 191
197 224
215 222
32 105
32 73
183 212
111 286
35 89
235 245
38 119
182 220
202 211
223 293
156 281
107 148
196 213
224 245
161 200
178 229
164 263
179 226
154 168
32 60
36 124
201 300
12 229
157 198
144 258
286 288
180 297
237 256
224 254
237 246
145 236
150 256
169 197
86 95
136 291
248 258
239 248
161 264
162 248
63 84
169 178
225 248
227 228
120 133
207 245
256 257
161 163
166 212
63 137
153 184
195 238
226 263
228 243
187 269
151 213
55 142
163 222
215 216
214 251
180 225
55 75
150 269
166 204
44 63
32 56
209 233
43 286
210 230
127 299
193 228
33 209
187 277
223 243
173 245
209 238
188 228
281 299
59 154
55 56
36 68
60 294
246 249
243 285
223 234
2 32
185 246
38 131
227 256
38 117
35 67
163 175
202 281
191 236
32 62
35 275
224 261
263 281
213 286
35 110
193 243
14 133
229 259
294 298
214 294
145 209
248 263
159 251
173 266
187 190
25 35
228 234
25 289
207 235
187 224
95 278
203 206
178 223
127 272
156 250
152 229
138 293
3 263
36 50
2 82
57 127
170 203
10 38
276 278
38 275
167 227
19 55
151 207
74 95
114 127
188 219
44 297
86 260
82 127
231 236
99 236
232 235
184 279
176 232
11 213
63 134
20 290
74 123
281 288
191 200
87 297
32 76
149 172
175 225
195 228
127 187
20 291
194 254
171 251
148 234
166 208
32 150
152 222
229 261
24 291
11 280
156 164
280 285
202 272
82 91
213 241
191 260
163 291
55 98
60 275
6 38
102 291
155 210
244 256
179 258
188 266
103 270
206 226
173 187
150 189
174 258
145 240
73 281
73 272
174 232
36 182
189 257
192 244
162 258
211 229
55 96
55 108
95 284
78 291
179 293
165 217
124 260
69 190
150 195
33 155
91 300
240 258
31 35
105 296
179 245
22 298
83 294
38 89
167 187
230 265
201 263
209 252
260 267
150 242
63 109
10 286
224 281
150 243
53 74
97 260
226 270
288 294
149 190
55 104
55 176
187 218
221 254
38 90
154 209
129 237
5 180
179 182
113 133
152 193
213 247
185 196
204 235
161 215
82 175
187 288
205 217
45 127
32 53
200 227
29 74
293 299
14 63
63 273
245 251
120 291
231 256
290 293
181 251
206 263
38 187
118 300
1 32
182 214
148 166
244 266
166 185
84 86
155 223
83 86
152 225
146 173
211 264
192 242
248 251
195 264
174 261
291 292
275 291
98 133
189 190
10 291
201 210
206 236
226 267
198 222
178 244
145 233
79 127
225 259
180 208
286 298
2 35
205 209
145 234
63 82
181 252
190 263
164 218
38 51
68 289
31 86
86 101
240 248
189 211
176 260
216 285
162 294
93 138
217 259
133 138
188 245
162 283
201 286
221 230
74 294
140 180
153 182
138 270
88 297
185 205
244 252
95 292
203 298
74 271
32 245
242 276
179 279
33 256
35 71
172 218
177 226
167 236
125 297
165 174
17 294
86 295
153 180
189 255
161 205
203 293
145 196
183 256
173 263
178 263
279 289
248 266
189 203
158 224
223 259
172 189
192 209
46 298
49 55
138 292
47 279
204 279
191 228
223 294
155 259
36 242
156 272
218 244
197 244
114 229
177 263
104 184
187 251
228 244
181 293
191 224
294 295
147 249
153 266
38 84
13 254
195 269
223 277
224 258
86 88
180 266
207 264
169 235
190 220
172 195
176 208
164 189
282 294
181 228
173 199
128 284
242 269
176 241
186 244
145 156
111 280
74 263
144 242
172 251
202 237
203 289
192 272
63 101
147 187
224 293
105 290
185 232
96 180
154 219
45 55
203 295
168 291
80 127
207 225
43 127
63 284
251 253
241 281
182 256
224 263
223 224
224 231
158 259
265 277
175 200
26 35
195 236
144 150
156 249
100 275
211 253
63 77
74 129
284 291
99 208
82 89
153 176
174 208
157 212
195 207
5 280
127 136
63 295
184 253
145 267
177 225
211 255
170 230
32 158
3 74
159 194
207 231
147 197
82 110
144 198
168 230
55 79
82 281
55 148
145 162
213 287
13 291
180 257
191 238
175 194
203 207
124 206
161 212
71 86
112 220
200 224
204 271
243 256
170 214
156 246
243 260
78 278
204 245
55 265
233 244
215 227
222 259
73 74
75 154
186 256
88 133
272 290
202 244
288 289
25 234
137 286
161 233
55 81
269 294
274 290
169 203
204 265
172 210
30 63
213 216
189 208
164 269
63 99
82 288
230 244
230 247
153 158
164 230
214 226
86 290
5 55
100 291
172 202
199 251
49 180
32 142
133 275
49 270
182 204
217 246
10 133
27 127
155 193
163 247
108 221
38 66
211 214
117 232
227 232
238 262
165 230
158 162
184 215
256 291
95 157
82 291
165 211
126 127
165 191
175 254
157 227
215 267
173 200
192 235
187 263
206 230
19 287
67 127
151 181
128 180
54 291
148 174
187 201
238 246
150 263
9 82
35 138
33 165
29 281
212 243
166 233
99 133
243 253
11 55
12 74
36 86
63 71
117 176
165 184
182 189
55 264
206 231
274 283
223 299
170 220
156 191
97 270
127 300
15 55
40 270
144 215
41 180
127 229
166 171
176 224
86 102
169 171
219 240
167 174
55 140
157 184
269 281
151 236
204 220
186 261
82 105
24 297
202 234
33 215
238 249
32 39
200 217
153 203
207 215
53 297
55 238
188 225
133 176
204 251
200 202
157 260
82 269
216 255
35 47
34 38
114 294
107 169
174 185
120 295
188 197
157 186
274 298
18 229
103 180
254 265
179 209
183 211
187 258
174 274
55 184
183 195
158 267
158 257
156 209
18 243
183 259
144 157
107 262
32 42
210 253
163 233
187 290
63 83
35 134
165 185
181 245
159 226
148 254
160 207
114 270
276 281
144 244
162 172
151 198
132 289
183 189
272 295
217 231
172 224
2 224
35 77
226 256
171 241
197 229
45 291
86 138
174 246
170 191
32 85
157 185
236 258
158 180
36 95
178 265
16 291
28 35
91 275
167 172
24 260
30 111
13 213
123 127
178 257
151 216
152 221
212 278
224 264
144 249
172 193
237 291
164 187
117 291
35 100
150 178
105 268
216 226
207 237
174 217
227 229
18 291
194 226
278 297
157 241
138 299
161 207
160 261
247 252
236 293
205 249
18 111
208 251
127 292
243 254
171 253
152 155
203 243
47 291
154 278
74 124
142 298
146 149
7 36
48 63
270 285
151 159
247 269
189 272
149 261
173 198
184 197
203 229
208 267
154 247
74 298
165 214
221 224
175 262
228 235
127 206
31 127
220 266
187 240
3 82
82 87
224 234
210 246
50 133
160 214
188 231
148 196
156 188
36 172
160 294
153 253
276 294
101 275
127 263
191 225
178 192
118 213
147 214
152 181
155 166
96 229
184 185
59 74
96 280
224 242
174 187
32 166
269 270
204 226
24 115
74 287
82 133
213 261
201 283
9 127
162 206
32 97
68 286
151 223
128 199
64 291
183 269
145 244
262 267
149 182
229 233
208 259
273 278
204 278
32 127
75 133
151 246
128 270
32 118
180 246
230 255
147 261
74 290
34 270
145 181
63 106
133 141
182 240
107 146
235 262
157 252
151 157
55 138
171 229
15 260
237 247
178 245
220 250
233 253
72 280
27 36
202 253
175 261
192 220
120 192
246 248
50 72
151 262
233 255
148 175
157 235
210 228
28 127
125 286
23 86
147 240
153 222
32 49
74 291
265 281
86 130
55 188
133 298
202 228
152 289
224 265
160 281
253 259
195 260
203 247
179 249
240 245
203 296
99 234
95 295
195 219
188 255
162 266
47 55
60 133
10 127
146 238
198 237
82 145
175 214
191 217
66 86
198 243
219 263
141 298
33 146
63 113
59 127
154 178
115 281
183 237
206 238
174 245
63 119
145 179
16 82
225 267
32 134
42 154
198 257
23 297
80 298
2 38
13 127
177 269
152 171
47 298
56 280
176 215
226 238
195 263
53 133
229 230
265 270
114 299
45 286
32 132
164 188
157 245
146 230
231 233
32 137
82 212
223 236
270 279
173 205
202 243
202 231
36 120
166 218
74 269
200 207
168 183
179 260
240 269
225 298
164 184
108 265
176 223
7 270
173 204
198 207
107 199
36 230
202 203
184 294
29 35
248 291
175 176
105 283
73 283
198 227
154 238
187 287
38 109
203 227
50 298
20 82
238 250
220 246
179 275
76 180
154 218
199 209
243 266
175 236
3 291
149 231
150 222
133 134
160 215
203 259
263 264
66 158
223 258
152 210
215 224
33 185
252 254
146 267
166 267
222 257
197 272
7 35
162 253
129 203
74 116
35 143
183 187
195 294
151 205
153 154
184 202
235 255
157 233
18 185
172 176
180 215
74 295
199 259
32 99
128 242
226 264
157 272
67 297
216 225
184 200
20 283
241 264
74 136
146 204
278 300
163 188
55 97
80 291
259 264
163 193
122 294
201 235
82 157
260 269
179 273
268 270
170 223
184 212
74 78
148 247
46 63
55 127
158 181
164 209
152 180
192 222
65 294
157 187
153 283
39 133
73 280
190 216
218 281
33 172
159 258
55 61
276 289
216 235
163 223
76 232
270 296
166 256
106 180
169 234
159 225
217 281
27 270
73 300
265 293
187 225
254 262
183 196
162 250
188 253
167 212
252 261
74 87
2 286
107 202
65 127
168 225
157 202
189 240
159 229
165 224
146 196
74 83
159 293
86 192
144 146
232 259
160 197
35 75
161 164
271 293
152 200
180 255
146 168
218 262
17 133
216 220
11 270
161 170
107 133
84 133
27 32
165 202
236 242
93 107
7 86
235 258
158 220
249 269
50 297
111 270
151 228
148 149
10 35
153 199
227 253
156 293
176 242
51 82
158 251
179 228
152 201
194 224
197 237
216 268
60 86
25 38
4 289
156 228
146 259
150 240
16 127
230 236
136 297
204 238
203 222
171 208
25 55
149 218
166 213
67 74
186 263
152 214
223 229
174 220
246 261
32 95
204 212
180 199
149 238
172 242
187 197
118 275
148 188
196 231
164 248
144 263
94 133
156 223
213 277
218 240
144 199
36 57
185 244
247 264
177 281
180 226
212 228
176 179
97 281
99 259
207 228
195 248
163 234
175 199
58 275
98 286
209 236
153 232
62 74
225 263
149 267
36 165
9 286
144 226
67 133
171 245
75 86
155 254
82 205
181 262
154 243
144 206
194 197
241 253
170 180
235 250
36 100
203 257
144 205
187 253
36 180
36 91
241 256
180 250
59 294
38 61
70 280
55 117
190 284
137 270
215 251
83 270
178 234
197 213
86 128
229 238
32 265
190 214
176 199
224 262
120 272
28 63
163 238
156 205
199 257
265 282
248 250
40 127
36 205
198 214
145 243
157 189
153 239
7 55
121 294
146 162
3 180
38 75
166 255
212 252
246 256
145 203
38 85
93 133
36 90
209 225
179 264
223 292
213 293
138 229
149 204
242 275
182 222
167 207
56 286
153 193
273 274
133 204
135 275
118 260
152 262
247 263
234 238
216 253
13 237
66 127
231 241
170 226
52 82
40 63
73 180
166 192
203 210
207 249
153 198
115 124
202 298
82 116
117 186
13 298
161 220
218 264
189 215
147 149
25 291
63 107
147 263
167 244
203 241
164 236
220 278
157 214
157 238
40 300
154 184
209 250
220 283
203 275
161 178
159 253
169 254
249 260
179 195
38 105
199 210
201 211
28 86
86 103
74 157
222 243
35 41
223 238
96 220
133 276
30 289
201 282
161 193
172 226
158 204
35 116
144 208
181 239
156 174
162 181
157 230
253 257
163 179
55 94
217 223
147 195
35 118
172 211
179 206
133 277
167 269
159 264
46 133
214 241
1 286
4 32
35 109
138 272
284 288
148 263
91 133
268 278
174 218
188 287
178 213
148 195
177 195
186 248
59 105
39 63
54 82
198 256
3 213
159 211
96 286
200 212
11 163
35 49
214 231
34 289
201 285
187 257
180 239
161 183
163 242
162 180
217 224
81 291
154 166
280 281
212 234
211 265
243 287
43 284
219 261
221 226
26 280
169 196
38 242
55 157
163 210
205 242
153 165
196 264
216 244
190 230
213 256
223 275
165 249
86 298
33 286
189 285
32 133
211 216
105 291
144 182
61 82
186 211
87 127
75 186
63 69
36 254
149 178
191 294
214 260
191 214
236 253
129 230
162 200
173 226
85 270
44 127
40 281
186 226
114 297
279 297
291 296
175 187
159 294
145 218
157 199
221 262
181 259
192 254
152 254
217 269
178 191
95 272
272 297
161 247
249 261
170 261
213 221
240 263
197 223
133 154
173 184
82 135
49 281
63 122
157 165
83 297
1 38
149 215
190 267
171 244
191 203
207 232
166 202
261 265
119 133
187 216
251 264
191 261
32 44
172 212
175 179
63 65
12 55
206 234
219 243
168 209
215 221
185 204
33 216
176 255
157 234
33 184
245 257
38 289
153 192
3 237
214 249
82 140
28 286
255 261
36 38
147 230
187 279
160 170
46 270
107 158
32 143
154 177
33 63
172 261
152 177
145 178
159 187
35 92
99 201
194 267
278 294
157 169
185 226
157 181
43 297
190 249
71 294
157 188
33 182
58 82
35 107
148 176
41 300
18 74
145 193
189 198
105 115
116 275
210 231
105 280
227 245
164 261
180 224
63 141
153 210
188 223
127 180
157 268
171 191
160 206
203 273
26 291
12 185
171 227
216 231
73 267
224 248
82 92
17 55
86 98
162 219
35 124
279 280
157 295
168 245
195 252
277 291
219 226
36 200
112 291
77 127
286 299
223 233
214 281
121 127
164 244
111 152
152 233
209 267
177 272
32 119
151 156
30 294
148 160
257 263
81 82
154 161
246 263
209 219
158 175
6 32
171 231
170 256
204 230
171 257
161 172
249 263
50 63
82 130
55 201
42 74
207 278
144 167
152 232
191 264
36 262
159 188
201 249
284 290
38 77
256 265
171 237
187 250
64 74
196 229
244 255
26 300
155 220
56 127
216 242
82 143
174 178
261 281
287 293
295 297
179 230
81 86
187 271
176 228
63 80
207 226
130 270
59 63
219 248
181 255
118 133
175 253
23 270
195 246
52 298
10 36
155 189
187 211
22 281
188 216
167 184
166 215
234 236
36 110
16 32
272 279
193 285
138 281
152 260
29 180
63 242
38 47
232 284
187 226
254 282
31 133
214 259
55 57
54 74
123 171
86 229
173 259
216 234
55 82
173 182
181 201
55 91
295 300
133 289
95 268
10 74
74 118
36 136
12 297
37 127
131 286
274 300
148 230
38 179
230 267
49 82
153 224
32 194
161 277
36 46
17 86
114 184
127 223
41 74
36 87
271 297
151 202
216 287
33 289
221 253
273 294
38 138
55 102
99 104
143 293
251 256
43 86
154 185
162 231
194 238
17 127
222 253
145 168
230 252
107 127
225 247
211 260
90 280
204 249
82 266
150 234
284 298
32 92
58 127
129 133
96 127
96 154
223 252
209 247
57 206
1 180
149 198
114 193
185 259
186 237
70 291
155 230
220 241
179 180
213 276
55 92
243 272
220 259
295 298
242 272
182 185
145 166
186 210
18 268
5 298
160 258
198 240
128 206
38 107
11 133
200 238
146 221
193 209
179 276
86 226
248 260
269 290
160 182
38 92
167 209
222 263
163 240
63 157
187 243
173 239
162 173
235 236
234 246
176 250
156 231
186 259
222 293
180 194
170 197
221 231
181 264
32 171
251 270
130 291
108 184
30 286
149 248
187 239
14 297
162 187
17 35
97 278
186 227
167 171
191 192
208 230
137 180
162 194
274 293
170 244
182 237
212 294
184 269
182 243
35 56
35 65
63 276
8 32
157 266
183 185
14 32
108 186
254 293
19 293
154 251
35 50
38 203
166 199
86 282
152 179
144 241
82 102
99 254
51 59
146 171
205 256
112 289
26 38
118 157
166 253
178 252
99 215
150 233
241 248
160 246
83 127
214 262
190 224
118 242
281 282
174 264
188 260
182 207
162 182
75 82
184 238
102 270
182 227
69 286
180 205
220 229
230 233
202 259
235 238
165 216
48 291
57 260
166 170
169 247
22 86
194 223
156 229
171 192
37 59
127 204
55 123
115 140
152 206
151 229
147 159
49 127
87 270
38 49
289 291
185 231
212 281
104 186
169 212
208 233
176 246
146 166
183 203
207 224
18 63
206 222
154 234
192 233
281 292
171 199
214 227
158 207
79 115
85 133
4 298
203 250
74 296
161 168
245 247
109 289
2 133
240 247
174 225
36 73
204 231
152 187
18 265
167 219
82 282
217 263
55 130
250 263
151 183
161 171
236 269
7 82
175 208
180 235
153 225
35 51
147 223
203 290
183 261
38 41
231 237
17 298
181 253
10 82
38 104
28 300
169 181
36 148
148 204
154 216
3 280
179 201
35 105
176 239
162 176
200 244
171 211
174 212
186 251
158 160
164 171
179 238
35 59
235 239
5 74
144 229
182 259
205 235
157 158
233 265
147 259
236 239
162 236
168 231
80 86
152 203
22 35
75 278
183 202
197 200
166 168
186 267
172 204
32 51
18 269
195 250
160 260
254 291
32 145
182 202
292 294
9 35
146 197
210 291
177 209
267 272
200 211
145 249
38 96
187 298
185 234
151 247
201 212
161 210
217 249
104 289
74 103
149 255
56 291
234 256
154 171
228 242
175 180
237 262
149 253
158 247
169 211
192 197
27 286
151 186
17 36
154 240
233 278
144 239
144 162
55 253
189 200
80 180
222 225
175 202
243 264
272 298
166 254
152 224
54 63
154 204
169 226
93 169
171 259
149 294
36 65
104 114
5 127
8 133
207 258
95 213
177 291
210 239
162 210
221 263
50 270
35 62
157 174
181 203
213 217
283 293
179 250
43 82
155 160
240 270
32 200
242 252
189 243
10 55
249 274
81 286
147 178
247 259
173 208
82 158
66 275
232 248
206 217
40 297
176 259
122 298
163 221
229 270
179 248
74 126
185 227
185 262
157 216
246 269
127 135
30 291
51 295
213 259
138 268
203 276
172 256
4 82
165 178
191 233
119 127
157 225
129 260
251 265
170 229
33 200
29 82
79 180
226 239
156 163
205 238
170 300
86 212
202 235
127 260
36 219
238 245
268 280
174 199
45 180
179 300
179 235
280 293
55 197
127 186
174 215
208 247
150 236
294 300
162 201
173 219
187 299
157 159
235 264
147 238
288 293
127 140
26 36
160 242
19 38
35 123
239 263
162 263
243 293
163 257
155 178
38 112
172 221
190 261
195 245
145 230
168 252
158 233
157 265
226 248
157 175
210 211
66 270
120 211
125 133
252 287
200 269
205 226
212 213
8 74
213 279
178 188
248 259
181 249
93 286
55 101
35 87
62 86
144 184
171 174
189 245
49 278
66 294
164 221
151 267
24 286
156 226
216 230
82 245
158 249
223 228
84 270
35 131
145 227
214 235
151 219
181 244
36 53
204 246
249 265
189 199
168 249
186 204
97 127
220 251
149 158
38 97
38 40
171 240
187 194
165 171
150 237
35 79
59 275
185 192
52 291
270 292
219 235
38 142
286 292
162 239
34 86
118 127
21 74
197 228
35 136
159 230
150 257
221 234
230 287
35 70
144 250
247 278
168 213
125 280
144 154
55 113
159 265
211 228
166 262
147 236
177 213
193 223
200 221
9 63
160 253
45 280
107 171
176 191
55 233
294 296
247 283
74 204
36 40
154 226
149 202
65 270
36 89
56 133
187 195
184 236
203 264
232 275
151 164
114 237
32 70
191 252
69 157
192 237
156 244
213 283
184 250
201 223
30 55
234 264
36 138
24 186
148 179
38 59
208 249
263 290
110 291
280 283
263 279
224 272
57 86
178 204
201 216
144 251
183 263
105 288
151 256
232 236
3 234
259 260
233 262
151 255
96 201
145 212
178 211
70 127
99 284
32 269
63 110
55 62
112 190
225 254
234 253
127 132
187 264
167 216
247 260
58 133
37 286
195 203
66 111
44 133
188 269
78 186
222 240
147 153
36 245
212 227
225 257
38 273
82 208
253 267
82 250
36 80
183 241
159 201
55 71
200 235
211 267
184 274
152 236
232 283
209 229
13 86
72 275
203 209
164 195
14 291
202 245
216 232
236 264
180 249
35 48
1 86
260 261
130 297
74 121
114 300
184 265
107 286
32 91
181 186
82 115
150 187
173 293
35 291
74 112
169 209
278 285
161 228
108 152
178 278
19 74
33 259
151 231
33 218
159 184
237 269
28 32
219 269
148 184
206 248
247 285
194 235
140 280
13 270
158 166
229 289
184 281
183 243
147 248
289 300
8 298
241 247
157 168
174 262
33 154
35 290
23 127
3 220
69 260
209 224
4 38
55 252
133 287
63 78
163 230
174 260
150 168
188 220
37 38
149 193
155 243
35 203
240 262
238 278
36 131
50 285
193 200
166 274
97 300
160 204
171 196
33 198
149 192
38 65
52 133
206 254
165 257
149 185
174 176
107 244
147 166
150 181
55 120
187 266
124 180
32 108
147 257
263 295
168 198
278 286
159 163
254 297
179 251
149 220
149 250
195 253
206 257
148 248
250 269
176 206
221 228
213 226
236 252
214 283
256 272
55 70
195 208
179 220
86 291
217 240
147 209
269 300
200 234
281 290
23 74
223 276
127 288
245 254
19 133
69 213
214 263
216 283
155 174
26 82
189 253
161 254
236 249
157 258
190 197
214 278
86 184
83 286
221 251
152 242
100 298
130 280
128 286
150 188
187 199
147 191
151 197
238 244
167 257
78 269
155 162
220 244
260 263
167 176
135 291
165 220
4 286
211 261
14 55
82 237
153 249
34 133
32 253
86 270
112 297
94 294
74 108
128 133
242 277
86 292
133 285
177 283
36 97
62 180
148 220
86 134
249 258
4 133
247 265
127 202
217 262
202 209
1 294
174 267
71 270
251 294
153 244
247 257
22 154
65 286
209 218
145 149
161 177
133 292
41 133
77 86
234 293
230 281
160 212
72 138
171 230
158 174
208 236
55 124
170 187
192 261
167 221
153 252
11 82
225 227
76 127
168 201
201 275
163 220
147 181
36 224
233 270
189 227
75 180
207 257
234 258
35 179
182 244
201 287
204 261
155 221
232 287
168 293
165 226
167 248
86 176
180 278
197 240
147 203
241 263
256 293
208 214
197 245
95 184
15 74
25 36
144 278
205 244
1 63
208 216
102 297
37 270
175 269
183 218
178 209
9 86
32 121
94 275
10 280
32 64
92 291
51 294
256 258
210 255
32 67
215 223
201 273
204 244
164 168
265 288
197 205
171 187
237 250
117 229
6 127
86 99
149 199
213 275
152 255
223 256
154 237
63 290
216 254
286 287
114 286
38 296
106 127
186 209
166 220
60 186
156 196
74 119
185 208
203 235
145 224
154 217
239 269
144 183
14 86
35 121
108 234
225 269
187 229
224 300
209 228
178 291
197 209
36 141
230 250
33 229
177 240
185 198
179 188
200 263
281 298
190 237
179 200
252 257
99 213
170 188
105 282
185 225
158 214
149 170
219 230
271 284
82 221
144 191
33 163
38 124
71 82
160 198
175 256
31 82
86 94
199 233
31 63
234 274
233 240
118 154
189 209
57 291
30 74
122 286
223 253
63 79
175 192
277 280
154 193
177 253
214 223
132 291
191 202
181 188
99 147
40 55
15 270
217 265
224 257
225 289
148 156
218 235
185 190
33 212
158 177
215 241
210 281
150 218
152 231
201 209
201 222
207 262
145 177
106 288
215 259
278 289
237 281
224 237
233 266
285 291
82 172
29 127
49 297
149 171
151 176
24 280
209 266
38 69
38 106
154 181
162 255
247 291
67 281
198 236
208 227
55 125
187 292
32 232
164 191
162 183
196 250
150 175
158 176
175 183
63 138
154 244
204 268
162 198
149 168
36 43
196 218
229 257
158 236
175 265
184 292
49 269
220 255
210 269
175 266
224 294
188 221
148 162
93 127
245 263
79 86
148 224
32 172
3 297
157 193
157 291
203 252
22 180
178 255
179 287
107 229
76 288
34 154
60 180
157 229
164 243
223 227
89 127
167 263
188 263
170 277
197 219
156 192
86 265
155 227
82 136
163 256
249 264
38 290
157 243
233 257
38 76
187 295
114 213
124 286
82 289
159 224
32 226
188 256
92 133
189 263
125 214
99 220
78 82
228 254
224 279
268 269
205 224
36 243
35 95
196 262
210 250
15 280
86 104
74 185
165 282
166 194
117 295
204 207
203 214
155 222
4 127
35 84
158 210
38 111
156 211
235 266
220 240
35 137
102 133
41 285
217 264
82 171
148 218
105 300
92 297
156 235
146 220
237 263
125 261
199 204
186 212
150 156
87 286
215 233
161 248
74 110
160 172
166 167
30 86
175 221
156 184
152 212
221 278
198 259
170 238
226 246
209 221
57 180
145 197
63 108
63 287
55 122
289 299
74 186
32 84
219 249
271 294
242 249
129 201
206 259
29 55
149 189
14 298
191 229
175 186
82 194
86 220
216 259
63 67
189 258
213 240
153 212
168 211
198 202
181 196
183 210
242 266
107 226
162 208
16 133
148 222
151 242
268 289
183 230
123 213
164 259
199 217
289 293
171 223
3 243
148 202
195 217
34 82
171 184
75 127
151 269
237 284
157 209
67 82
84 127
143 287
63 104
147 247
132 133
275 286
95 234
166 182
232 267
36 63
6 133
152 168
107 225
202 265
193 253
39 180
158 216
244 274
169 188
148 261
177 192
35 187
3 175
12 127
165 196
23 133
1 55
169 189
191 222
218 228
62 82
210 244
251 274
38 108
14 36
193 229
203 220
214 225
141 297
152 157
171 225
127 287
205 240
179 292
50 291
162 228
49 242
172 173
194 244
35 90
129 265
9 74
30 82
163 184
180 204
169 184
36 81
147 202
174 204
214 252
161 261
174 248
38 136
63 115
198 223
157 180
209 265
107 180
215 282
67 286
221 243
160 176
38 45
15 286
35 142
73 133
129 270
146 241
176 203
174 205
138 271
36 109
149 262
184 203
38 79
15 289
74 84
224 287
159 209
192 224
190 287
161 203
156 201
174 283
245 294
236 237
235 263
196 254
19 300
236 243
94 270
202 223
245 248
162 164
171 235
274 287
203 211
176 237
177 206
223 257
35 128
248 264
176 243
121 300
218 239
162 218
75 297
219 247
23 63
101 298
153 255
160 194
207 234
114 169
95 273
122 127
204 208
108 192
269 276
202 215
159 161
181 260
161 182
203 225
162 203
201 238
144 293
73 270
149 167
176 190
286 300
10 289
190 257
178 196
243 250
138 294
243 258
32 215
164 175
171 219
271 291
138 296
19 35
211 245
36 140
52 74
190 251
202 291
82 214
99 179
72 76
203 248
204 233
224 260
168 278
91 180
167 197
155 244
181 246
161 197
255 267
24 180
226 245
162 199
166 231
82 99
228 259
175 263
181 183
179 229
189 283
161 216
251 258
208 217
153 201
284 295
19 298
191 242
174 238
36 133
155 197
211 266
155 161
175 255
220 253
179 240
290 297
205 270
42 289
103 297
170 243
161 223
169 177
103 133
164 238
134 286
153 221
180 243
171 179
273 281
29 260
14 74
149 165
164 257
184 300
39 127
226 255
38 126
57 297
120 186
252 256
236 272
196 228
165 204
250 259
40 288
133 268
77 180
192 241
24 154
173 194
152 156
73 282
264 293
160 185
166 242
104 300
162 232
231 267
195 213
224 241
145 242
165 195
152 246
42 286
73 293
201 251
133 299
270 294
228 249
151 238
164 226
279 281
214 230
36 78
45 82
224 246
237 254
232 237
77 270
93 297
201 220
82 167
156 245
32 37
248 253
190 222
286 291
43 180
38 129
99 184
215 220
166 193
149 254
19 59
134 270
201 230
217 244
200 251
204 228
118 206
186 281
204 240
63 271
170 247
9 38
155 247
4 242
32 102
38 135
150 241
256 260
36 163
187 237
55 107
21 280
33 55
124 280
194 218
163 195
32 124
152 239
211 236
32 81
174 214
94 300
32 125
47 270
228 267
178 232
188 247
189 230
73 291
155 233
36 125
83 224
35 119
167 196
189 266
184 264
144 235
144 172
212 266
104 294
222 269
35 284
38 91
149 213
163 189
151 165
38 93
54 133
43 157
179 194
222 242
226 250
151 232
219 222
145 159
86 108
170 211
165 238
27 55
165 187
235 248
256 266
184 189
55 111
193 244
33 253
187 208
170 236
55 215
171 203
249 256
157 167
33 236
94 297
184 263
228 230
35 94
172 184
214 215
55 256
55 67
32 54
160 167
157 190
179 202
16 74
183 188
187 236
274 275
61 133
285 293
202 232
39 55
196 219
166 207
187 261
174 182
213 297
270 298
11 127
198 251
86 89
195 267
76 212
210 232
241 266
176 187
174 266
32 93
235 274
228 238
36 84
145 223
231 247
157 256
199 236
200 240
211 274
18 82
181 281
151 180
171 281
148 244
171 224
169 176
115 275
149 157
168 262
270 277
175 248
174 180
201 207
209 262
86 204
165 256
158 217
125 169
98 171
240 256
112 157
178 201
103 286
168 182
86 107
269 298
186 280
146 210
148 197
35 46
201 240
150 249
157 293
12 278
118 180
187 247
198 218
196 200
42 55
209 246
13 286
170 257
82 139
147 256
261 266
157 228
163 207
174 256
203 217
199 216
215 256
114 254
151 260
192 204
183 248
149 214
185 242
36 297
185 219
18 133
177 190
265 294
243 284
278 279
196 204
159 170
120 286
188 215
83 133
148 187
274 289
138 298
152 274
192 212
244 294
234 248
74 280
218 260
173 249
144 194
163 173
167 238
197 255
222 223
33 148
165 181
204 285
223 225
214 266
255 257
17 38
165 272
181 257
208 221
232 251
270 276
1 74
169 175
236 263
181 258
187 291
209 255
18 32
180 234
188 261
253 263
251 266
201 214
217 242
111 127
76 133
82 165
170 216
160 163
93 270
217 243
241 285
119 275
254 271
213 214
243 246
238 251
179 285
59 291
151 201
179 215
219 237
213 282
49 86
146 216
35 81
3 281
32 130
60 63
171 255
197 198
82 83
206 214
229 249
49 291
158 171
32 74
204 206
160 164
167 234
1 133
45 74
92 298
5 35
38 78
182 191
2 127
173 260
163 197
55 74
198 244
189 194
172 248
190 196
41 63
64 286
164 185
114 133
206 224
149 252
218 241
25 133
163 196
75 291
252 263
158 222
175 219
158 209
36 88
175 242
160 272
211 231
177 257
239 242
162 242
192 238
185 186
181 215
167 195
51 289
32 140
63 278
194 207
106 133
151 206
32 94
32 38
36 167
38 271
63 75
32 246
35 58
61 286
161 219
177 187
217 253
50 55
181 291
42 127
168 232
143 268
190 259
28 38
193 252
291 298
278 288
141 300
186 214
154 210
11 63
156 204
174 254
141 280
188 248
49 63
199 227
35 140
46 291
197 243
193 237
63 128
214 264
117 280
157 219
150 217
228 257
60 291
216 243
173 241
240 274
82 85
265 291
186 283
217 235
287 294
183 257
160 248
148 157
21 180
81 224
184 187
76 265
157 206
240 254
129 208
166 214
127 275
16 300
49 206
211 256
149 274
211 246
192 223
225 237
32 122
79 291
118 218
208 209
3 158
32 126
171 200
160 193
114 277
97 275
242 296
212 232
174 269
161 281
57 82
151 190
278 283
220 223
149 225
172 175
179 212
148 161
55 134
166 250
250 257
237 248
194 211
201 233
178 205
188 226
94 180
162 224
224 239
161 263
121 279
189 265
19 288
239 256
162 256
2 86
96 184
161 253
122 291
178 198
278 282
30 38
104 138
265 287
58 86
143 281
33 144
218 293
233 293
180 237
18 234
161 262
230 260
203 218
27 133
56 74
99 172
18 146
133 296
15 127
13 155
229 267
235 237
35 277
241 277
63 296
76 242
159 192
151 274
202 266
43 186
204 275
168 204
227 250
204 292
139 234
53 55
217 225
125 260
149 163
199 212
183 236
248 249
31 154
50 86
48 270
9 32
195 212
152 283
101 270
204 236
169 238
144 158
55 198
26 286
181 195
119 291
182 236
287 289
233 243
59 133
73 143
222 229
152 178
35 66
166 263
127 138
151 248
108 154
173 213
192 216
210 219
148 216
63 81
35 60
210 242
132 224
144 231
190 218
144 223
34 186
284 300
196 223
203 262
270 274
191 206
160 171
39 291
18 206
155 235
155 196
55 202
212 240
196 214
244 264
82 219
38 282
186 243
157 290
186 233
238 272
197 250
180 187
68 154
224 226
106 242
151 177
187 219
221 227
20 176
99 183
47 297
246 257
36 231
175 207
149 206
154 162
148 185
127 268
251 297
145 176
179 254
149 173
17 32
148 193
179 181
203 281
244 250
168 235
254 264
31 185
147 160
63 223
167 256
234 262
193 234
63 98
269 279
155 188
109 127
213 235
121 275
108 187
74 282
178 224
95 288
69 86
210 224
12 207
63 64
219 236
156 251
213 243
38 141
214 246
160 210
36 67
185 255
196 260
39 286
127 297
211 219
277 295
216 262
180 196
33 179
240 255
151 224
144 188
146 181
177 243
97 297
166 181
63 135
289 290
24 270
225 244
177 237
32 109
4 284
6 55
24 82
145 189
211 238
154 156
157 240
229 247
163 224
118 243
32 201
86 190
236 266
184 219
55 132
191 204
175 247
30 270
146 244
152 293
211 233
66 291
110 289
32 141
53 270
35 242
90 286
93 99
17 275
25 127
59 107
9 133
276 280
168 227
165 175
227 265
160 177
202 270
283 286
65 133
190 210
189 201
36 246
205 243
44 286
208 212
203 216
248 272
196 236
144 219
159 227
170 202
130 286
148 227
155 237
274 278
215 240
144 272
35 103
223 279
195 201
203 265
166 198
36 48
261 270
263 298
176 196
149 263
173 183
6 280
180 272
241 246
176 192
158 230
207 219
31 297
152 190
168 184
20 32
204 277
274 280
162 186
74 140
36 52
61 127
159 203
28 55
55 131
22 74
193 235
192 236
200 220
267 291
38 116
23 55
180 188
270 282
33 167
38 99
125 180
63 126
156 266
165 234
183 214
235 267
154 261
73 269
82 126
290 294
117 180
32 33
173 250
58 74
185 228
5 133
212 258
205 210
82 120
32 59
87 281
182 223
205 230
284 287
152 248
166 248
182 230
12 36
32 78
35 113
161 176
223 296
55 88
253 269
187 233
144 213
127 137
15 180
263 300
154 298
171 265
217 266
177 196
150 251
150 161
232 291
74 92
181 224
214 269
170 174
95 270
38 44
74 299
105 271
143 278
185 257
202 255
254 266
170 171
182 224
13 180
63 139
268 272
36 70
148 212
125 148
215 254
228 237
18 38
150 185
242 262
203 215
145 285
220 257
202 225
161 232
160 252
107 154
120 280
156 240
168 224
30 272
161 198
170 240
66 298
61 63
243 245
126 286
212 263
190 209
201 294
63 288
189 235
133 140
194 233
210 227
38 55
150 209
150 160
145 161
225 230
173 235
237 285
174 255
90 297
86 152
191 253
184 293
258 259
244 284
154 176
234 269
196 233
175 238
152 202
199 235
191 256
194 230
159 215
218 278
186 202
11 297
221 266
175 218
282 293
138 267
270 300
55 110
93 280
175 201
230 262
161 260
237 253
193 259
213 227
86 230
201 221
180 211
154 220
145 157
146 195
176 270
86 135
164 174
152 261
6 289
218 226
6 35
180 184
133 139
18 208
173 188
186 188
11 36
55 86
193 268
160 231
9 291
149 187
175 189
257 265
69 82
172 188
272 282
153 189
63 224
56 289
149 217
146 234
179 247
203 249
61 86
174 221
49 74
32 291
214 272
99 270
159 257
2 298
138 275
139 265
55 222
175 206
149 207
161 185
33 267
125 208
153 220
151 294
198 203
274 299
36 199
35 98
174 263
207 250
32 48
152 182
159 252
38 54
151 218
30 275
244 269
195 199
251 298
53 300
127 277
162 225
77 291
36 270
82 183
216 249
154 291
182 210
202 229
54 86
55 87
161 269
204 253
189 234
21 237
74 97
33 151
157 253
185 200
44 55
16 35
215 263
176 195
63 293
3 200
274 284
152 245
193 239
162 193
175 232
169 221
171 213
199 234
186 187
270 291
181 231
221 264
226 247
19 143
36 170
74 223
159 249
230 238
91 294
113 298
249 287
191 266
186 224
121 270
86 224
139 297
209 269
160 269
160 229
203 272
167 230
234 242
164 214
52 180
219 234
37 280
239 247
162 247
189 223
96 260
169 242
176 240
196 253
171 198
167 220
169 243
190 221
156 225
216 260
221 235
200 237
267 286
96 284
50 132
106 280
96 213
69 293
156 161
197 251
146 240
21 32
126 294
48 289
32 138
158 212
36 146
157 191
86 252
74 98
204 219
74 277
204 237
174 198
207 281
63 280
182 251
155 177
274 277
38 143
199 214
171 201
6 82
259 263
177 191
38 103
179 211
76 115
16 86
62 63
196 217
182 195
21 127
154 211
34 180
164 202
203 221
225 236
38 130
279 293
32 86
115 224
188 192
86 120
18 86
166 217
58 297
180 186
3 190
157 226
8 36
120 158
145 254
272 299
194 236
216 241
242 298
125 127
204 250
210 263
161 239
74 278
172 234
35 64
167 265
191 215
139 291
125 199
145 259
200 261
6 36
33 210
172 197
155 251
188 204
257 260
157 278
273 291
182 218
189 229
18 294
28 74
190 244
160 189
36 112
129 213
13 224
32 112
158 256
188 205
178 226
164 178
103 269
42 280
249 266
164 173
165 168
32 43
35 224
104 133
222 266
206 216
79 297
37 297
144 165
268 293
176 257
106 115
238 265
232 247
18 286
171 246
157 248
172 181
11 289
149 242
263 268
31 291
35 141
82 108
21 234
112 252
82 272
151 203
155 234
69 297
155 218
271 281
238 252
173 255
125 232
287 297
191 267
47 74
161 213
218 263
55 139
169 220
222 265
126 300
99 221
163 203
36 123
41 201
70 289
146 152
147 168
55 69
160 202
210 226
74 107
270 272
139 275
189 228
124 133
127 179
11 74
173 191
143 283
168 234
170 254
173 265
281 285
201 243
209 212
55 144
172 179
175 212
182 197
91 127
176 258
188 202
76 268
196 258
186 221
117 206
182 234
74 128
108 133
157 213
22 269
184 248
166 225
105 269
125 222
20 183
12 35
191 198
269 289
32 228
229 242
32 202
144 151
225 240
175 246
68 284
3 38
181 234
38 88
225 233
226 254
174 177
20 127
40 74
231 243
229 269
70 133
159 198
156 242
194 216
236 241
160 250
73 287
280 299
82 103
151 263
173 223
45 284
152 186
152 173
191 201
55 63
133 291
187 245
33 183
199 230
150 211
161 224
144 253
187 205
166 203
153 168
57 242
147 226
145 175
157 171
69 206
280 295
157 279
93 95
32 113
219 251
180 270
161 194
82 138
204 222
79 295
153 287
274 297
82 243
198 216
127 289
190 211
184 198
82 242
62 270
52 86
152 207
36 142
194 203
148 153
165 210
78 127
168 174
86 297
44 260
174 265
36 253
19 297
130 133
143 300
3 186
79 284
33 162
74 187
32 104
159 213
71 291
232 254
5 286
172 187
174 287
76 82
171 249
133 143
22 32
203 256
154 187
238 287
35 293
151 225
191 213
172 180
242 264
192 211
105 275
265 284
86 154
170 204
183 223
171 266
90 270
38 102
231 235
163 241
181 230
230 258
190 223
38 100
228 261
226 233
240 287
135 298
209 254
36 64
214 244
234 263
206 227
180 244
211 242
189 242
233 258
231 272
55 179
3 127
19 36
60 286
212 259
242 271
202 257
74 276
179 214
36 169
99 217
33 221
178 182
263 276
195 242
205 254
198 267
146 187
22 133
82 164
167 222
175 177
203 213
201 241
187 228
207 230
8 82
187 202
36 203
196 208
152 192
191 207
209 264
269 280
31 281
217 230
146 233
197 285
186 240
177 246
175 213
98 127
37 82
95 296
192 195
158 234
173 272
35 206
159 255
173 237
164 241
159 288
202 227
149 181
177 215
32 77
184 246
147 221
82 255
234 250
210 234
226 262
188 190
271 278
66 82
222 246
7 32
215 217
227 238
248 252
144 255
55 121
145 202
155 157
178 235
133 300
178 183
207 243
25 74
69 133
55 78
69 234
247 251
148 226
265 278
144 204
279 294
197 226
220 269
230 274
157 259
82 96
172 220
72 120
156 252
160 179
120 187
208 269
184 284
179 256
272 294
86 111
3 219
223 255
145 174
152 256
156 187
36 98
127 276
223 288
122 270
218 272
89 180
182 254
145 180
86 110
166 252
157 217
168 229
67 86
206 209
174 213
86 275
212 226
194 221
293 300
226 252
38 223
205 236
63 185
180 227
145 248
240 265
209 263
160 263
232 243
220 270
144 152
36 85
82 122
114 280
111 158
246 267
196 201
222 264
83 114
177 250
167 217
182 269
55 90
68 82
155 212
162 192
196 216
233 281
71 133
108 206
3 188
117 241
108 199
234 281
147 251
89 275
186 270
32 90
215 242
229 256
32 128
165 251
31 280
192 240
215 243
219 221
86 87
196 265
34 291
140 270
158 189
194 240
40 268
63 277
33 164
102 127
67 186
188 201
159 196
200 248
269 271
199 243
157 239
157 162
225 249
165 243
195 222
99 188
152 228
200 249
165 242
214 224
40 299
193 206
41 291
74 115
159 175
78 86
174 194
273 280
86 148
245 261
150 162
222 231
86 289
95 176
185 268
162 165
30 133
151 200
152 264
261 262
138 288
243 247
53 82
181 184
74 76
242 247
86 136
165 227
74 273
281 296
187 200
90 294
272 300
114 284
160 203
159 186
117 260
120 143
169 261
79 270
191 221
114 115
82 101
5 270
116 300
243 283
192 247
177 203
208 235
250 267
185 203
152 170
160 181
167 240
131 297
156 213
38 94
214 229
99 297
217 289
131 133
63 291
54 127
54 154
221 252
195 225
52 63
78 270
201 217
214 242
112 127
112 298
214 243
36 77
279 286
28 289
235 261
225 251
157 296
183 242
201 237
209 256
291 300
176 209
204 288
24 133
160 224
20 184
133 142
198 230
68 86
246 247
30 269
156 234
273 293
86 124
35 91
55 189
152 238
203 205
166 187
218 269
28 133
171 226
23 286
244 248
147 156
205 214
288 297
252 281
193 251
36 139
270 271
82 216
33 166
209 258
23 82
72 117
151 154
165 233
187 262
74 104
150 259
32 55
167 224
178 227
51 55
168 194
201 202
63 94
184 258
273 297
227 233
223 248
55 105
172 196
179 262
166 173
172 235
228 240
12 63
25 82
205 261
14 300
272 292
168 170
234 254
156 195
67 270
181 194
74 99
13 35
209 253
164 223
225 261
197 235
186 217
154 173
148 235
269 299
58 289
48 86
147 204
169 256
174 202
154 174
99 252
236 278
63 68
193 250
268 297
30 32
179 189
163 171
29 206
173 192
153 248
293 297
208 234
209 261
185 253
157 200
146 283
55 119
118 176
110 133
18 127
14 82
158 197
47 290
196 198
178 264
72 300
148 177
26 86
160 255
292 295
82 129
215 257
38 287
36 41
163 209
55 269
156 264
145 221
203 271
153 204
27 35
180 232
86 287
203 245
38 295
179 290
58 291
203 251
265 268
98 291
2 55
44 291
149 194
51 63
152 215
220 265
199 291
185 187
12 86
36 74
74 137
212 219
177 255
138 279
5 36
179 205
204 266
63 73
281 287
240 267
165 267
164 180
192 210
17 270
101 127
178 195
38 101
169 173
197 227
191 194
63 136
123 133
242 244
182 203
161 225
216 245
158 187
184 245
152 198
33 257
184 221
73 82
165 173
82 125
19 32
222 291
161 265
204 234
181 242
198 210
173 262
58 294
171 243
20 286
166 189
64 298
190 233
207 252
205 211
145 220
206 210
197 241
63 89
199 222
159 245
154 297
234 283
213 281
18 297
55 267
168 242
227 274
33 227
150 210
46 55
256 278
179 213
27 38
99 200
180 293
171 175
32 184
106 206
125 289
154 180
177 208
71 74
28 291
100 127
144 291
179 232
152 205
86 119
145 235
153 215
144 265
170 217
210 249
196 246
35 45
77 289
181 241
35 292
175 204
171 182
72 114
172 241
176 253
38 67
35 117
227 242
197 262
244 287
111 199
219 227
32 135
33 168
134 289
126 289
206 211
53 63
144 148
158 227
33 266
150 226
36 134
221 223
62 279
19 275
157 236
145 237
36 102
291 294
42 180
55 135
156 259
32 72
254 276
159 250
27 289
36 66
174 229
215 238
217 227
176 226
121 291
146 237
198 238
160 236
206 213
220 263
180 229
108 158
32 45
72 289
192 249
174 190
184 206
48 127
208 263
117 237
166 239
178 259
145 222
110 281
144 163
172 247
30 295
220 262
242 257
195 232
207 241
194 237
258 261
229 248
195 198
220 226
125 229
284 293
74 100
194 281
133 224
216 250
55 183
6 291
55 190
200 254
133 135
36 225
192 226
35 99
32 239
153 261
189 232
178 215
112 286
184 289
172 191
213 268
9 55
128 291
38 72
223 250
184 201
146 185
232 234
238 259
223 249
231 249
218 232
154 195
36 58
190 236
214 258
159 263
182 263
220 294
151 212
199 237
185 283
264 267
115 128
118 184
286 293
188 213
46 86
200 222
3 283
126 275
179 267
66 300
168 251
263 265
149 247
235 253
179 282
224 278
230 256
177 228
151 169
173 238
55 177
119 297
191 246
207 260
111 297
157 178
1 270
216 263
203 258
180 223
213 234
55 118
194 251
234 284
123 291
99 132
1 82
263 271
189 226
59 185
170 281
209 242
221 250
197 239
117 127
162 197
124 127
184 207
178 258
194 214
149 246
234 260
203 226
177 199
55 76
185 199
237 283
271 274
164 237
280 294
168 246
41 294
82 142
191 220
148 181
165 166
7 63
167 173
176 272
216 219
214 232
244 265
239 244
138 276
118 288
40 279
224 240
108 294
156 260
144 175
50 283
178 293
32 252
147 174
202 204
158 243
27 82
195 216
285 295
148 203
181 265
11 38
31 286
20 133
27 280
173 278
184 186
33 270
195 206
209 210
151 217
190 238
194 261
193 246
230 231
198 234
172 267
204 224
250 254
152 154
194 196
204 259
169 233
108 286
35 286
248 255
169 240
8 38
18 270
55 288
167 177
175 222
153 256
217 250
18 180
166 169
272 287
220 258
168 265
177 179
159 182
178 230
176 281
238 267
3 63
177 232
184 282
34 74
39 280
164 210
55 106
68 127
36 143
160 217
155 156
198 249
103 291
165 244
73 288
63 142
117 218
32 83
172 174
196 199
174 233
167 202
167 242
180 198
86 112
60 288
182 216
36 130
2 63
185 250
74 88
68 171
160 232
278 290
127 213
182 184
197 259
201 224
221 281
276 297
36 114
233 239
139 294
57 133
162 233
88 243
181 223
167 214
36 192
202 283
158 170
278 299
38 60
25 86
55 73
208 237
94 127
75 206
32 214
281 286
10 224
115 171
272 286
157 231
233 245
150 180
153 231
113 291
45 289
196 206
57 286
47 133
55 60
95 220
157 163
44 280
247 253
184 254
160 223
172 216
20 36
209 223
44 115
145 263
209 248
173 196
206 261
168 223
170 196
157 195
167 179
184 224
163 261
164 196
185 300
82 84
203 208
114 180
7 291
190 204
185 235
86 123
5 32
170 248
12 300
187 267
204 239
162 204
99 266
205 233
158 211
82 95
27 297
222 228
14 35
33 147
93 224
167 189
296 297
200 259
237 245
281 284
1 36
190 241
274 286
33 258
159 172
149 260
244 261
195 214
33 175
224 276
60 269
160 265
175 274
186 230
63 112
187 296
180 192
33 247
236 250
182 267
20 74
32 111
61 289
236 255
159 160
203 212
157 264
196 202
160 245
157 166
117 235
174 197
133 157
159 231
33 186
127 142
116 270
82 111
212 231
227 255
36 269
233 259
29 86
231 259
40 180
141 291
97 180
156 224
150 171
82 163
74 132
184 288
193 219
63 285
158 221
179 192
197 199
193 242
160 216
177 182
247 272
148 237
276 293
38 42
138 278
174 252
157 197
224 235
155 238
204 257
33 291
151 179
284 294
157 172
190 212
225 243
171 194
159 291
107 260
110 127
176 245
278 280
162 252
67 298
225 242
270 299
179 190
200 204
228 251
175 252
195 256
272 283
146 257
159 242
201 244
7 286
188 278
18 300
158 294
183 238
206 237
148 256
148 189
82 147
223 246
19 127
160 219
155 184
154 227
157 269
212 264
188 193
78 297
183 226
167 193
38 293
205 267
198 254
156 190
221 225
55 248
184 194
36 117
160 239
167 188
55 103
212 253
213 236
49 280
26 275
115 120
27 86
169 179
189 244
175 197
27 74
36 101
29 63
180 242
218 229
236 246
59 300
32 96
26 55
176 213
151 158
161 189
188 239
105 272
214 234
244 263
177 251
255 270
86 142
163 249
256 264
282 297
94 298
65 289
144 155
228 287
231 251
36 183
234 252
206 249
242 259
107 143
179 224
80 82
117 286
63 203
133 272
195 231
207 240
35 53
195 233
108 283
191 216
63 118
204 241
95 300
184 260
11 86
36 55
185 263
32 66
224 266
114 285
269 296
127 271
73 298
162 190
195 254
152 266
86 126
210 237
55 66
216 228
272 275
189 196
189 231
218 224
35 88
160 213
210 243
209 213
133 187
36 107
173 229
251 254
154 269
12 38
227 236
86 132
33 238
151 222
275 294
11 186
257 266
214 255
259 274
186 242
179 222
216 223
80 133
188 217
86 237
187 238
86 199
36 176
186 235
32 231
105 276
251 255
204 298
166 201
186 291
36 116
33 195
8 180
35 37
55 174
36 39
218 223
35 125
192 243
217 278
152 218
72 74
102 275
51 291
168 200
175 233
41 254
38 73
204 260
202 278
185 211
58 63
257 262
8 35
220 242
114 291
159 269
38 46
220 243
3 55
153 187
19 268
33 189
173 224
270 281
104 154
32 50
36 99
156 227
76 262
180 195
89 294
165 240
30 36
145 171
192 251
213 242
230 245
145 195
146 157
209 260
11 35
144 169
196 267
86 164
177 259
95 280
15 35
195 197
153 272
143 224
264 287
184 239
239 257
160 186
269 285
177 242
274 281
218 225
63 100
180 209
68 291
224 250
3 171
33 245
40 291
204 232
156 170
155 179
69 169
176 291
196 207
191 232
105 285
59 289
147 162
236 259
191 254
59 73
233 234
176 235
156 206
107 232
175 193
152 294
277 294
275 289
282 286
190 202
74 139
86 279
11 171
82 293
36 111
231 300
151 220
174 179
35 273
86 90
209 220
190 254
69 229
242 287
36 71
38 157
154 270
181 206
55 221
102 294
36 291
227 239
55 84
175 223
47 299
36 255
240 266
196 210
164 256
33 297
163 166
94 291
36 234
88 289
221 258
158 178
186 196
217 232
186 193
187 259
232 240
144 243
187 297
158 218
159 165
35 93
153 245
168 206
165 212
33 219
192 257
195 262
33 242
155 195
186 223
222 272
67 291
147 216
254 278
32 289
228 269
86 125
117 133
151 250
251 262
147 188
12 270
210 259
122 133
41 86
189 195
205 216
222 260
214 250
9 289
177 239
162 177
127 139
254 255
86 208
79 286
23 35
36 106
97 293
199 256
214 291
277 281
157 254
271 272
246 251
166 206
86 285
86 118
163 263
222 278
120 175
12 82
220 245
182 235
26 270
182 196
209 222
190 235
213 223
151 266
224 244
32 155
148 171
159 205
229 263
200 257
32 131
254 257
212 244
242 256
250 261
222 226
25 272
242 260
242 246
115 213
23 32
32 298
74 105
175 229
18 278
193 213
177 223
194 256
35 40
167 233
242 290
88 275
189 264
188 233
57 288
245 259
28 294
210 225
223 268
217 241
36 60
61 74
20 289
107 289
169 244
152 268
157 261
178 179
146 249
249 253
240 250
112 270
171 205
51 133
146 256
240 283
44 74
207 255
33 127
227 262
180 245
176 269
203 244
224 255
145 256
38 98
87 291
108 127
138 184
183 207
154 221
231 257
177 211
205 223
174 206
174 250
82 97
272 285
176 231
74 135
33 196
151 208
239 243
82 224
163 174
187 192
74 85
40 287
157 222
197 203
35 112
179 243
180 258
153 205
3 206
25 180
219 241
147 267
15 36
187 220
166 221
242 253
216 251
55 64
68 133
206 240
37 133
58 286
152 220
147 217
32 221
38 122
3 270
196 242
89 270
90 133
152 158
86 100
55 185
33 169
217 260
210 260
11 154
63 120
152 263
128 260
236 251
