heur049_n_300_m_17695
253 284
193 195
82 261
235 286
116 127
81 180
280 288
119 255
207 247
166 247
106 263
92 217
2 114
184 291
8 223
262 278
238 240
178 247
183 274
26 277
278 292
109 180
211 279
98 164
106 154
29 152
193 263
219 288
139 249
11 14
91 239
3 154
114 145
224 299
135 142
122 214
119 204
51 61
201 291
100 151
16 261
84 248
189 193
89 179
9 290
55 141
160 262
84 103
238 291
9 76
78 229
83 248
52 66
84 140
241 278
248 286
161 275
62 137
189 236
24 203
184 283
177 186
10 161
40 135
28 151
186 247
128 233
198 294
143 176
206 221
182 238
266 291
87 93
177 241
199 221
257 295
120 212
19 99
119 192
260 274
73 223
161 241
130 292
176 189
70 82
138 240
16 131
93 103
161 236
196 273
22 112
8 224
148 249
91 186
160 200
28 67
155 267
219 268
269 273
13 229
105 133
7 61
42 70
172 269
112 195
13 175
141 288
242 295
270 283
48 152
193 245
24 283
233 269
166 291
49 54
4 86
210 241
232 266
129 162
177 212
161 292
184 247
121 288
201 261
17 70
140 147
152 183
73 148
273 277
97 119
138 174
37 247
197 284
122 267
79 187
43 129
34 120
65 129
13 101
184 213
10 19
223 245
46 115
207 208
48 134
167 194
207 288
95 133
26 204
36 59
104 174
213 258
87 96
211 290
117 157
135 187
146 299
15 59
179 221
150 199
64 82
162 217
26 107
102 205
184 286
221 232
117 139
173 253
8 296
22 204
198 263
220 238
12 214
227 254
16 95
171 195
105 298
146 218
98 178
206 247
148 260
1 245
21 269
116 141
71 256
108 209
24 201
108 160
135 237
110 140
7 186
138 145
151 199
250 282
162 174
196 278
170 189
74 131
262 277
153 280
61 141
30 99
1 291
118 128
59 83
293 294
61 222
176 238
212 274
215 226
201 247
260 265
168 260
87 267
170 263
214 276
121 268
133 233
22 89
140 194
43 132
3 203
47 211
123 152
62 299
13 84
89 143
219 224
184 208
170 195
76 120
18 174
247 266
232 257
99 168
31 70
122 194
89 186
117 140
61 274
135 276
12 253
264 271
73 124
33 61
102 206
8 255
4 161
109 211
89 130
62 150
130 163
140 142
106 291
54 59
111 184
78 211
15 291
51 124
108 141
228 268
2 271
24 208
32 129
214 221
197 269
221 229
179 216
71 151
89 103
261 264
283 285
189 202
123 135
45 49
229 245
189 271
110 259
128 252
24 34
199 203
1 290
251 277
233 284
70 141
35 43
215 248
263 282
11 279
216 266
8 210
273 299
227 275
93 94
61 158
48 74
33 54
22 276
232 265
5 7
61 272
6 154
252 291
163 245
11 78
182 276
165 260
70 134
168 215
132 288
58 222
141 190
192 250
56 69
171 284
43 69
21 228
88 259
104 180
195 271
35 39
23 214
268 281
99 300
45 128
5 89
94 157
251 261
171 210
7 78
52 138
8 106
148 232
104 195
15 72
113 200
148 238
11 228
67 144
112 115
161 252
154 277
113 119
208 260
28 269
113 244
174 259
98 293
105 299
125 209
54 145
276 287
146 254
22 245
135 272
52 123
131 134
161 190
126 131
22 221
28 213
26 77
114 209
114 160
37 143
164 203
52 55
231 263
243 263
76 96
131 182
28 36
87 101
171 286
48 256
96 290
17 26
143 217
3 300
172 238
23 182
170 178
49 147
21 294
36 122
79 189
50 125
83 263
262 276
30 49
186 197
199 269
64 240
205 227
129 269
241 280
135 235
47 127
61 277
133 185
111 122
129 296
139 238
191 290
169 223
136 294
210 278
168 180
140 244
130 217
13 290
215 247
186 189
101 216
4 37
7 125
124 198
118 141
26 256
192 221
125 167
47 300
224 296
165 241
12 211
189 281
202 219
79 195
121 173
91 103
176 247
2 207
130 273
230 284
91 188
220 232
28 250
53 235
108 180
132 300
215 258
2 9
24 148
179 186
191 284
4 88
152 176
10 182
156 222
30 127
99 128
35 69
196 212
202 269
42 63
127 130
224 268
252 286
152 235
11 207
173 211
186 264
23 255
258 285
82 113
76 219
105 243
87 120
228 263
264 281
124 238
216 248
71 120
15 19
127 143
121 156
194 248
87 249
171 247
141 290
114 221
49 73
106 188
59 148
102 248
25 200
70 74
21 268
77 237
37 138
107 115
93 291
87 266
212 222
134 150
8 118
174 223
32 69
87 275
106 256
1 242
26 106
72 158
35 261
62 156
220 264
84 217
26 207
130 162
260 280
130 239
53 67
223 298
51 74
74 75
80 135
21 296
252 284
193 260
30 89
196 222
204 211
21 27
185 264
121 139
27 170
124 153
163 216
26 231
99 109
76 113
111 128
65 130
2 253
71 140
119 243
233 291
116 144
11 181
102 230
82 106
26 114
11 255
28 116
198 283
41 142
32 136
147 215
9 176
25 267
203 231
82 141
161 202
211 224
3 34
62 297
7 189
129 157
58 166
2 294
132 228
173 231
133 156
186 231
131 136
18 68
213 278
151 244
198 211
125 275
207 221
41 73
183 298
212 283
93 160
180 262
85 115
15 284
41 85
152 199
37 159
103 119
91 269
151 211
106 141
21 223
15 133
138 158
151 209
195 220
86 106
67 209
12 17
22 78
113 293
18 137
103 251
234 268
187 203
191 288
269 272
56 100
141 156
199 260
17 155
13 207
275 297
213 265
130 219
236 260
26 76
230 232
144 149
80 160
143 206
103 113
34 151
43 57
152 204
145 217
233 247
64 94
125 244
132 189
38 53
5 48
48 293
21 204
63 130
7 74
49 53
24 194
62 76
22 134
274 285
12 269
130 238
177 265
190 195
174 216
250 262
189 237
58 59
189 219
180 273
125 181
184 227
55 109
34 55
156 160
209 270
157 211
152 185
79 221
132 195
173 256
84 122
239 278
221 282
206 256
23 154
44 116
225 291
201 227
84 216
207 209
12 137
39 61
195 237
181 283
2 281
64 68
28 276
74 122
99 100
109 262
9 19
84 225
214 277
100 185
244 245
43 53
122 263
261 267
121 249
13 184
26 192
131 220
15 99
154 203
152 269
23 53
88 234
29 44
56 158
225 290
168 268
60 217
65 74
194 206
8 253
225 232
223 231
81 140
131 226
195 255
115 276
11 212
141 149
147 199
182 221
87 90
49 162
165 278
189 249
101 247
139 180
134 299
163 260
173 243
120 196
221 298
173 242
233 250
218 250
82 192
164 194
149 227
28 31
135 300
15 213
115 156
54 162
231 250
168 290
125 128
7 146
140 209
59 147
133 283
189 241
103 222
237 268
180 191
150 158
23 211
136 209
17 25
199 277
232 233
282 291
173 195
77 146
28 72
254 283
35 152
216 278
47 124
182 290
72 122
130 272
147 286
119 296
24 188
44 157
73 90
110 174
7 91
99 110
115 150
125 191
133 203
206 241
5 198
34 143
117 228
236 288
122 205
97 263
9 293
132 296
227 289
146 214
190 227
203 237
131 248
139 156
132 180
146 153
171 276
141 186
163 227
8 19
176 288
23 248
22 293
11 54
56 149
101 291
94 174
8 232
6 268
129 217
63 124
175 241
135 226
91 150
83 203
130 248
30 142
49 156
202 295
85 214
13 266
26 290
261 269
88 174
180 254
125 172
71 152
36 44
277 283
245 256
79 170
166 260
147 284
57 150
78 188
81 119
134 161
131 144
151 296
213 225
155 202
3 298
94 118
29 148
32 63
23 268
191 211
15 224
18 283
13 110
172 209
237 294
146 182
60 74
207 291
82 98
122 134
277 278
69 148
55 59
54 296
197 211
188 195
227 285
50 57
115 192
16 296
114 144
152 189
12 135
253 276
177 287
198 288
99 126
39 139
65 134
87 268
187 221
20 253
264 276
98 116
272 288
33 38
86 195
8 101
223 282
139 154
82 231
5 19
79 102
208 256
92 162
188 189
2 270
128 161
90 263
136 190
279 288
114 288
159 207
84 200
16 275
2 91
51 81
48 105
24 209
28 241
115 118
109 166
5 274
61 121
205 299
2 93
57 62
68 152
185 223
215 273
98 119
221 272
55 129
89 293
99 243
208 254
45 146
127 154
152 251
16 233
69 137
119 147
161 167
13 28
198 213
216 217
231 245
160 190
187 276
216 240
205 263
225 295
72 75
96 217
166 241
87 225
56 123
80 122
112 133
28 59
239 261
137 174
167 286
211 277
88 103
113 165
2 212
49 125
250 252
110 180
37 96
82 104
168 274
135 295
238 253
207 216
180 275
216 239
14 23
52 71
103 111
132 153
278 298
76 99
135 136
174 242
227 247
9 253
114 240
8 204
135 251
34 227
236 274
99 178
82 228
2 266
110 248
64 159
61 150
18 140
148 274
103 275
207 223
269 282
76 255
56 63
123 153
65 72
94 106
135 214
89 121
13 289
262 283
46 74
110 293
22 288
132 298
193 227
189 225
94 156
227 280
7 18
146 161
10 225
232 258
57 60
114 247
215 239
162 215
209 231
174 222
52 61
250 290
210 290
189 278
71 85
150 235
243 288
221 273
96 237
148 219
242 288
160 173
114 278
76 111
2 227
242 261
82 107
202 290
110 211
10 211
39 74
139 221
19 244
243 261
247 262
246 288
123 144
26 193
180 248
167 278
13 191
269 288
117 145
112 293
13 171
24 233
124 135
99 106
5 277
5 54
228 286
61 62
223 232
231 232
22 241
35 57
22 111
245 255
154 207
126 291
15 281
77 133
7 249
168 222
196 244
99 192
226 290
262 288
152 159
43 138
268 271
26 273
110 244
259 261
144 222
24 85
125 266
88 201
37 49
230 261
87 147
161 173
80 84
5 119
78 217
148 259
40 82
48 125
62 211
63 116
128 167
115 221
15 156
28 33
227 282
7 93
194 222
142 238
67 135
94 130
101 133
211 268
257 276
196 197
4 97
121 286
244 277
135 259
172 177
88 293
166 180
171 209
34 123
73 221
22 247
145 211
165 245
152 194
17 196
37 75
28 238
135 287
129 141
35 135
16 252
135 159
19 189
164 286
4 118
130 262
94 143
206 223
183 216
99 115
183 194
36 45
74 138
20 63
157 276
81 172
280 298
121 189
172 223
199 223
165 223
208 262
54 140
44 65
17 61
3 17
38 70
218 290
139 143
174 298
28 122
174 230
146 226
74 130
144 145
24 105
22 260
36 69
170 268
169 232
37 151
82 112
68 151
9 72
34 156
25 232
17 248
166 177
188 232
170 177
211 212
199 297
146 211
79 143
88 132
136 162
17 142
130 136
216 258
15 294
99 139
71 117
146 184
122 128
192 284
171 250
134 199
119 237
125 138
120 189
33 66
39 126
61 269
96 146
84 188
105 278
208 275
136 240
79 130
7 10
169 291
224 227
175 290
87 288
156 186
27 290
170 222
71 142
198 209
232 271
155 217
185 278
34 116
76 169
56 211
171 248
68 103
216 229
7 231
30 152
241 254
223 283
26 100
147 277
15 70
35 54
120 195
152 161
178 186
181 227
211 232
90 249
146 248
6 121
127 131
190 276
160 187
148 299
133 213
186 218
12 193
18 251
120 289
48 108
29 59
138 211
220 261
53 56
82 200
210 215
141 260
111 249
21 56
45 60
150 196
180 206
215 272
144 240
104 178
11 102
269 274
24 210
191 276
2 254
2 19
82 118
92 247
65 152
20 285
32 34
212 268
88 222
49 67
1 284
91 153
1 248
27 210
126 148
84 178
3 286
137 295
41 272
38 150
118 159
2 12
94 98
19 269
161 268
178 240
20 241
61 119
15 170
81 195
166 288
142 199
129 176
51 152
237 278
131 160
86 261
50 144
30 150
25 69
141 145
125 134
187 215
30 76
37 42
24 106
153 206
77 195
68 126
213 290
176 286
101 260
13 235
153 157
189 239
136 151
61 227
26 74
168 203
192 194
91 165
221 271
126 130
125 270
22 267
254 260
199 211
8 44
221 238
8 170
216 272
108 122
210 261
112 223
192 196
141 222
126 143
165 177
122 278
28 148
64 115
90 256
84 173
103 243
180 298
1 198
131 161
25 278
215 236
16 114
15 199
117 209
151 233
275 283
174 268
160 227
40 49
18 272
83 103
56 70
126 133
11 235
16 130
116 295
190 194
147 268
177 266
221 222
14 263
203 230
125 179
13 182
7 284
26 94
46 62
20 276
253 256
84 160
114 222
130 234
37 54
228 288
107 175
193 232
26 246
56 81
167 198
83 180
2 291
24 290
232 264
270 290
240 268
8 172
110 247
119 224
122 158
40 75
54 149
24 76
180 202
211 283
16 135
18 35
131 267
80 87
66 144
148 151
107 179
8 274
23 210
144 161
213 244
245 280
228 247
45 48
20 222
189 205
83 102
35 44
29 72
109 293
169 269
97 196
61 71
71 123
82 156
17 190
146 219
146 242
89 193
76 83
24 111
181 213
17 47
197 260
211 226
106 156
143 160
100 262
56 296
31 44
180 300
201 277
44 71
165 288
255 278
189 259
68 74
232 288
94 107
130 160
195 210
84 135
33 240
194 242
236 298
101 288
13 246
273 286
73 173
74 102
63 148
196 269
103 142
10 290
4 160
44 160
187 274
223 280
29 45
286 290
82 262
229 277
154 189
283 289
153 214
30 73
79 174
188 208
232 242
138 300
89 133
114 122
134 215
17 45
193 247
170 213
18 160
186 257
140 150
189 210
6 95
172 283
90 160
69 75
147 179
274 279
208 244
19 291
20 198
87 199
7 26
4 83
185 209
185 222
30 61
178 231
252 277
7 281
39 64
48 65
131 176
198 276
263 286
82 119
165 295
161 250
272 274
37 149
95 200
84 224
71 116
177 289
236 300
2 226
54 272
247 289
197 208
78 99
22 105
24 211
8 84
5 268
195 268
49 69
177 204
115 191
48 128
56 95
193 283
83 141
63 123
133 136
182 261
169 227
199 238
173 174
176 300
92 195
208 211
18 37
8 291
21 186
131 260
161 214
4 48
288 298
113 287
278 291
78 184
17 76
119 270
130 242
81 115
37 83
85 130
209 217
33 115
33 41
216 264
79 129
21 156
82 88
194 264
205 269
59 269
124 199
2 283
241 282
238 281
86 115
117 172
5 294
11 205
267 292
193 291
151 194
134 177
26 238
173 217
50 121
137 147
160 254
209 237
23 198
222 237
191 247
148 207
77 99
84 105
113 262
31 74
201 256
73 83
11 236
149 156
119 166
233 260
73 106
94 112
2 194
141 177
185 245
76 171
200 216
76 239
173 201
129 145
104 141
168 186
50 69
51 114
37 76
123 142
41 141
103 185
208 248
186 191
215 228
67 222
189 206
22 227
38 132
12 128
84 118
59 151
75 122
14 256
25 45
182 241
283 288
263 285
166 223
21 87
39 120
129 286
8 287
38 57
155 180
245 273
148 186
24 179
28 45
124 253
92 132
29 114
64 65
48 66
27 153
152 196
33 49
22 161
175 276
171 186
232 289
223 262
74 215
56 119
77 94
252 268
179 196
111 188
23 230
39 40
76 81
55 150
43 73
240 241
20 178
104 244
32 46
26 249
16 173
222 227
100 223
131 259
35 157
177 256
215 230
58 64
180 183
106 139
171 228
17 140
164 216
9 119
146 158
108 260
251 260
267 268
204 290
188 291
49 141
80 288
180 214
29 52
67 122
171 220
179 208
130 276
141 157
215 231
200 247
7 117
186 285
187 196
46 71
80 99
128 299
201 288
144 147
26 244
125 132
48 283
151 284
160 225
57 130
59 223
148 211
191 263
167 250
105 286
28 274
11 185
188 222
124 146
26 161
82 254
33 124
254 277
13 223
2 6
223 244
182 283
241 288
13 98
234 276
129 185
6 65
59 115
230 268
36 72
130 137
125 242
213 228
171 176
169 224
266 268
10 204
31 46
13 115
8 185
147 211
188 274
212 277
7 265
182 211
19 100
63 131
8 65
77 119
157 244
88 242
45 155
31 159
150 206
87 131
147 184
5 231
84 292
222 234
127 176
219 291
146 255
264 274
1 119
147 150
3 157
124 300
90 211
76 93
113 222
130 269
78 148
35 73
102 160
248 261
35 159
69 155
163 269
12 283
180 231
121 241
66 159
89 291
59 76
133 251
52 130
37 91
215 264
40 66
165 209
154 196
174 207
189 213
128 186
193 284
127 250
155 236
208 243
8 175
239 298
129 148
190 283
131 174
151 278
52 143
17 130
29 147
113 201
6 274
27 117
148 209
171 183
7 14
132 156
90 248
34 42
122 236
153 155
28 56
59 123
195 274
165 232
30 35
9 14
164 215
262 290
137 154
28 143
138 155
122 136
201 284
261 273
7 81
130 271
16 179
68 108
53 75
64 229
204 227
30 57
221 242
213 289
235 247
167 213
226 261
5 256
190 247
13 172
69 123
222 224
197 215
149 152
33 58
172 222
115 201
129 205
28 130
180 228
176 263
195 215
149 196
146 262
130 289
231 238
131 258
117 146
111 134
81 117
180 256
160 205
267 298
95 225
256 270
195 230
121 260
202 241
82 94
77 84
146 175
190 288
198 221
174 282
113 137
89 262
160 283
44 132
89 117
102 204
106 185
18 47
263 274
111 121
83 196
47 151
144 186
64 103
263 275
173 179
4 250
130 152
71 154
132 162
154 246
56 204
140 144
118 238
91 122
221 249
174 203
8 216
15 33
1 147
9 210
15 160
29 117
197 221
13 21
198 290
69 128
263 287
115 280
226 241
219 278
194 202
138 141
47 130
67 72
105 121
15 68
125 253
2 246
35 133
221 265
13 212
29 142
138 269
115 138
94 119
77 247
16 229
97 271
7 11
77 177
123 236
114 124
76 92
99 134
194 258
161 204
191 245
14 25
221 244
10 84
215 249
262 263
131 201
28 58
192 290
41 64
160 280
10 17
119 232
190 208
166 268
9 59
155 291
109 122
170 284
87 115
193 269
241 271
194 289
196 220
194 290
47 63
153 167
72 137
26 185
95 173
181 221
231 264
142 158
63 129
45 147
15 161
73 75
232 253
167 211
95 293
98 222
210 213
160 243
30 149
202 260
21 70
163 284
57 152
180 269
248 288
48 100
92 290
135 229
99 204
15 253
147 152
102 132
76 148
136 292
8 113
267 299
89 122
108 202
194 271
51 189
209 281
132 142
23 234
238 299
55 152
2 74
14 269
15 256
189 273
106 147
1 153
17 185
237 238
146 198
114 290
213 285
141 221
57 102
70 125
90 174
189 233
146 300
259 288
93 195
49 152
228 276
104 116
263 273
69 146
146 280
187 213
229 274
133 160
191 250
233 263
245 285
91 278
177 200
45 135
209 211
82 100
123 292
117 134
106 249
224 232
3 244
103 257
19 26
26 254
18 261
32 103
76 260
197 286
45 148
221 246
209 226
256 277
103 120
111 160
1 267
137 150
61 153
84 101
69 151
230 269
6 201
127 209
76 237
260 271
54 126
84 107
77 82
42 152
28 203
102 269
11 83
7 19
168 250
57 272
127 184
182 213
183 250
196 239
162 196
144 209
148 214
55 146
25 140
244 286
11 243
136 236
124 269
46 145
178 203
115 223
31 156
102 131
129 137
13 133
229 284
62 145
269 277
86 221
4 26
37 65
228 291
11 34
14 20
28 39
253 268
65 297
17 102
181 250
193 196
240 261
85 153
195 200
224 288
145 148
42 135
223 278
199 295
8 117
58 253
32 40
79 162
21 211
177 229
56 186
61 126
118 125
247 280
37 162
4 141
154 213
106 262
58 130
67 116
199 274
35 162
10 16
28 50
100 244
180 200
92 99
68 159
258 274
15 257
121 160
17 24
245 267
250 278
202 288
127 296
105 177
125 155
50 141
116 150
7 193
167 223
47 57
28 244
76 241
81 131
193 211
205 213
97 115
247 250
31 37
289 298
2 234
189 197
17 161
173 190
185 216
119 266
214 240
42 49
47 103
65 71
25 295
3 59
203 228
86 173
8 279
70 160
214 245
195 298
39 156
203 240
254 263
197 263
222 280
189 191
15 214
127 133
56 73
123 300
153 297
76 157
211 225
208 222
19 27
152 217
6 100
7 8
32 71
22 106
224 283
19 24
128 152
121 196
264 277
119 234
177 252
28 141
83 247
24 112
102 152
189 298
38 48
189 252
99 291
4 249
132 137
183 215
173 220
93 300
263 283
213 272
79 185
78 262
15 295
80 131
95 240
227 249
47 158
205 241
2 15
77 248
48 288
37 180
40 146
227 266
84 283
189 277
194 272
79 252
71 127
130 151
18 175
114 214
131 179
15 17
97 291
183 227
71 97
7 57
121 277
182 245
186 282
103 157
222 249
48 273
208 229
135 198
137 144
218 274
22 256
44 82
243 269
195 277
214 290
175 288
20 244
147 175
225 268
210 223
162 251
87 290
171 277
24 28
63 95
48 156
2 242
109 133
111 273
128 217
173 267
58 126
99 112
239 274
22 215
39 116
23 209
2 243
115 186
199 263
109 137
189 246
40 196
34 162
89 102
236 290
186 252
111 116
44 217
102 163
223 285
187 222
227 260
125 230
196 224
74 160
241 275
46 127
59 164
61 140
20 21
84 201
216 227
94 185
80 276
78 133
135 155
95 260
68 186
176 277
7 259
130 157
145 184
81 177
199 290
1 203
81 247
113 154
58 235
209 279
21 219
204 263
76 203
64 135
7 241
107 298
194 259
191 269
62 161
181 276
145 260
135 279
222 283
216 236
84 93
154 159
90 244
35 194
223 271
189 204
104 196
204 256
46 48
208 224
199 292
227 257
11 200
107 273
203 270
182 209
146 172
20 78
49 143
19 285
71 114
13 194
107 189
63 151
7 62
210 245
142 206
67 114
107 209
48 91
49 135
227 231
8 285
123 294
59 66
25 59
98 103
124 147
147 196
200 291
125 182
123 199
168 196
155 299
18 148
82 248
200 256
71 110
152 238
237 260
247 255
106 138
28 142
82 203
7 25
170 276
15 236
43 64
237 290
124 125
28 54
192 203
26 154
153 209
36 156
48 146
18 253
11 267
28 284
209 214
7 119
135 178
130 299
132 217
40 148
260 275
134 179
115 160
131 143
31 145
3 28
51 155
31 40
166 277
188 194
16 256
162 202
41 156
178 208
41 143
89 131
154 199
126 217
275 284
24 273
79 116
236 291
185 213
192 227
34 70
138 148
207 268
85 244
162 279
5 175
208 218
170 221
200 203
82 132
51 122
94 100
76 98
89 256
20 231
71 145
91 263
50 52
44 83
106 200
185 260
128 249
185 194
27 80
177 205
177 184
6 294
99 286
1 168
153 291
105 195
59 122
138 291
50 53
134 188
194 220
82 86
1 300
9 189
223 235
156 199
44 47
75 299
134 193
216 298
241 242
76 138
11 259
130 191
1 182
87 191
138 161
247 254
18 130
98 240
78 273
195 229
147 177
189 238
47 283
59 65
260 273
118 248
49 126
7 224
122 204
247 267
67 148
245 289
86 117
85 100
66 138
196 299
85 141
4 216
222 232
44 151
280 290
174 189
207 213
87 289
213 260
4 102
191 241
87 111
161 206
250 251
25 296
13 198
103 126
218 288
202 208
185 287
133 137
39 44
146 207
123 146
137 142
202 221
74 147
177 227
165 263
146 212
160 256
64 160
26 293
168 269
269 275
146 270
30 222
4 24
8 21
27 203
85 186
121 125
137 148
268 282
57 75
20 56
267 283
87 192
4 145
97 133
152 209
84 148
117 173
42 69
186 288
269 287
216 246
117 192
67 136
128 135
52 68
247 277
30 52
175 293
62 139
173 175
18 122
17 189
69 145
181 269
150 159
61 64
140 153
66 150
18 28
146 156
130 254
193 293
49 72
227 269
20 161
262 269
73 189
121 144
178 283
146 179
152 299
122 167
32 161
25 209
260 279
2 129
74 80
241 273
25 189
161 249
67 146
218 283
130 257
239 245
146 151
201 208
34 51
139 188
98 290
176 256
1 170
11 153
222 286
10 292
216 257
15 206
135 278
2 47
146 266
40 71
49 61
34 209
173 218
243 268
76 77
62 127
283 294
36 211
14 68
13 222
65 157
3 232
125 238
127 147
259 283
236 256
131 181
111 207
63 125
211 213
160 218
9 296
132 160
7 167
9 269
91 281
215 225
135 299
10 285
167 208
183 277
134 290
171 239
216 252
63 102
134 288
98 221
49 292
61 75
194 252
113 115
70 153
210 222
125 219
88 292
20 59
154 188
222 254
25 192
225 299
213 271
144 211
142 240
157 161
57 115
113 219
228 256
202 250
196 252
246 277
179 268
79 82
223 239
138 162
241 262
136 160
87 100
99 244
216 265
210 274
174 300
233 237
206 286
293 296
219 233
33 94
17 171
99 138
261 263
85 103
75 160
131 228
198 261
28 119
213 248
37 104
46 60
199 294
135 242
138 153
175 215
135 219
241 279
221 245
19 210
227 264
103 136
126 141
143 222
195 261
15 297
16 160
192 269
45 124
250 289
76 88
7 135
108 276
238 257
104 212
169 186
36 129
149 224
193 277
27 253
128 157
120 180
177 248
129 243
99 248
179 203
247 249
65 125
166 278
16 165
5 238
13 288
99 103
11 178
102 104
168 299
44 248
115 209
103 116
263 277
169 286
150 186
17 21
20 223
12 190
17 124
153 236
18 225
119 181
20 261
11 218
156 292
222 251
114 119
195 202
26 105
33 74
143 145
260 287
136 300
8 243
13 83
113 131
75 151
167 247
27 121
212 250
158 240
97 289
59 137
128 278
82 123
118 209
257 264
17 216
114 123
173 258
8 91
125 161
35 68
123 154
171 238
189 250
34 102
118 278
166 186
16 215
7 179
146 186
7 22
164 232
198 241
130 145
29 48
72 162
52 56
74 144
57 67
37 63
87 200
195 227
260 262
235 292
157 215
253 261
109 148
153 156
287 298
77 244
266 283
2 184
8 202
122 251
129 299
8 76
9 193
148 241
179 261
46 129
111 147
250 298
146 269
54 72
18 59
87 133
131 172
167 283
43 272
26 260
30 117
18 275
221 289
203 288
87 104
71 92
52 161
147 208
97 189
68 267
168 208
87 201
59 116
94 248
46 128
248 274
227 246
83 174
280 291
69 71
257 284
241 265
168 241
256 263
18 241
37 70
84 291
2 23
4 130
154 179
222 233
218 222
63 140
110 173
171 178
166 286
43 144
88 270
216 238
173 281
129 190
122 157
121 136
222 239
98 289
123 299
12 267
164 288
139 161
255 256
52 65
106 293
28 46
62 94
186 289
84 240
133 159
141 240
2 26
33 43
86 240
116 296
8 192
239 241
46 141
195 282
129 250
212 291
152 160
189 192
115 116
92 257
177 278
79 141
45 117
134 136
28 154
109 141
186 195
115 152
140 148
4 247
11 210
16 196
11 250
122 154
39 73
34 104
131 218
163 232
45 141
71 177
195 281
100 259
105 116
95 248
73 116
67 211
142 154
136 141
231 261
2 17
205 221
139 141
132 202
191 291
234 261
37 130
256 288
37 86
222 262
78 207
87 117
212 215
255 288
226 274
47 61
185 189
117 136
215 280
24 124
33 134
153 208
66 147
220 284
207 263
194 247
79 133
216 276
263 288
205 222
17 186
21 150
135 209
296 298
175 195
176 194
108 119
150 155
42 155
60 135
81 116
194 257
229 250
131 156
177 201
76 103
30 71
41 128
15 292
120 260
18 260
118 217
223 241
131 150
33 83
22 232
59 125
212 223
34 40
185 195
291 293
153 233
27 244
35 173
47 160
13 166
120 290
8 251
184 196
139 246
50 74
232 285
171 215
105 250
190 268
23 283
147 194
164 245
56 64
64 84
122 274
231 291
51 157
133 145
200 223
204 223
21 198
171 252
125 187
173 216
221 241
2 201
4 81
93 243
64 137
75 211
34 49
61 209
204 247
239 260
117 147
173 271
60 61
11 251
291 299
168 283
265 283
40 41
12 21
18 72
221 285
22 209
151 170
82 150
196 211
17 74
172 264
76 299
154 158
121 244
204 216
175 264
35 158
45 51
231 288
37 58
238 266
84 209
291 297
115 121
95 291
124 174
220 268
113 180
18 280
224 256
148 283
83 217
234 245
82 114
213 263
256 281
196 225
30 40
38 125
125 142
177 280
86 200
35 151
210 283
125 145
134 141
76 86
160 192
143 162
103 106
200 245
18 223
56 267
98 276
36 127
146 235
222 270
178 294
48 149
54 262
168 173
222 252
196 248
5 123
65 143
243 290
163 283
44 139
131 151
184 261
67 117
198 278
141 152
170 173
37 222
91 192
3 241
45 68
122 140
208 257
173 225
211 215
10 233
198 247
151 189
86 180
158 161
119 221
30 103
162 168
144 190
89 209
141 154
257 268
187 189
215 271
126 276
114 129
3 79
36 61
134 256
37 69
235 256
173 251
190 256
35 296
147 157
186 249
43 148
125 254
223 254
121 256
74 261
117 240
17 33
170 241
180 253
90 102
166 245
33 82
56 103
59 94
31 296
119 164
208 265
153 159
131 149
50 152
128 147
114 202
35 268
248 256
123 125
220 277
143 238
39 45
96 293
72 94
90 150
14 16
76 181
197 288
25 293
173 264
26 298
99 117
75 83
122 293
57 300
28 196
177 262
128 214
48 195
250 256
56 228
46 126
10 14
171 260
225 256
185 238
1 234
144 160
232 260
111 175
128 148
28 162
5 300
106 158
199 299
211 237
270 284
151 251
208 210
49 148
191 208
151 152
83 148
109 131
5 65
98 214
12 242
227 230
85 246
62 293
82 300
128 156
2 268
242 250
20 57
199 241
213 262
135 255
157 267
135 250
156 158
7 290
178 276
130 259
39 124
180 252
16 105
87 258
76 197
260 286
256 280
163 208
169 250
178 216
79 126
140 240
41 122
96 133
177 275
193 256
39 295
76 274
11 198
198 217
99 121
45 95
150 151
81 133
153 185
113 289
34 138
4 5
114 134
170 260
58 128
148 278
117 289
167 291
73 244
128 153
279 299
73 117
35 272
208 240
179 284
184 256
70 114
108 150
22 177
22 179
221 277
35 42
135 271
223 251
211 249
208 220
59 213
171 262
66 152
3 204
85 121
28 295
42 146
243 274
66 139
209 244
13 168
37 128
48 155
241 255
18 202
252 283
200 268
48 223
214 274
132 145
34 141
113 178
40 58
145 146
203 233
3 133
21 243
130 186
196 240
225 241
22 223
13 249
63 269
181 209
156 159
173 257
125 197
270 278
127 174
82 131
36 222
20 248
4 11
14 22
249 286
93 271
138 149
204 276
32 57
123 161
82 155
121 203
213 222
169 263
250 287
73 160
33 36
105 293
225 284
254 290
71 221
57 161
84 276
7 103
14 253
218 227
88 180
146 222
203 219
105 174
182 284
257 274
169 195
293 295
130 296
47 71
114 178
92 185
24 35
196 255
51 72
149 236
6 285
191 283
170 278
56 94
95 180
147 222
7 20
219 256
36 135
170 209
18 213
17 103
164 278
63 161
208 290
135 281
145 153
185 215
204 221
137 157
62 300
43 147
149 176
196 263
63 66
20 166
21 201
186 234
18 296
206 260
8 294
166 216
135 186
255 260
258 269
196 249
101 293
192 263
200 288
195 224
81 159
138 151
131 230
8 199
218 245
131 298
149 150
230 240
103 153
9 182
195 272
13 195
215 252
92 222
102 185
108 195
112 180
74 154
196 266
133 232
18 182
99 160
71 77
70 148
122 156
112 121
5 59
125 201
175 260
161 208
225 277
44 147
4 147
193 261
269 286
15 113
177 254
194 217
189 224
47 272
80 116
28 40
2 183
197 277
6 182
10 21
1 100
61 148
13 189
22 210
203 224
223 266
94 150
190 269
81 216
139 250
208 270
61 261
8 161
124 217
81 122
22 173
205 247
238 248
42 211
111 222
26 133
215 237
9 280
100 195
63 114
161 300
213 254
285 286
99 237
4 13
183 213
83 130
211 269
203 204
94 114
131 188
15 267
245 266
15 63
129 278
8 283
198 245
139 157
25 170
205 215
50 73
40 294
30 115
49 144
62 149
64 148
169 187
1 173
53 62
78 100
245 249
34 103
26 182
196 270
20 47
216 224
173 246
21 277
226 291
18 194
133 206
171 217
179 277
212 260
250 279
166 195
257 299
2 282
106 151
268 275
34 274
11 191
122 162
119 247
17 123
285 298
175 216
168 276
107 217
64 67
181 211
18 210
121 146
189 293
101 193
84 111
171 254
36 49
297 298
171 232
63 76
129 206
111 246
145 152
82 124
128 129
52 67
36 157
58 122
283 290
237 261
56 283
216 281
169 216
261 272
30 139
174 227
160 268
24 100
16 223
90 246
3 296
192 213
13 204
186 216
194 212
55 80
242 263
113 208
50 129
148 286
40 128
221 239
13 107
207 277
134 154
172 274
72 141
21 166
223 281
65 292
55 272
215 235
161 283
76 283
52 144
157 160
91 265
193 215
109 217
293 298
188 203
260 299
190 203
173 252
256 276
224 269
127 141
284 289
50 217
125 198
265 286
207 269
214 237
55 114
200 209
118 240
53 272
66 103
27 291
51 57
115 254
47 145
160 244
24 129
164 211
10 147
212 241
37 50
148 270
3 81
6 17
193 274
125 224
96 222
85 102
152 211
194 249
90 298
166 211
122 132
121 195
126 156
98 235
84 109
258 298
38 64
68 140
70 145
166 238
85 249
89 278
83 178
99 223
3 14
135 270
8 88
242 284
128 269
119 179
63 145
6 153
40 115
9 248
173 228
134 195
75 139
41 129
21 274
84 297
247 298
34 152
34 54
162 240
135 168
224 285
135 265
222 271
161 199
157 176
103 148
25 49
257 286
101 115
173 230
45 151
2 300
106 276
85 159
75 162
32 61
141 217
157 194
21 222
187 256
27 124
178 290
272 276
116 157
202 216
111 250
6 238
90 188
42 145
231 276
279 291
130 139
57 94
242 286
50 71
10 129
14 198
171 188
8 263
99 239
213 269
218 291
98 177
210 216
165 247
177 277
91 102
35 72
121 123
49 146
122 142
232 290
160 278
119 242
79 99
154 296
104 217
31 135
191 274
186 246
58 124
27 154
210 276
75 115
51 115
68 92
259 268
3 110
248 277
245 270
146 271
89 211
250 258
171 206
16 241
133 217
221 259
232 256
76 245
154 223
207 227
11 161
148 229
254 256
85 216
125 281
49 129
101 188
28 194
135 273
30 114
142 155
203 285
8 93
93 238
221 286
184 232
115 261
70 130
157 224
181 274
153 250
48 118
79 240
213 249
209 216
33 123
165 188
154 157
102 276
26 89
57 74
31 61
3 211
176 296
223 261
276 291
153 202
15 190
20 99
213 266
99 216
163 276
24 223
28 51
82 161
22 101
13 27
8 244
160 183
131 246
281 297
144 217
135 185
186 201
22 115
177 234
9 247
95 256
234 247
195 226
140 299
238 263
224 277
124 161
187 231
209 257
160 257
97 103
177 197
172 227
129 131
102 137
195 239
43 159
177 183
102 169
266 277
101 119
283 296
173 233
26 97
11 98
65 82
37 89
76 153
106 179
28 137
120 251
91 291
90 231
185 274
109 248
194 204
195 240
82 109
208 228
47 156
175 250
47 73
19 65
135 191
266 269
194 269
35 126
12 175
246 274
154 175
79 262
8 168
87 160
114 142
4 223
16 116
130 295
189 222
133 149
177 181
59 261
84 219
213 270
82 198
2 275
71 160
238 283
222 244
95 141
115 262
261 275
9 254
32 52
61 143
16 209
44 106
40 132
227 252
104 221
76 238
37 136
21 23
211 221
192 276
34 261
168 178
154 229
34 157
4 193
211 217
37 134
212 245
15 48
2 199
26 115
7 40
32 222
99 152
48 64
50 142
115 122
125 156
122 185
111 133
93 154
49 68
44 114
69 124
41 71
171 272
34 36
76 102
240 264
271 283
237 274
148 178
26 111
96 115
44 123
147 173
95 269
1 102
238 243
170 286
89 188
83 293
42 148
135 145
195 205
126 240
245 258
57 103
24 229
238 298
96 117
87 89
106 286
175 245
133 173
244 247
218 284
214 238
59 121
8 86
106 222
167 261
35 139
25 285
194 278
73 140
279 284
91 248
197 278
259 290
146 188
174 186
99 135
59 182
138 217
196 256
13 145
30 34
153 190
198 299
146 193
102 111
34 99
267 297
86 116
247 271
89 138
34 215
279 300
257 294
132 168
204 213
187 284
197 247
102 118
134 156
223 273
113 278
60 82
92 116
18 295
27 88
223 240
22 196
36 147
13 262
149 154
173 234
125 184
138 146
211 247
198 268
146 243
21 63
256 262
153 174
49 71
24 78
19 25
267 284
212 288
60 139
33 158
210 221
146 227
180 190
12 248
276 290
32 152
119 231
131 183
71 98
228 283
31 45
119 233
243 291
49 136
20 214
271 286
205 250
22 129
82 285
179 227
223 226
195 258
133 146
206 250
133 279
171 258
161 251
256 286
11 175
27 295
152 167
217 245
3 267
35 55
223 287
230 263
221 257
50 111
181 208
163 250
169 208
91 226
241 270
187 246
160 300
169 288
216 282
171 193
17 37
202 238
147 151
84 288
188 250
26 213
23 227
217 291
27 284
130 298
106 175
91 130
194 195
96 119
41 82
135 137
37 74
132 135
136 153
116 152
283 300
102 109
79 247
153 173
187 227
42 156
163 177
121 215
61 72
16 186
88 244
62 121
180 251
215 285
40 151
8 95
208 271
218 256
66 74
102 213
258 263
6 227
86 141
69 141
203 236
108 225
24 189
46 54
5 173
163 213
33 141
129 139
48 109
17 63
177 249
51 113
94 234
36 37
79 280
178 241
132 140
7 104
99 268
45 129
24 213
99 118
116 135
87 244
238 288
147 293
40 160
183 209
45 47
103 104
95 195
240 276
11 199
104 248
121 232
119 259
156 162
93 119
24 195
183 284
180 281
146 160
260 270
128 141
96 263
268 285
219 223
178 184
48 122
84 91
51 69
56 159
37 57
253 274
171 190
124 181
87 204
21 181
108 212
254 269
11 226
44 146
97 122
29 130
42 162
95 209
180 193
175 283
103 281
19 20
125 137
195 218
201 268
58 272
13 105
23 269
83 209
49 151
14 234
7 44
228 232
177 219
57 58
27 168
164 177
5 295
35 241
252 298
104 211
28 68
100 154
20 274
48 49
89 286
123 227
73 151
77 174
174 270
5 134
75 124
23 215
146 273
11 283
2 153
17 42
218 238
214 284
23 185
12 219
185 298
48 55
242 283
118 137
98 117
126 174
24 207
134 174
108 262
16 78
86 217
2 248
232 282
178 189
117 144
238 239
162 238
202 297
201 203
195 265
131 165
258 286
56 223
17 34
153 241
148 281
160 199
161 245
40 50
221 255
74 268
213 220
148 271
132 283
276 282
126 184
11 247
159 195
117 216
30 80
173 206
159 199
222 245
24 101
54 119
176 186
177 188
227 248
14 27
141 216
60 64
34 75
194 234
213 251
38 149
222 255
87 222
199 283
14 296
116 240
65 138
9 154
139 152
64 209
186 253
71 247
198 297
62 81
42 132
234 277
109 288
122 235
219 274
170 274
13 209
131 257
186 236
252 290
160 273
209 273
183 222
177 264
233 276
211 248
40 114
37 157
182 260
160 161
99 137
122 150
48 62
102 282
22 175
91 283
11 68
178 238
94 109
125 200
133 269
193 233
57 143
51 127
19 223
188 227
195 285
24 267
117 159
39 71
97 247
229 260
214 295
238 295
102 214
194 279
267 295
20 259
67 260
135 297
182 278
232 269
79 87
19 87
133 243
204 269
247 258
189 254
68 128
86 188
10 54
72 135
240 260
255 284
127 177
196 298
78 216
173 283
24 214
182 247
35 148
129 291
74 284
118 293
258 278
153 260
130 149
28 52
40 68
20 154
160 209
140 152
117 199
263 284
241 251
46 134
101 195
24 298
135 175
1 233
222 235
28 145
63 155
146 159
46 102
96 216
220 227
60 147
37 61
211 254
181 232
48 92
125 298
4 77
136 139
84 119
146 183
5 241
165 189
52 299
184 235
73 299
115 263
59 244
83 119
246 290
98 203
33 211
119 156
102 298
208 242
24 67
261 283
199 215
102 151
146 265
194 210
180 207
186 260
177 231
178 194
101 189
232 244
125 192
176 211
7 273
37 46
42 44
215 218
10 267
148 225
164 247
171 172
40 211
69 74
39 222
208 281
25 56
37 160
261 278
77 116
200 267
119 238
177 194
11 254
226 269
116 120
70 155
42 128
177 230
229 241
1 110
131 280
110 116
26 215
15 132
175 299
197 232
160 259
221 237
131 193
51 70
45 61
48 50
58 158
247 261
100 276
135 189
130 184
232 249
88 294
224 286
199 208
79 177
75 102
179 288
16 221
215 234
16 245
134 246
184 192
242 245
213 230
70 140
40 67
142 236
46 293
102 196
196 205
86 248
126 157
87 251
2 279
189 251
48 138
199 261
195 266
80 117
72 116
67 157
208 226
133 209
41 132
121 246
13 193
26 191
256 259
120 160
267 276
125 150
5 260
104 122
234 298
49 296
238 269
181 300
24 192
82 240
38 52
143 154
11 182
94 152
78 246
41 57
101 174
45 126
99 101
48 95
21 59
33 208
43 63
140 269
223 272
252 276
135 293
185 221
204 215
154 256
253 286
171 234
223 237
133 162
83 115
42 46
172 203
51 53
119 163
152 213
208 283
164 227
115 137
112 148
168 189
15 269
130 207
196 272
292 293
114 223
203 255
107 231
136 251
130 134
65 141
212 290
68 222
263 266
165 269
193 278
171 242
168 263
11 225
13 271
203 253
216 237
67 73
3 16
189 287
153 160
103 262
117 248
43 74
48 133
141 162
134 143
103 117
92 221
29 57
168 195
245 252
35 52
16 125
248 278
24 215
39 145
13 211
206 288
281 283
43 142
4 107
39 53
201 276
189 262
148 257
203 266
114 147
19 84
181 263
12 165
145 188
211 241
131 291
148 150
112 174
131 164
208 223
227 263
25 115
222 279
95 202
287 290
249 283
124 291
5 269
220 260
21 291
269 291
45 76
1 154
21 286
71 189
211 262
247 275
28 66
161 294
2 217
203 234
187 268
226 260
142 190
96 102
20 147
18 76
251 269
235 278
213 224
26 221
270 288
130 282
25 37
99 169
87 257
25 68
35 144
186 222
196 221
13 248
227 290
196 251
45 211
287 291
108 291
250 266
227 300
177 235
245 253
63 160
73 192
119 201
139 150
131 289
202 284
3 86
15 262
148 265
20 93
218 268
236 245
249 250
31 144
59 62
201 269
9 198
17 40
127 161
235 260
272 278
154 249
15 228
11 262
1 14
18 198
32 35
137 161
58 61
89 174
177 298
64 98
114 148
148 287
35 36
211 252
93 244
148 192
184 299
167 200
15 114
248 284
125 287
45 114
209 239
162 209
34 106
59 186
143 174
87 246
75 222
91 142
119 189
146 174
37 211
42 82
194 243
94 108
24 249
56 137
53 65
175 203
57 157
125 262
148 289
164 284
13 221
1 35
114 157
99 174
138 236
143 240
169 276
69 160
76 215
135 140
151 240
86 288
40 238
109 196
7 275
105 153
220 291
232 281
163 278
74 82
26 198
130 138
193 216
193 230
206 277
125 246
103 171
7 217
64 125
146 201
78 141
274 288
3 100
245 260
207 274
177 236
79 223
61 173
148 223
143 291
4 134
12 166
79 138
135 153
61 238
251 290
183 247
13 74
17 31
236 261
211 280
165 261
54 159
61 69
167 290
99 202
188 241
161 284
20 153
15 203
171 185
108 271
223 230
125 285
29 49
220 288
37 118
44 113
117 217
56 295
47 82
191 223
131 169
6 292
223 265
256 297
185 290
132 209
160 279
241 272
62 235
202 213
277 289
91 94
122 123
34 63
160 238
220 286
85 99
213 257
219 298
79 160
10 201
173 240
68 115
176 227
79 224
177 286
28 49
148 269
83 177
3 13
65 87
42 61
23 200
23 204
15 159
134 142
44 158
68 76
213 237
18 135
27 100
70 137
73 200
82 128
126 147
48 123
65 131
119 235
30 46
75 145
74 203
221 240
163 286
73 114
119 176
274 282
49 283
15 147
89 244
28 75
94 242
254 299
190 286
38 71
3 4
48 81
43 299
130 215
8 231
122 153
51 141
160 178
188 283
183 221
1 40
10 181
172 208
80 174
75 128
13 90
33 129
127 129
257 261
95 266
37 51
23 284
155 276
18 203
187 260
226 268
11 223
34 148
13 258
28 41
225 238
95 151
166 232
1 295
223 264
100 117
131 292
132 158
27 95
54 61
133 155
196 285
219 238
78 180
87 259
36 150
82 90
206 268
103 199
272 277
187 272
91 173
13 247
47 225
193 208
184 268
72 147
18 191
79 288
76 125
82 121
244 276
195 204
37 137
171 204
98 270
99 157
205 290
257 277
114 139
202 268
279 290
35 114
104 185
227 267
166 261
212 247
211 223
207 261
160 228
96 130
146 164
29 146
215 246
177 245
18 159
95 267
133 144
89 178
152 282
127 298
184 259
124 227
266 274
37 40
81 174
48 229
75 123
13 283
20 66
125 243
171 189
204 209
17 200
64 288
7 222
85 180
64 208
23 290
167 274
201 250
184 223
78 250
213 239
53 103
74 146
194 262
40 298
15 54
120 221
192 256
8 188
188 238
98 148
70 299
103 249
171 271
24 293
232 263
34 245
166 222
248 283
62 71
93 117
116 119
211 259
18 216
31 59
8 94
187 241
99 240
19 208
27 209
99 131
70 91
8 189
211 258
208 288
238 264
196 247
135 282
40 60
26 247
2 269
68 162
79 299
215 222
91 134
66 72
32 73
275 290
111 286
171 289
144 153
235 245
223 293
9 244
190 245
56 71
54 117
139 147
82 276
224 245
96 163
171 216
164 263
25 210
63 149
245 279
232 273
253 278
121 245
94 142
65 73
3 292
125 153
206 232
140 217
286 288
63 74
76 234
237 256
109 235
84 98
102 164
34 208
245 272
166 283
161 264
56 189
249 284
13 129
116 148
227 228
115 151
40 65
103 172
173 207
11 211
207 245
120 133
256 257
125 140
153 184
63 137
121 149
179 283
226 263
195 238
3 120
37 148
135 141
22 249
187 269
113 196
99 274
40 122
135 233
163 222
91 261
167 186
55 142
261 298
47 222
215 216
133 241
35 160
177 271
34 65
5 188
100 288
209 233
6 101
237 241
266 286
33 209
187 277
257 269
76 164
115 132
223 243
111 139
138 159
34 69
24 175
84 266
198 215
119 254
281 299
90 207
235 288
14 211
68 137
24 221
223 234
45 65
13 280
179 286
227 256
131 224
115 219
35 67
77 288
18 143
224 261
213 267
263 281
247 270
228 264
176 290
98 130
124 157
268 283
34 45
8 100
84 104
137 278
46 116
27 285
129 196
294 298
21 200
19 283
108 116
83 271
248 263
145 209
134 190
95 99
133 205
167 241
129 261
173 266
160 276
121 151
9 228
25 35
131 141
125 259
225 276
2 189
177 267
209 272
90 117
203 206
178 223
34 158
135 158
114 117
195 243
18 62
84 172
170 203
185 241
94 110
276 278
123 136
167 227
77 293
82 209
114 127
115 256
86 260
82 127
232 235
3 102
172 232
88 102
20 76
48 72
110 288
176 232
182 268
63 134
206 283
281 288
115 188
195 228
20 291
194 254
115 131
171 251
197 256
152 222
166 208
11 193
229 261
24 291
262 298
89 156
108 299
44 137
206 245
27 129
131 244
120 271
11 280
180 238
146 169
11 229
131 254
115 194
146 295
113 151
82 91
5 14
191 260
163 291
209 275
28 126
68 71
199 288
89 229
131 282
72 272
7 115
102 291
244 256
135 197
71 75
94 95
209 251
7 23
91 272
173 187
117 132
129 295
174 258
29 70
145 240
147 186
92 178
99 232
13 16
146 229
40 62
71 139
76 78
37 140
139 148
250 270
275 298
7 187
211 229
130 181
123 256
121 150
12 72
18 21
113 237
2 220
24 170
158 299
253 288
4 10
33 155
35 295
9 185
95 122
62 64
91 300
31 35
179 245
86 241
58 162
2 230
195 257
169 274
34 59
16 227
125 225
201 263
209 252
273 290
260 267
47 126
80 221
136 149
168 295
87 256
10 34
131 192
37 79
94 111
53 74
2 27
97 260
7 195
89 147
15 47
258 288
99 102
149 190
11 237
1 88
211 251
131 207
25 119
263 293
18 138
68 100
168 284
37 139
119 188
87 153
90 94
221 254
71 290
143 227
28 277
154 209
211 271
89 146
5 180
1 244
94 258
173 280
213 247
224 274
125 193
78 103
112 116
46 65
185 196
161 215
277 287
187 288
26 101
200 227
32 53
189 220
29 144
73 81
21 193
293 299
29 74
208 273
119 262
180 236
8 237
112 229
183 299
178 277
88 291
206 208
245 251
120 291
268 290
60 148
130 227
125 175
130 164
34 117
231 256
268 288
76 110
206 263
189 289
211 289
24 247
148 166
87 174
84 86
200 290
122 135
130 166
66 162
118 211
121 238
149 299
6 147
165 208
11 189
258 268
72 124
211 264
238 258
119 183
131 231
96 99
34 145
195 264
174 261
65 135
291 292
120 177
106 273
121 140
275 291
98 133
189 190
10 291
8 183
104 117
50 150
3 80
198 222
241 267
1 106
237 298
251 276
286 298
205 209
63 82
186 207
17 66
51 135
190 263
99 283
102 186
100 267
168 238
239 294
39 57
61 122
216 285
176 260
189 211
103 240
111 248
17 255
34 238
13 185
50 136
133 138
188 245
239 283
167 245
99 146
201 286
221 230
116 146
7 27
50 143
137 138
243 276
18 56
236 238
99 122
98 102
76 123
242 276
11 214
56 72
35 71
61 146
20 296
217 286
93 177
177 226
241 287
57 235
153 180
174 241
189 255
161 205
148 169
47 53
173 263
11 202
183 256
58 180
28 160
178 263
107 116
81 84
189 203
223 259
76 149
172 189
122 213
15 65
89 202
192 209
49 55
47 70
83 158
130 167
198 260
16 87
27 248
216 267
131 147
247 284
240 291
71 111
177 263
108 290
147 249
17 27
38 84
13 254
195 269
223 277
129 202
66 157
180 266
88 130
172 195
102 117
204 286
15 37
131 266
176 208
2 137
164 189
132 185
143 209
124 194
11 177
68 149
173 199
242 269
176 241
186 244
145 156
53 150
49 157
246 278
203 289
40 140
165 283
206 274
6 119
79 218
125 163
148 165
29 129
162 275
218 261
265 276
130 209
125 188
185 232
197 268
96 180
34 68
196 275
92 260
45 55
17 39
25 223
16 271
129 149
131 234
241 281
182 256
59 196
223 224
196 271
265 277
209 240
7 266
26 80
195 236
93 272
10 100
155 198
43 71
167 232
211 253
135 222
4 22
153 176
82 89
37 56
99 208
74 129
174 208
66 69
15 84
34 100
244 288
69 102
87 238
264 269
194 205
55 156
195 207
127 136
63 295
24 216
177 225
211 255
5 208
52 142
182 194
25 204
16 286
128 251
220 221
16 267
123 150
51 80
54 64
44 51
48 93
76 272
82 110
142 162
55 79
90 184
7 80
37 81
137 217
161 297
104 260
213 287
31 69
5 122
26 189
180 257
191 238
103 152
74 300
11 118
175 194
61 211
203 207
224 291
171 177
2 8
24 182
34 71
222 247
68 145
117 267
71 86
216 277
93 259
125 166
114 152
172 194
148 194
71 106
61 65
243 256
71 83
17 44
51 52
243 260
10 56
72 146
136 155
204 245
125 164
35 235
164 277
222 259
73 74
272 290
88 133
186 256
83 260
288 289
118 146
260 281
161 233
219 290
53 61
40 283
3 189
130 193
274 290
101 122
132 221
261 271
216 284
61 144
213 216
30 63
146 282
76 100
11 165
2 299
5 249
262 286
189 208
164 269
28 135
83 262
222 277
171 287
230 247
153 158
48 111
86 290
91 200
42 64
100 291
177 261
152 227
32 142
133 275
16 208
96 177
38 63
111 117
61 154
40 126
15 122
163 247
108 221
52 62
211 214
207 256
130 225
134 224
238 262
184 215
76 253
264 288
47 122
126 209
39 211
82 291
34 131
165 211
20 68
157 227
215 267
173 200
221 269
209 234
6 203
187 263
76 112
129 134
276 279
126 129
24 256
40 125
99 148
24 246
187 232
39 72
96 174
30 148
139 240
147 232
271 298
122 137
238 246
37 124
241 243
35 138
174 278
125 257
178 221
5 283
113 199
215 279
139 153
251 278
63 71
146 192
132 172
182 189
274 283
233 286
135 204
29 186
127 300
251 283
149 275
35 208
11 168
128 205
178 222
13 111
195 278
94 265
111 262
186 269
166 171
61 70
70 123
59 149
169 171
86 102
102 130
193 288
261 290
153 278
269 281
77 103
134 176
127 156
11 192
135 170
82 105
121 143
22 238
52 141
28 209
121 284
200 250
89 119
238 249
55 211
141 147
153 203
14 56
207 215
98 209
3 108
24 227
102 143
73 123
125 292
163 194
5 99
61 73
16 247
133 176
60 146
37 52
117 125
77 115
216 255
166 209
91 123
121 130
73 126
35 47
132 211
34 38
20 255
8 154
17 278
8 17
250 260
56 213
5 214
225 288
157 186
138 140
80 159
70 135
11 253
99 279
72 123
91 131
131 285
3 21
43 136
179 209
24 231
43 146
140 157
183 195
146 150
70 126
34 58
91 262
156 209
160 174
107 262
26 285
37 62
59 61
16 283
67 70
187 290
76 79
119 202
99 262
35 134
181 245
110 276
89 145
129 174
93 159
276 281
110 222
71 162
183 189
129 151
136 161
133 284
272 295
2 224
242 268
21 250
226 256
171 241
5 261
45 291
66 117
174 246
160 240
22 268
123 129
157 185
215 260
4 104
28 150
230 286
91 275
76 117
50 61
24 260
131 283
227 243
212 278
200 208
123 209
89 214
121 135
76 108
26 61
104 293
79 183
237 291
171 292
117 291
197 290
114 156
34 37
157 223
216 226
48 144
227 229
92 160
18 291
194 226
33 42
39 269
5 232
165 286
4 169
8 56
247 252
16 222
84 117
102 108
22 107
35 250
119 178
208 251
71 80
203 242
245 246
171 253
152 155
203 243
79 103
244 290
196 226
212 298
11 84
74 124
146 149
48 63
247 269
189 272
59 140
173 198
131 154
238 254
37 41
203 229
135 156
208 267
233 274
30 136
236 299
154 247
15 241
7 84
255 290
46 151
38 148
124 142
181 290
24 185
108 293
18 248
221 224
8 16
26 108
116 276
33 60
196 287
89 149
31 127
82 189
84 258
3 82
82 87
117 263
136 299
160 214
148 196
160 294
63 162
103 108
185 247
109 222
225 260
105 141
129 268
132 150
238 273
245 290
30 69
184 185
49 52
11 28
59 74
12 223
13 219
15 178
131 196
146 275
89 94
25 101
24 115
110 132
126 150
201 283
53 60
28 47
11 278
68 72
162 206
75 113
151 223
128 199
2 255
183 269
134 269
135 138
83 99
205 284
142 159
168 221
15 261
208 259
207 290
30 83
232 252
81 189
204 278
38 147
32 127
135 162
250 285
135 239
180 246
13 263
125 183
147 261
260 276
63 106
200 283
19 21
48 162
130 210
133 141
151 157
55 138
171 229
117 119
237 247
13 78
178 245
220 250
135 236
79 269
223 274
60 117
125 141
245 287
43 114
175 261
11 204
4 120
152 295
118 262
50 72
7 9
53 152
18 236
228 250
88 226
202 256
11 183
33 130
34 173
192 208
21 152
147 240
6 21
35 232
173 275
128 154
75 121
20 293
74 291
32 49
173 285
106 130
129 284
146 279
71 144
84 94
160 281
20 268
48 137
203 247
216 274
228 274
240 245
133 174
2 292
15 183
129 142
45 54
197 274
7 169
89 161
189 284
183 245
118 119
172 186
195 219
8 284
20 208
98 115
108 117
129 232
68 139
166 276
265 274
173 269
178 269
114 293
153 292
8 214
43 125
115 189
219 263
92 119
33 146
34 41
233 261
27 267
130 220
66 141
214 286
59 127
129 170
85 231
206 238
78 134
4 153
12 272
115 203
122 249
177 269
258 277
57 66
6 14
230 291
102 233
4 14
80 137
22 285
70 158
59 134
251 299
130 213
176 215
226 238
195 263
132 155
26 216
67 142
126 138
114 299
141 160
53 142
32 132
128 146
130 256
37 288
146 230
231 233
260 264
17 169
173 279
223 236
130 246
131 219
173 205
131 242
81 138
134 144
202 231
82 159
179 260
195 249
81 160
225 298
208 266
176 223
40 278
7 270
44 60
173 204
198 207
195 270
122 149
202 203
79 290
29 35
248 291
29 150
30 129
105 283
142 211
2 240
95 119
198 227
154 238
129 199
47 116
7 13
2 22
49 110
49 51
200 232
27 185
186 228
234 297
76 180
116 132
199 209
90 273
141 161
39 160
150 222
133 134
160 215
203 259
152 275
213 255
135 262
263 264
67 152
223 258
110 221
9 249
49 56
215 224
197 222
130 287
146 267
13 188
222 257
200 241
2 261
234 286
44 148
179 263
7 35
129 203
69 115
90 115
35 143
51 64
154 268
144 300
46 147
17 69
151 205
60 222
27 269
125 174
85 188
5 292
28 87
13 256
132 297
217 221
153 277
18 185
91 223
168 247
90 148
180 215
74 295
102 105
71 135
269 284
216 225
137 156
20 283
241 264
146 204
15 52
2 54
15 121
80 291
135 210
129 283
64 136
78 263
62 117
37 126
13 161
61 162
125 282
260 269
148 158
119 288
82 157
28 208
195 286
121 175
182 215
134 227
268 270
76 80
170 223
140 156
85 184
47 137
7 256
87 237
164 209
52 136
61 68
152 180
71 101
171 202
102 223
192 222
65 294
146 155
153 283
155 253
78 84
190 216
199 268
93 293
55 61
276 289
216 235
21 253
30 45
163 223
20 41
28 140
148 213
166 256
56 244
76 179
110 217
91 296
44 68
95 228
66 142
37 92
30 72
174 290
183 196
239 250
129 152
192 274
33 62
252 261
125 212
66 129
189 240
222 289
113 192
30 135
165 224
34 52
159 293
23 208
21 84
129 222
86 192
144 146
160 197
232 259
128 136
13 231
92 223
139 288
180 255
146 168
216 220
264 286
11 270
128 295
60 69
161 170
102 210
107 133
48 160
91 157
39 158
84 133
280 286
205 268
164 291
28 37
49 160
165 202
167 277
183 208
141 142
158 220
249 269
7 86
193 286
3 72
119 299
29 34
17 134
174 184
112 216
148 149
125 207
15 202
4 295
10 35
153 199
74 133
154 232
169 277
227 253
97 141
156 293
241 269
84 211
61 132
137 146
235 290
253 260
216 293
194 224
95 244
99 124
216 268
10 296
102 106
148 208
19 22
172 291
146 259
150 240
67 130
27 189
47 72
155 185
14 26
123 185
136 297
204 238
203 222
171 208
186 287
241 252
242 278
132 139
166 213
33 56
87 247
67 74
186 263
152 214
59 235
109 174
223 229
8 248
246 261
32 95
48 159
180 199
126 136
21 143
153 296
83 195
74 241
196 231
148 188
66 211
94 133
173 180
144 199
36 57
267 269
126 185
74 227
95 103
15 164
247 264
148 255
177 281
119 191
79 122
26 177
135 284
112 222
112 209
69 129
225 245
257 283
135 254
100 247
195 248
209 236
186 273
87 226
169 284
153 232
62 74
96 244
225 263
239 268
122 151
48 216
9 267
171 245
115 135
10 209
75 130
129 236
227 237
167 284
248 290
61 137
129 143
10 189
148 155
18 299
121 261
144 206
165 186
170 180
194 197
241 253
235 250
130 196
115 148
131 210
203 257
124 132
134 157
9 28
198 295
125 211
12 182
79 216
70 124
263 291
180 250
32 157
39 140
241 256
110 141
61 194
18 132
38 61
111 179
131 158
33 145
190 284
48 175
46 140
211 286
215 251
228 241
83 270
26 90
129 138
197 213
121 157
229 238
81 223
180 218
238 300
131 279
125 271
184 290
205 277
25 99
7 87
251 268
28 63
16 132
163 238
109 263
248 250
92 94
161 286
20 29
62 128
157 189
153 162
2 215
26 84
16 288
146 162
146 239
135 194
119 225
127 157
124 144
246 256
20 216
44 62
210 288
225 250
93 133
83 150
209 225
37 123
22 90
227 299
67 126
4 296
188 286
87 98
123 297
153 300
4 27
182 222
194 288
273 274
133 204
164 213
135 275
118 260
234 238
46 139
17 153
85 288
177 284
18 173
12 14
129 156
216 253
207 238
256 267
24 184
68 155
13 237
66 127
231 241
39 122
52 82
33 139
208 255
41 144
203 210
76 217
165 194
153 198
202 298
7 122
46 61
26 208
84 92
13 298
189 215
147 149
58 295
267 277
29 157
25 291
228 260
146 246
7 165
153 295
114 137
171 173
238 294
89 160
65 150
49 299
43 150
25 70
4 76
2 187
154 184
7 227
220 283
100 116
203 275
125 149
132 143
179 195
249 260
228 278
38 105
60 158
201 211
34 203
263 270
8 147
106 240
86 103
244 278
222 243
35 41
223 238
190 213
28 161
73 158
177 218
136 206
161 193
215 289
21 208
35 116
35 215
104 276
1 297
114 217
102 195
54 131
221 248
132 157
71 155
105 175
46 137
48 68
193 222
217 223
42 157
147 195
172 211
103 217
52 60
133 277
119 212
231 286
238 282
223 286
167 269
103 110
214 241
137 240
59 158
1 286
254 298
64 108
134 153
35 109
256 287
16 207
116 299
123 138
100 160
34 268
26 180
114 130
284 288
58 134
29 143
131 262
79 263
183 291
31 49
239 276
112 177
99 150
110 160
70 129
23 99
178 213
122 144
10 72
186 248
114 143
9 233
39 63
54 82
4 214
93 130
48 221
198 256
159 211
26 248
11 163
35 49
17 62
103 296
113 212
216 275
181 216
129 158
21 52
217 224
145 154
241 249
7 247
73 231
101 102
102 264
231 284
134 249
191 286
85 150
9 259
267 293
211 265
64 123
219 261
221 226
169 196
55 157
141 236
87 164
255 283
194 198
196 264
216 244
94 97
3 215
10 223
177 285
48 96
2 84
87 182
223 275
213 256
189 285
211 216
190 215
105 291
70 120
186 211
58 71
34 189
233 277
214 260
191 214
98 226
108 217
59 114
247 256
197 216
183 286
47 269
173 226
225 296
186 226
19 115
80 157
279 297
291 296
117 271
98 265
15 56
104 263
49 138
102 261
221 262
88 178
212 276
205 276
249 261
170 261
80 140
213 221
16 218
216 279
240 263
197 223
129 233
88 160
74 232
12 53
10 61
173 184
82 135
63 122
137 209
227 272
61 189
260 295
73 157
118 174
98 271
195 196
149 215
171 244
97 160
191 203
207 232
7 15
168 261
261 265
240 299
68 70
119 133
187 216
17 99
191 261
32 44
18 131
63 65
173 210
77 260
125 237
119 138
81 225
259 276
44 155
171 181
13 244
168 209
215 221
91 166
27 102
245 257
100 141
98 248
43 52
143 149
173 248
89 225
51 144
28 286
255 261
181 261
146 291
160 170
131 162
131 239
32 143
154 177
172 261
252 299
2 213
282 283
115 142
194 267
99 201
278 294
168 171
70 94
14 18
165 215
282 284
108 263
49 134
33 159
148 176
216 261
145 193
26 117
232 255
74 120
189 198
195 251
105 115
20 213
38 144
92 141
127 144
117 118
164 261
61 149
65 300
180 224
63 141
17 23
18 84
89 216
247 282
77 128
266 276
69 211
54 134
188 223
127 180
130 229
71 124
104 115
26 102
241 290
89 276
171 191
240 277
160 206
203 273
191 195
4 93
7 177
49 294
102 255
12 185
171 227
216 231
145 273
27 147
113 247
28 60
130 156
107 249
11 21
253 291
17 228
121 208
5 290
82 92
17 55
48 58
159 296
93 225
200 277
146 276
141 206
53 157
35 124
125 204
163 215
157 295
168 245
195 252
46 56
122 171
135 149
221 261
113 258
7 68
47 155
223 233
125 233
121 127
111 152
152 233
11 230
177 272
125 234
151 156
148 160
34 155
257 263
119 120
92 209
249 293
81 82
65 114
29 64
246 263
249 268
29 136
209 219
23 78
207 284
170 256
171 231
30 77
69 140
130 154
171 257
91 276
102 114
139 193
249 263
82 130
71 159
196 243
42 74
207 278
13 85
152 232
191 264
170 215
10 293
284 290
72 126
256 265
225 286
135 202
194 228
119 250
171 237
187 250
15 21
45 140
196 229
68 122
64 74
230 241
41 117
241 298
216 242
56 127
34 144
81 141
261 281
211 227
93 102
115 248
248 269
4 18
43 61
26 284
121 155
21 285
135 163
203 287
125 196
159 273
78 116
208 282
216 256
282 288
130 270
226 227
12 255
8 258
71 148
118 133
37 47
277 290
128 209
31 34
185 291
148 291
14 267
98 99
195 246
3 196
116 136
71 195
217 261
188 216
166 215
39 102
3 261
84 112
152 260
126 132
102 116
109 116
260 268
211 285
255 274
256 271
116 163
28 131
119 228
198 300
54 74
87 107
55 57
31 211
135 184
87 113
56 116
173 259
108 243
126 190
184 278
216 234
168 286
130 281
117 120
15 172
8 235
177 238
55 82
73 253
173 182
182 186
9 16
11 233
61 232
36 136
122 202
1 17
215 281
185 261
97 223
49 82
153 224
249 290
147 290
61 157
123 157
18 67
36 46
87 210
236 277
109 160
276 288
41 74
216 287
190 299
254 286
221 253
69 158
40 123
35 154
235 299
30 104
38 138
206 284
99 104
134 278
139 211
113 226
251 256
121 273
221 256
106 140
122 129
142 222
206 278
185 277
222 253
119 161
2 158
107 127
225 247
28 124
37 155
210 238
116 138
130 293
106 122
129 140
113 235
90 193
58 127
80 217
100 221
223 252
47 64
125 252
68 113
51 73
16 276
220 241
179 180
133 190
77 117
70 211
7 219
13 218
34 135
295 298
17 166
209 278
186 210
160 258
121 274
18 293
128 206
111 125
108 248
225 283
37 144
11 133
13 199
222 299
71 88
215 266
47 49
69 147
200 238
119 267
91 99
193 209
179 276
135 218
228 298
81 151
133 150
23 161
67 150
15 150
188 209
269 290
196 230
152 267
18 99
78 298
167 209
135 193
87 129
47 139
33 137
235 241
173 239
48 151
283 284
61 268
94 113
176 250
206 269
129 167
186 259
37 78
221 231
181 264
41 48
130 255
39 48
120 237
212 284
68 106
184 277
37 260
52 157
147 269
21 189
23 56
285 290
21 25
17 35
215 255
46 94
25 155
167 171
108 211
208 230
15 198
16 89
194 239
149 209
204 284
184 269
125 228
35 65
11 59
117 225
221 284
13 179
108 186
8 79
16 146
19 293
26 227
185 256
222 288
196 259
66 71
194 200
10 170
52 75
42 222
134 217
26 95
53 54
132 222
59 295
121 145
82 102
51 59
89 141
90 217
227 240
205 256
93 174
192 215
148 262
6 261
46 68
173 178
99 215
241 248
147 276
169 283
44 135
18 232
37 120
137 283
203 269
99 130
174 264
117 142
188 260
101 103
28 173
122 138
69 125
103 112
184 238
117 152
2 287
182 227
87 166
50 146
228 290
116 143
99 143
180 205
78 119
125 231
148 275
235 238
210 247
260 272
165 216
112 189
169 247
146 215
39 130
194 223
60 73
130 165
147 245
17 65
44 61
171 192
37 59
16 295
122 131
116 130
125 210
115 140
152 206
74 274
102 166
118 276
13 93
147 159
49 127
7 223
13 226
45 137
87 270
37 80
38 49
134 152
60 136
209 285
289 291
10 253
267 274
208 233
105 188
158 190
61 128
70 151
146 166
43 81
21 272
183 203
206 222
18 63
109 195
121 290
171 199
86 247
20 131
9 170
84 131
214 227
79 115
11 231
80 141
85 133
146 289
81 94
225 293
74 296
161 168
245 247
34 139
138 176
153 235
111 162
122 233
135 147
28 146
88 263
109 289
2 133
25 147
256 298
71 143
9 168
33 160
36 73
152 187
122 238
94 151
202 261
142 184
178 274
17 60
91 271
113 267
17 235
152 184
230 243
100 248
171 273
195 273
217 263
100 103
33 125
7 114
54 128
250 263
59 71
40 141
218 286
236 269
7 82
175 208
21 33
180 235
45 158
58 207
35 51
79 202
203 290
125 147
183 261
17 298
178 286
22 99
84 88
30 138
217 274
17 214
122 145
28 300
36 148
37 97
21 46
87 110
55 143
236 287
162 176
81 99
41 61
100 180
46 124
8 256
107 184
174 212
186 251
179 238
164 171
134 276
42 142
35 59
68 130
130 183
19 49
119 122
129 256
227 270
168 277
157 158
47 149
89 197
162 236
140 267
62 122
28 42
2 108
247 248
85 283
112 231
188 288
107 250
22 35
245 269
11 256
15 285
124 138
180 220
186 267
37 147
101 256
18 269
195 250
8 267
254 291
160 260
32 145
107 188
250 288
146 197
210 291
9 35
113 185
177 209
14 78
186 219
65 136
11 188
200 211
145 249
146 228
89 249
85 278
76 264
187 298
255 277
209 282
16 246
49 95
104 289
176 216
252 269
94 115
234 256
56 291
129 144
124 236
2 182
265 298
185 284
85 247
5 245
108 288
122 275
113 160
175 180
125 159
110 122
169 211
27 286
239 286
151 186
132 152
17 36
233 278
144 162
72 160
189 200
80 180
134 296
115 185
29 211
59 129
196 257
197 276
171 297
272 298
80 293
35 145
87 228
152 224
117 212
54 63
266 288
171 259
135 207
111 155
17 59
124 150
202 247
271 276
8 133
33 114
250 264
196 237
227 273
80 103
129 150
188 277
7 21
221 263
80 248
35 62
7 269
157 174
61 203
181 203
56 59
80 142
28 123
213 217
30 48
179 250
277 279
43 82
37 122
211 243
189 243
41 52
205 208
6 295
103 256
249 274
20 200
95 115
178 288
247 259
181 284
2 285
121 209
232 248
79 251
119 197
180 189
95 177
122 252
7 277
135 224
60 121
113 141
163 221
84 89
44 126
147 273
89 207
71 72
185 227
18 128
74 126
15 154
246 269
229 286
47 235
127 135
33 135
213 259
79 220
50 156
26 172
115 237
172 256
245 282
20 221
134 209
9 204
76 104
54 69
79 180
13 257
80 211
37 100
141 299
205 238
170 300
172 290
84 110
220 298
45 122
268 280
59 60
77 209
131 139
125 170
89 169
8 61
174 215
208 247
150 236
122 148
8 78
173 219
187 299
157 159
91 221
131 178
147 238
164 276
127 152
26 201
215 253
173 288
7 278
118 244
56 145
35 123
174 296
239 263
1 21
172 221
190 261
94 104
33 299
195 245
106 121
34 153
27 298
41 49
32 211
210 211
23 216
44 80
120 211
134 250
40 51
31 155
130 244
266 284
200 269
125 133
212 213
64 71
213 279
247 281
23 272
90 99
167 260
71 136
35 87
138 238
10 99
122 159
148 252
221 276
21 94
235 268
99 181
171 174
202 300
189 245
61 135
164 221
180 286
112 240
149 296
29 159
226 283
11 264
270 286
87 212
273 288
216 230
49 75
83 142
223 228
116 129
194 285
84 270
48 75
1 129
113 299
73 216
114 197
40 61
135 139
36 53
15 232
189 199
2 11
146 147
186 204
114 155
205 283
103 130
7 173
33 126
15 277
120 248
171 240
38 40
142 147
102 170
187 194
165 171
245 264
139 209
191 230
35 79
76 134
59 210
33 67
172 284
38 142
40 147
2 21
253 298
99 197
66 136
16 242
49 128
38 146
95 217
35 136
11 242
241 259
22 61
140 186
221 234
5 273
43 141
20 192
101 117
35 70
141 150
247 278
168 213
125 280
17 223
34 56
130 143
211 228
111 258
11 288
121 126
121 134
147 236
193 223
11 195
177 213
86 133
200 221
194 246
67 141
141 151
27 294
1 161
61 160
247 283
3 276
48 60
36 40
183 260
168 177
149 202
36 89
109 247
107 263
63 147
187 195
59 233
203 264
26 78
232 275
13 238
37 45
246 284
30 59
48 73
32 70
22 85
92 174
69 157
7 218
21 213
238 270
89 136
28 215
121 293
213 283
201 223
184 250
130 142
195 279
73 203
109 271
36 138
148 179
171 214
38 59
208 249
223 289
81 156
114 149
199 232
75 126
18 19
219 245
110 291
280 283
29 61
172 295
263 279
16 274
84 95
215 278
34 124
235 276
91 289
130 188
42 48
76 106
89 116
241 260
201 216
123 156
144 251
186 295
215 283
8 234
65 148
183 263
189 279
119 131
105 288
232 236
83 222
98 244
125 273
259 260
130 194
4 291
91 195
178 211
70 127
90 229
1 223
87 109
48 189
218 277
207 211
99 261
7 130
167 216
195 203
191 196
40 214
237 276
188 269
209 290
87 232
240 286
219 276
222 240
45 71
212 227
87 198
205 232
48 129
89 99
28 157
264 279
61 142
183 241
25 269
59 130
180 280
55 71
189 269
119 272
79 199
15 222
143 297
184 274
152 236
232 283
224 295
115 181
209 229
222 276
149 161
13 86
82 223
164 195
202 245
21 136
18 54
216 232
152 296
180 249
35 48
99 120
78 175
159 238
49 81
260 261
1 86
130 297
256 261
30 141
135 169
107 286
181 186
32 91
173 189
82 115
2 165
53 136
169 209
48 67
278 285
16 236
108 152
71 288
12 189
178 278
46 49
25 282
37 64
78 87
48 126
123 147
237 269
28 32
119 169
31 71
17 126
219 269
11 190
247 285
100 196
194 235
222 287
13 270
172 268
129 160
62 162
211 282
20 28
199 245
159 222
130 161
255 268
22 188
241 247
191 299
107 141
71 147
132 151
154 274
22 193
102 122
116 217
13 106
183 276
208 280
88 177
16 216
192 245
122 126
208 264
9 243
16 184
3 97
64 156
173 273
37 38
84 185
105 119
191 268
19 277
73 119
1 28
113 166
238 278
216 222
36 131
97 125
119 193
38 217
268 279
76 95
166 274
44 159
91 197
7 106
171 196
30 128
92 122
135 248
74 253
7 245
102 159
179 274
18 65
115 290
124 180
49 140
4 246
91 117
97 174
256 279
278 286
97 99
194 265
38 209
195 253
45 120
169 245
66 130
82 173
146 298
250 269
34 286
221 228
4 188
15 130
108 131
213 226
256 272
214 283
139 146
186 290
195 208
92 211
2 293
193 299
86 291
177 258
231 268
247 276
55 70
213 253
193 214
139 142
44 216
115 284
106 231
44 122
223 276
213 280
280 284
245 254
216 283
76 89
13 76
155 174
56 57
26 82
189 253
3 45
214 278
65 147
221 251
79 300
112 119
212 216
15 299
38 127
130 280
148 163
34 128
29 46
175 284
4 175
238 244
214 247
122 232
144 299
260 263
123 202
188 276
186 300
135 291
201 278
34 284
4 286
194 273
111 145
189 261
94 117
224 290
175 227
153 249
15 16
264 278
82 237
211 261
34 133
201 213
80 237
181 268
121 269
114 195
251 288
91 160
128 133
242 277
181 238
132 136
74 272
109 115
177 283
108 240
243 277
71 134
148 220
235 269
84 108
27 40
21 26
201 260
247 265
19 267
244 268
50 147
194 201
91 119
202 209
251 294
174 267
1 294
7 24
73 128
119 121
247 257
22 154
6 115
209 218
173 176
119 226
22 277
40 42
171 230
101 217
26 184
13 192
76 196
208 236
102 194
77 141
138 139
192 261
61 250
275 299
7 30
37 158
25 268
225 227
91 233
7 102
76 127
128 144
103 118
79 281
119 211
94 226
115 200
145 288
91 116
189 227
49 124
134 146
52 115
13 94
107 117
131 293
111 265
94 262
82 185
171 218
171 233
33 39
271 288
141 235
204 261
34 66
39 159
69 186
97 290
62 283
93 196
232 287
7 202
7 232
28 144
4 98
141 153
241 263
50 135
135 154
256 293
5 130
208 214
111 216
27 28
13 102
211 288
197 245
30 122
186 198
97 195
101 177
261 279
107 119
5 215
12 290
62 69
58 160
118 148
144 278
95 102
208 216
102 241
53 143
256 282
47 159
175 269
152 300
178 209
122 268
21 73
4 108
32 64
85 116
249 291
256 258
215 223
58 140
16 213
109 244
45 62
62 91
12 57
144 181
133 240
265 288
168 288
275 288
106 117
46 123
171 187
121 131
237 250
119 171
149 199
86 99
263 267
213 275
86 174
152 255
135 164
223 256
96 211
192 286
170 299
141 144
216 254
189 282
286 287
12 76
34 81
28 65
90 175
28 261
236 247
154 299
67 132
40 156
119 263
120 166
117 156
45 123
88 94
156 196
124 156
93 248
79 148
203 235
185 208
140 143
74 119
178 261
35 121
225 269
131 184
7 120
224 300
82 290
160 251
6 293
209 228
181 297
97 166
241 258
186 199
118 185
30 94
245 262
197 209
36 141
80 115
130 140
13 284
230 250
137 141
7 99
114 211
81 262
177 240
169 298
200 263
281 298
72 148
219 284
75 137
67 69
130 258
119 199
167 268
186 192
48 57
37 60
219 230
271 284
198 274
79 206
17 225
82 221
140 141
34 39
93 211
5 161
130 159
12 192
26 129
106 131
61 138
160 198
105 214
19 23
3 129
81 260
175 256
31 82
86 94
73 112
106 186
11 224
121 276
31 63
234 274
117 262
89 222
132 146
189 209
130 265
30 74
143 159
168 300
30 113
223 253
12 204
192 278
145 147
21 53
129 132
277 280
122 152
154 193
122 125
177 253
35 63
214 223
132 291
115 170
148 282
194 275
219 232
84 90
40 55
20 258
176 274
148 156
212 238
43 46
84 171
56 140
232 272
115 250
142 153
61 67
119 283
33 149
201 209
201 222
78 222
145 177
78 160
117 275
232 246
196 280
143 153
278 289
209 249
153 284
143 180
110 117
209 289
186 254
285 291
124 186
71 217
87 95
6 267
24 193
80 260
82 172
61 159
29 127
131 209
49 297
42 71
34 146
209 266
142 275
7 240
82 181
38 69
217 256
259 269
114 239
114 162
130 153
125 249
80 119
51 142
34 142
146 285
56 131
99 108
87 224
26 113
55 125
133 236
4 121
94 99
88 117
76 186
133 152
11 16
130 158
162 183
130 235
214 288
73 132
221 268
26 200
82 244
230 288
149 300
221 293
35 209
154 244
46 50
93 260
115 228
54 211
204 268
112 217
7 174
57 65
77 211
51 83
196 218
71 93
29 71
210 269
188 221
13 177
148 162
148 239
23 129
17 57
245 263
148 224
165 274
25 131
161 278
125 157
103 109
177 270
201 245
90 116
203 252
8 198
173 185
89 129
49 65
150 299
138 147
107 229
196 290
76 288
59 128
4 7
223 227
64 66
6 7
167 263
73 93
29 73
31 149
188 263
170 277
106 250
88 258
114 151
37 39
16 277
33 217
169 260
125 165
80 240
155 227
237 288
178 298
82 136
2 10
27 292
157 243
129 146
226 298
35 132
144 292
132 174
188 256
101 223
92 133
189 263
125 214
117 166
40 217
78 82
124 152
76 97
61 136
268 269
49 66
203 223
136 217
21 254
61 87
196 262
210 250
69 106
282 290
11 166
126 227
273 283
166 194
99 114
29 122
76 118
203 214
4 127
35 245
98 154
246 283
236 276
21 142
181 277
118 177
42 53
215 229
35 137
203 282
10 153
217 264
87 91
287 288
16 21
205 286
237 263
192 288
176 276
146 220
57 144
113 122
135 234
186 212
215 233
12 115
87 286
98 259
142 251
196 281
146 167
99 245
76 173
160 172
19 171
124 224
54 70
175 221
160 291
221 278
173 290
116 118
68 160
27 119
131 137
11 201
170 238
8 221
195 241
49 62
202 296
209 221
67 156
7 100
35 276
135 249
180 283
49 114
18 274
26 245
195 259
93 288
82 211
7 131
189 217
44 140
146 278
135 266
4 80
175 186
216 259
189 258
213 240
63 67
168 211
114 135
20 121
153 298
181 196
8 201
208 239
33 103
148 222
133 170
199 286
86 177
268 289
125 255
11 263
221 275
61 213
126 154
114 126
186 262
135 183
6 34
171 223
190 298
7 59
4 109
195 217
34 82
171 184
49 50
121 122
119 218
237 284
211 270
151 269
157 209
245 281
7 287
174 196
67 82
189 286
18 214
204 283
113 265
189 276
78 249
18 115
132 133
275 286
162 300
54 186
57 122
127 240
86 244
232 267
148 258
2 130
36 63
173 287
185 299
10 272
13 265
6 133
83 156
171 282
152 168
97 212
88 221
48 150
65 299
49 150
113 159
244 274
119 194
2 4
148 261
179 241
87 178
1 19
130 285
106 173
177 192
189 268
143 155
208 219
11 206
85 163
49 59
165 196
115 130
21 22
16 167
91 154
23 133
131 213
169 189
10 210
191 222
30 37
2 18
135 161
251 274
107 248
38 108
89 283
93 180
152 153
17 300
203 220
75 155
45 99
237 286
176 283
45 116
65 70
171 225
131 142
208 246
115 198
13 88
159 299
238 290
90 159
24 177
137 170
131 145
172 173
194 244
35 90
9 74
115 143
27 182
227 279
109 212
33 222
30 159
161 261
5 87
38 136
198 223
209 265
173 212
215 282
113 269
84 100
221 243
160 176
38 45
40 158
152 174
92 177
112 260
15 286
42 59
35 142
71 113
128 227
47 292
3 19
176 203
135 231
152 298
131 217
13 154
268 273
110 131
252 288
81 87
182 250
262 274
41 150
283 298
8 197
105 181
128 131
216 299
161 203
11 222
70 75
95 172
14 24
174 283
235 263
107 207
84 239
130 260
196 254
18 256
177 244
29 40
99 290
213 219
257 298
202 223
245 248
171 235
4 184
274 287
203 211
100 263
177 206
223 257
35 128
44 67
174 211
37 146
60 129
1 61
61 116
121 300
114 158
109 221
227 278
96 160
37 142
43 72
101 298
256 274
15 268
93 235
114 169
122 127
48 88
204 208
125 152
15 293
174 226
122 160
269 276
206 276
202 215
8 102
245 271
159 161
181 260
134 300
203 225
88 211
203 239
201 238
11 170
135 192
132 159
131 274
211 240
189 248
178 196
67 143
20 232
22 274
243 250
94 148
171 219
271 291
62 160
263 280
138 296
211 245
48 59
153 294
63 146
64 141
52 74
95 185
186 255
150 190
131 185
202 291
203 248
168 278
245 265
224 260
91 180
238 255
26 109
54 116
34 48
189 280
193 203
24 180
226 245
162 199
90 119
25 81
35 274
82 99
2 3
175 263
16 230
189 283
132 148
208 217
169 213
95 160
76 109
80 195
210 284
120 223
130 150
2 157
174 238
213 264
276 285
133 250
131 273
130 253
114 260
21 284
211 266
40 43
59 299
155 161
106 259
26 110
228 277
34 276
1 215
21 203
275 276
264 280
6 223
49 123
99 107
169 177
50 138
16 23
217 277
242 274
180 243
171 179
164 238
62 141
113 158
134 286
103 133
14 74
31 117
5 85
129 130
56 61
119 230
13 253
6 296
79 157
39 127
46 135
252 260
16 187
252 256
196 228
200 284
170 291
59 75
8 212
250 259
70 122
129 240
149 153
12 168
131 159
11 266
77 180
133 268
192 241
24 154
221 236
83 146
49 87
113 260
8 104
94 136
37 110
2 128
18 190
44 66
160 185
232 239
61 161
195 213
224 241
56 160
165 195
131 265
130 192
111 293
36 82
78 94
102 154
172 213
199 213
233 288
123 217
170 283
32 82
45 82
224 246
171 280
2 163
232 237
12 210
62 116
177 214
190 222
32 37
11 221
2 102
175 277
171 288
38 129
29 69
251 285
171 261
215 220
200 274
169 290
91 179
206 290
87 103
2 278
58 145
127 148
16 27
87 248
51 91
136 222
3 153
125 144
131 155
298 299
186 281
73 147
21 99
12 216
135 246
120 141
48 70
170 247
209 280
38 135
256 260
106 137
151 153
78 147
33 55
8 227
194 218
65 91
164 250
85 94
163 195
250 283
110 237
221 279
29 269
152 162
108 222
128 150
113 143
261 280
11 164
33 68
37 154
30 33
32 125
192 260
178 232
188 247
189 230
96 247
97 131
83 224
167 196
146 281
51 132
88 216
189 266
34 132
216 280
178 256
171 268
35 119
137 299
30 144
102 189
11 257
39 117
89 246
35 284
34 67
21 244
20 58
250 273
87 172
163 189
150 153
23 233
290 298
38 93
2 176
43 157
179 194
23 232
222 242
91 163
226 250
222 261
2 257
219 222
44 211
141 158
88 223
170 211
165 238
28 245
1 124
8 205
1 196
7 95
256 266
135 264
184 189
119 249
187 208
93 116
214 256
171 203
134 260
76 107
249 256
76 84
68 211
199 250
174 234
20 54
43 45
184 263
232 279
214 215
107 291
121 124
231 260
245 283
209 243
132 147
124 141
17 52
5 16
138 222
120 263
33 71
21 44
5 184
11 265
147 231
170 208
274 275
184 195
221 283
62 155
39 103
61 133
196 219
29 156
187 261
78 179
160 275
250 275
270 298
195 267
210 232
241 266
223 270
166 290
130 200
48 97
235 274
122 170
23 147
228 238
84 237
177 268
17 165
231 247
1 204
121 162
203 263
175 209
147 241
26 153
37 43
211 274
2 62
186 271
171 281
110 115
82 154
17 67
181 296
22 273
171 224
178 268
149 157
2 280
270 277
18 57
128 190
209 262
16 24
158 217
45 134
125 169
240 256
117 135
102 150
60 143
225 274
7 257
146 210
18 121
186 280
215 300
224 298
148 197
35 46
70 128
44 134
187 247
118 180
87 265
4 6
111 231
80 192
48 120
196 200
145 250
28 158
251 284
216 271
209 246
16 282
82 139
147 256
261 266
25 182
84 192
109 177
102 190
44 141
174 256
86 223
247 279
8 81
60 138
88 116
203 217
141 148
37 135
199 216
215 256
113 138
28 70
190 278
151 283
151 260
103 183
87 271
10 91
260 266
71 73
177 190
25 100
278 279
243 284
196 204
73 96
102 267
187 283
16 290
188 215
83 133
11 285
41 89
17 30
274 289
126 267
153 251
152 274
110 262
190 260
21 69
35 216
88 119
17 68
12 170
218 260
99 189
7 175
173 249
93 276
275 277
163 173
167 238
13 100
222 223
114 283
279 283
33 148
239 284
80 130
223 225
210 268
95 117
17 38
192 283
34 277
119 153
208 221
79 248
90 271
232 251
87 216
74 213
76 227
270 276
236 263
17 18
187 291
209 255
277 282
188 261
253 263
194 282
110 119
76 133
120 262
170 216
84 116
18 249
20 44
241 285
113 225
178 284
119 275
247 293
16 189
243 286
134 180
213 214
238 251
247 268
7 216
106 116
120 131
179 215
96 148
62 124
213 282
99 105
60 63
171 255
90 250
82 83
52 54
18 189
68 79
204 291
129 245
12 172
9 161
32 74
26 232
192 298
1 133
46 154
16 264
45 74
102 165
5 35
76 246
124 136
137 152
208 278
56 115
173 260
177 282
23 189
81 158
61 66
211 230
24 48
54 57
55 74
122 186
126 161
189 194
188 196
148 231
78 139
215 244
28 156
190 196
76 165
113 296
109 260
16 240
131 138
114 133
41 63
196 235
42 143
64 286
84 154
82 149
178 285
29 37
218 241
24 253
25 133
163 196
252 263
88 262
158 209
25 297
14 21
146 287
160 272
177 257
211 231
44 48
192 238
185 186
181 215
135 201
25 227
131 281
155 186
142 183
167 195
79 94
139 195
113 263
15 129
91 267
194 207
148 215
37 129
151 206
190 277
132 292
89 175
102 135
221 287
71 78
63 75
35 58
198 277
61 286
233 290
177 187
9 285
238 256
81 103
57 61
92 189
15 237
35 153
207 283
78 256
239 288
87 97
168 232
7 293
42 127
154 241
61 125
12 221
28 38
227 271
6 210
113 129
20 262
47 131
186 214
100 214
209 259
182 291
163 277
117 129
192 232
199 284
45 67
37 150
10 173
2 167
165 284
49 63
199 227
244 291
35 140
56 277
48 104
63 128
266 298
54 73
42 139
125 129
3 101
128 283
150 217
216 243
221 274
240 274
82 85
265 291
46 67
186 283
17 54
103 122
160 248
61 93
148 157
104 251
146 200
12 188
71 107
142 209
198 232
197 291
135 258
160 175
129 208
178 292
192 223
23 121
79 291
15 185
26 112
203 280
7 250
76 216
171 200
160 193
182 274
135 289
58 186
28 69
188 211
174 269
212 232
135 190
67 125
238 242
202 299
8 129
131 294
15 197
7 271
220 223
105 122
51 150
148 161
170 227
11 113
83 160
254 261
166 250
125 126
250 257
105 117
194 229
222 268
127 175
76 167
162 224
99 277
173 270
189 265
239 256
2 273
8 200
7 211
102 119
87 235
2 14
14 200
131 157
15 244
230 290
48 249
278 282
48 98
182 286
121 158
31 52
106 159
171 236
131 255
208 285
211 287
76 122
93 181
5 129
7 226
91 260
18 234
230 260
42 72
260 298
172 215
200 213
203 218
27 133
56 74
177 233
217 276
99 172
18 146
15 181
222 258
35 277
206 299
135 285
91 135
196 288
116 174
35 156
181 189
77 217
183 283
132 154
258 276
58 70
69 126
111 298
129 180
38 240
113 177
195 244
84 161
34 204
277 285
85 293
19 186
51 103
218 299
53 55
70 147
79 205
3 95
220 274
76 119
127 211
152 283
195 212
153 299
24 269
70 162
160 296
169 238
152 241
144 158
181 195
119 291
5 67
125 139
73 143
259 285
127 153
255 286
20 194
225 300
16 84
126 224
35 66
166 263
127 138
108 154
5 126
110 200
7 238
192 216
135 243
260 283
56 84
60 159
121 227
69 103
4 294
148 216
141 199
63 81
87 116
97 217
34 140
35 60
103 280
136 147
91 299
28 152
115 154
98 262
261 288
34 83
196 223
61 151
39 52
82 280
16 203
238 279
203 262
270 274
27 61
160 171
59 141
133 194
18 206
224 238
48 130
93 221
28 232
127 188
209 283
119 210
82 219
196 214
18 172
131 212
47 181
186 243
12 163
238 272
186 233
216 289
56 122
79 217
197 250
51 138
102 197
180 187
118 247
2 259
90 103
68 114
113 140
20 40
81 130
8 182
24 244
2 252
260 277
12 58
196 282
221 227
227 251
191 298
47 297
11 115
149 206
127 293
154 162
73 188
28 71
148 185
93 263
9 153
251 297
95 221
17 32
265 269
207 286
203 281
106 119
244 250
88 148
102 244
76 285
7 17
254 264
109 117
147 160
122 161
163 298
145 150
113 248
10 131
13 178
118 299
9 17
269 279
7 105
213 235
254 284
4 92
192 291
22 203
8 120
141 146
26 104
147 193
158 199
156 251
213 243
38 141
47 117
84 174
87 185
227 281
95 186
25 65
196 260
17 272
19 102
56 168
2 25
211 219
277 295
174 276
216 262
91 177
180 196
16 171
119 257
48 52
72 140
22 290
33 51
138 227
137 153
146 181
95 247
90 142
177 243
146 258
89 157
63 135
289 290
77 222
28 99
14 122
177 237
28 30
83 94
106 160
91 178
168 292
220 299
34 160
211 238
247 286
75 134
154 156
157 240
5 196
229 247
131 175
84 96
255 291
103 178
55 132
67 147
9 200
113 251
175 247
146 244
21 100
95 239
248 276
33 47
16 18
28 268
15 131
124 154
229 268
75 77
11 258
77 276
178 296
32 141
64 151
54 124
238 271
133 238
8 153
198 208
58 117
45 160
2 237
90 286
93 99
210 286
25 153
110 195
9 133
276 280
168 227
227 265
78 145
283 286
189 201
22 246
71 137
212 221
276 283
112 141
91 183
171 221
265 290
133 148
222 248
208 212
203 216
67 138
126 142
20 189
1 201
128 142
35 227
125 158
77 102
196 236
102 142
179 223
177 185
148 227
24 166
274 278
117 155
215 240
189 275
223 279
16 20
195 201
203 265
119 130
50 240
136 140
36 48
224 247
261 270
176 196
28 53
121 152
61 208
51 71
10 244
47 293
109 237
226 286
173 183
28 132
73 137
177 217
180 272
221 280
9 124
241 246
76 160
29 33
3 76
196 279
173 254
152 190
204 277
41 70
187 223
115 279
274 280
119 236
186 239
213 273
97 116
74 140
36 52
91 258
240 300
2 218
22 284
28 55
103 131
203 254
13 112
22 74
24 268
107 223
267 291
23 188
211 272
180 188
188 268
100 140
95 178
63 126
173 202
199 276
8 97
32 144
29 53
5 193
235 267
154 261
39 149
50 112
82 126
91 247
163 268
13 25
32 33
30 81
58 74
164 290
5 133
213 288
178 299
118 160
82 120
161 272
32 59
36 159
226 284
182 223
78 193
91 259
284 287
125 248
143 236
87 189
2 296
7 49
258 283
166 284
70 139
59 161
119 246
30 102
61 155
131 299
16 292
135 172
198 250
173 247
4 292
173 177
108 115
194 225
27 223
135 181
198 225
113 271
253 269
11 169
9 211
78 223
123 141
262 284
56 272
154 298
171 265
177 196
111 223
150 161
40 155
16 54
214 269
76 221
3 106
38 44
87 262
107 159
74 299
11 76
78 189
130 201
170 171
28 136
130 197
122 143
268 272
13 180
33 37
29 141
81 102
34 125
111 115
63 139
36 70
148 212
133 208
114 172
102 161
83 87
120 217
105 193
215 254
175 286
128 132
17 20
28 73
84 87
169 278
160 252
44 81
11 271
156 240
7 97
21 196
142 149
57 68
116 131
122 130
147 158
61 63
209 235
216 233
9 192
243 245
212 263
10 203
190 209
24 161
189 235
194 233
210 227
133 140
7 220
6 173
170 245
20 43
130 172
150 209
7 298
145 161
150 160
91 225
21 194
264 290
232 270
24 232
173 235
6 189
174 255
8 271
110 151
129 155
84 102
184 293
102 107
171 270
68 156
244 284
218 247
62 72
49 142
75 132
196 233
171 180
118 222
175 238
186 299
152 202
191 256
120 293
41 222
79 119
194 230
195 235
102 232
155 224
186 202
72 128
221 266
146 231
111 259
83 223
8 289
125 258
122 139
10 248
88 99
26 91
135 160
201 221
122 141
145 157
125 272
64 149
153 286
164 174
175 268
6 35
180 184
149 279
168 256
37 117
133 139
208 258
18 208
13 176
173 188
186 188
26 28
276 300
161 298
115 231
101 231
193 268
123 143
147 167
175 189
60 70
83 258
46 155
14 238
35 150
170 290
23 253
149 217
135 253
22 244
266 278
123 130
146 234
179 247
181 256
174 221
104 291
203 249
160 237
49 74
17 28
248 268
110 177
148 246
33 119
126 146
2 298
34 161
55 222
31 150
143 292
200 298
117 151
20 203
103 288
89 135
222 274
146 264
37 98
37 44
198 203
14 15
131 197
110 130
1 56
45 66
207 250
32 48
94 217
83 154
94 138
147 246
106 134
244 269
85 142
195 199
3 201
33 116
191 227
251 298
53 300
187 278
215 275
216 249
177 274
44 49
161 269
1 2
4 19
59 145
124 251
14 285
189 234
40 54
259 286
74 97
33 151
103 156
44 55
135 252
176 195
215 263
26 195
119 185
74 208
25 215
271 290
26 288
13 210
87 254
51 148
102 283
185 269
180 289
175 232
107 193
169 221
34 62
51 159
171 213
125 162
125 239
62 130
214 261
91 164
186 187
56 269
221 264
270 291
2 289
195 234
226 247
54 71
215 262
1 227
148 228
230 238
35 155
113 298
214 216
186 224
160 295
28 57
119 244
223 263
53 102
28 134
188 290
209 269
160 269
186 279
122 124
46 75
108 153
64 134
13 34
239 247
254 274
96 260
16 26
196 253
17 58
186 272
120 174
233 238
95 130
256 290
171 198
7 194
89 240
15 93
190 221
201 215
2 192
98 189
221 235
37 68
214 222
58 73
4 95
267 286
230 278
133 245
79 190
50 132
218 221
126 199
39 134
156 161
97 130
106 193
241 257
20 129
7 34
146 240
47 48
26 179
102 201
129 135
54 222
43 48
79 153
142 148
32 138
98 195
26 85
255 263
36 146
15 76
125 185
172 277
136 211
250 271
74 277
47 134
117 185
236 284
219 277
65 156
99 170
136 146
103 146
125 205
38 143
171 201
140 146
115 204
177 191
259 263
156 217
119 222
143 146
38 103
120 288
103 224
76 115
218 276
135 179
113 116
62 63
196 217
176 284
182 195
1 115
177 279
102 140
56 130
99 163
203 221
5 194
226 232
48 77
38 130
34 121
41 59
94 120
31 64
25 154
231 290
11 91
180 186
243 298
130 232
28 48
115 244
79 293
15 283
170 186
91 219
10 185
194 236
216 241
173 221
139 217
17 244
258 291
41 72
125 127
204 250
210 263
161 162
88 290
258 284
161 299
191 215
95 276
176 180
119 223
4 79
134 138
15 205
115 298
200 261
54 158
267 278
68 161
257 260
14 278
78 117
40 47
273 291
52 58
157 278
189 229
71 158
97 288
18 294
171 267
160 189
76 161
129 213
126 144
87 102
130 187
94 96
11 282
13 224
37 88
25 198
118 221
124 276
239 291
122 147
8 116
258 290
116 209
103 115
102 236
16 75
136 199
197 238
164 173
39 151
175 196
104 133
134 236
96 288
222 266
206 216
107 246
143 199
79 297
8 114
71 96
186 206
97 251
2 231
13 202
97 221
37 95
106 115
28 29
238 265
232 247
117 196
50 70
129 277
208 225
171 246
14 49
205 245
216 218
68 109
11 289
263 268
73 141
193 276
180 287
104 200
131 270
35 141
82 108
43 70
6 61
5 170
129 224
84 262
13 259
133 158
12 16
26 118
268 299
173 181
94 122
238 252
173 255
71 138
183 290
16 148
193 241
218 263
47 74
161 213
222 265
238 280
143 161
15 276
92 117
126 300
163 203
99 221
31 48
115 238
273 276
84 99
34 244
146 152
59 139
173 244
16 211
55 69
49 58
160 202
57 136
189 228
124 133
230 283
1 269
172 298
173 191
117 150
15 194
173 265
209 212
72 103
171 285
69 132
80 247
240 284
59 135
194 266
2 179
146 154
42 150
217 298
103 202
220 256
147 148
173 197
76 268
196 258
186 221
124 267
2 264
28 299
130 283
21 267
108 133
87 241
125 222
4 15
135 144
269 289
34 44
166 227
47 186
144 151
31 33
11 269
139 236
146 252
61 123
40 74
261 289
246 286
13 273
229 269
115 299
8 292
17 41
267 294
236 241
194 216
280 299
70 149
82 103
2 295
173 223
99 278
103 114
66 143
181 288
18 193
24 248
23 221
2 229
173 289
55 63
102 182
133 291
130 226
194 283
110 156
199 230
150 211
21 151
166 203
131 295
99 123
20 250
127 195
8 77
145 175
261 282
120 122
87 280
196 283
182 277
256 294
7 203
204 222
97 102
65 142
68 69
198 216
190 211
135 188
141 251
131 229
76 256
5 221
148 153
8 290
48 85
36 142
11 244
17 131
174 265
237 277
59 162
250 253
28 43
48 136
130 133
94 101
20 104
136 145
143 300
19 297
170 288
147 170
233 283
33 162
10 113
241 289
125 143
131 240
113 189
232 254
34 122
5 286
174 287
98 132
48 177
142 161
76 82
284 285
106 244
53 71
131 153
11 197
171 249
133 143
132 223
212 261
130 300
203 256
194 199
238 287
183 268
11 249
191 213
98 224
125 176
192 211
67 129
265 284
148 298
176 268
182 232
235 277
165 291
135 220
183 223
171 266
159 247
23 250
9 115
24 90
60 142
163 241
181 298
58 72
190 223
113 195
87 88
228 261
133 278
131 140
56 139
107 132
240 287
135 298
236 268
1 121
209 254
7 53
36 64
3 147
9 223
131 186
47 214
234 263
238 247
206 227
22 189
201 274
146 272
195 284
131 238
119 271
211 242
189 242
40 83
5 284
84 124
19 94
84 115
46 58
212 286
66 128
112 188
256 268
15 274
87 118
84 113
40 134
19 201
68 134
264 299
41 137
255 276
155 199
39 155
8 250
170 194
71 293
74 276
119 229
22 195
30 64
127 150
172 276
16 153
23 170
253 290
204 274
198 286
263 276
195 242
146 187
22 133
180 185
163 186
175 177
260 289
138 160
126 236
208 289
102 285
201 241
40 80
8 82
112 147
205 274
222 238
269 280
244 283
76 282
28 155
146 233
23 223
5 185
116 142
13 260
186 240
177 246
175 213
85 145
264 284
52 269
192 195
74 245
164 186
173 272
128 240
39 70
172 245
173 237
147 274
164 241
48 135
202 227
83 265
1 208
81 185
177 215
42 158
8 107
208 231
147 221
234 250
197 283
135 211
44 150
140 161
66 82
6 129
76 261
215 217
137 199
113 163
129 136
131 271
127 221
291 295
59 248
211 284
4 113
155 157
6 209
139 206
71 100
75 80
133 300
211 278
89 153
18 205
143 148
2 202
16 273
37 156
247 251
235 284
3 33
148 226
195 209
131 152
220 269
230 274
205 278
82 96
93 278
40 137
27 204
113 164
208 269
179 256
184 284
108 146
186 200
154 155
19 194
83 117
48 290
48 139
257 288
59 126
163 274
223 255
76 207
298 300
152 256
52 122
75 91
60 141
283 287
101 121
68 81
242 291
7 221
134 273
57 71
145 293
70 146
194 268
58 116
157 217
221 233
206 209
51 222
232 262
174 213
189 207
12 148
173 236
194 221
293 300
5 203
16 268
130 147
164 260
228 245
17 29
11 62
74 209
4 8
21 24
173 193
105 222
146 190
180 227
73 222
209 263
160 263
170 269
232 243
142 145
11 281
36 85
82 122
18 154
173 214
247 287
143 147
196 201
53 115
226 277
27 115
121 141
160 299
17 53
37 53
8 164
7 276
103 107
34 232
45 58
16 25
177 250
6 245
182 269
55 90
68 82
12 233
196 216
37 66
73 113
9 222
119 248
124 143
171 274
37 55
231 283
25 294
107 160
91 214
8 222
215 242
186 270
99 111
229 256
46 47
17 211
215 243
106 207
219 221
255 269
271 277
196 265
129 173
60 144
151 161
124 130
3 7
1 268
136 158
148 266
10 65
178 273
16 238
203 279
34 95
76 247
143 158
10 121
157 299
16 19
182 208
84 120
25 102
269 271
71 105
157 162
176 299
238 275
99 188
180 212
13 232
127 146
43 59
4 9
41 46
61 124
74 115
13 214
132 138
185 286
140 154
45 81
115 172
76 90
84 97
128 170
150 162
222 231
133 199
99 113
185 268
46 132
152 264
243 247
272 284
261 262
186 265
208 287
106 118
190 290
7 54
114 128
242 247
18 285
129 300
165 227
246 250
33 50
281 296
106 229
96 221
14 292
2 87
78 294
218 298
35 149
122 225
28 189
39 69
192 268
169 261
98 296
86 159
69 116
16 17
23 201
191 221
164 268
132 273
205 291
87 223
47 59
85 256
199 298
215 299
98 196
114 115
127 256
26 175
130 230
82 101
37 73
216 286
116 300
100 102
131 227
243 283
163 290
139 199
13 228
192 247
14 84
2 138
177 203
208 235
185 203
250 267
152 170
49 60
160 181
116 125
4 231
95 174
120 130
131 297
252 274
131 133
211 244
76 94
249 276
78 286
54 154
54 127
148 276
195 225
221 252
15 249
31 57
112 298
133 249
205 288
8 174
213 246
25 244
279 286
235 261
135 176
37 221
157 296
20 294
135 257
124 190
188 284
247 273
222 256
2 119
291 300
209 256
102 113
176 209
204 288
25 253
160 224
133 142
24 133
229 291
135 150
246 247
125 151
273 293
169 241
203 205
103 191
161 293
37 107
218 269
236 286
37 84
103 211
119 151
161 276
28 133
79 84
71 91
154 190
38 74
171 226
147 156
193 221
131 237
36 139
82 216
209 258
96 103
151 154
72 117
194 270
122 260
8 49
160 191
16 297
216 270
102 238
124 299
19 256
9 188
31 72
13 216
260 284
4 256
174 209
130 228
30 70
119 132
65 69
200 215
82 210
168 194
119 165
184 258
131 187
21 248
227 233
243 300
141 209
21 103
223 248
172 196
16 219
6 241
166 173
66 146
12 63
263 289
205 261
14 300
132 290
108 278
26 196
16 115
106 248
26 223
65 222
73 162
61 99
114 177
181 194
28 44
6 19
41 45
29 138
142 269
13 35
1 13
209 253
164 223
225 261
55 72
103 144
40 81
235 283
186 217
69 269
48 113
148 235
154 173
8 181
179 291
48 86
250 280
169 256
130 155
1 132
236 278
65 121
193 250
121 221
37 293
63 68
37 67
179 189
163 171
173 192
293 297
208 234
26 188
53 58
25 203
23 244
130 218
71 146
146 283
1 210
230 276
110 133
14 66
47 52
105 244
263 272
95 262
110 178
134 221
20 209
196 198
130 178
186 266
129 159
26 86
71 126
213 218
97 117
15 250
42 73
54 139
83 221
146 165
215 257
231 274
93 186
264 283
261 285
163 209
91 251
145 221
2 59
203 271
153 204
189 218
196 234
27 35
49 103
128 236
179 290
71 95
203 251
265 268
7 215
184 276
59 276
16 22
14 294
171 207
51 63
181 222
152 215
130 267
227 244
36 74
8 191
113 117
244 260
74 137
177 255
79 275
77 240
30 211
23 54
13 17
11 248
4 20
121 138
37 77
24 200
4 12
156 296
148 268
61 284
183 186
80 102
229 290
6 148
16 119
134 240
71 108
178 195
3 121
15 173
169 173
197 227
191 194
123 133
124 129
135 269
116 147
161 225
182 203
195 280
9 100
216 245
13 200
119 190
184 245
184 221
195 283
104 288
250 272
174 285
135 228
165 173
76 91
37 101
126 269
42 45
21 64
154 215
172 286
28 153
26 103
61 241
141 155
219 250
11 172
18 284
101 116
173 262
81 211
171 243
3 223
194 255
166 189
20 286
153 293
127 246
6 204
13 251
8 166
118 195
205 211
84 281
68 95
98 247
62 103
123 296
195 293
165 277
197 241
172 288
194 253
102 120
99 241
69 122
120 235
229 232
199 222
185 276
13 48
234 283
18 242
213 281
18 297
77 148
2 141
59 272
46 55
256 278
79 150
179 213
11 17
115 216
132 295
59 222
99 200
241 244
180 293
25 292
171 175
11 176
133 151
180 268
125 289
154 180
222 275
177 208
34 60
64 75
71 74
42 159
15 189
97 262
142 151
179 232
142 146
123 148
152 205
86 119
34 46
131 278
84 228
196 246
232 280
119 160
15 225
149 174
35 45
222 290
139 260
10 215
181 241
87 221
224 284
139 256
34 73
34 43
1 292
171 182
18 233
60 152
172 241
6 196
53 94
92 103
2 161
227 242
23 34
118 162
219 227
236 283
144 159
106 184
32 135
136 137
49 64
49 256
144 148
42 52
104 160
240 298
107 174
48 124
95 132
157 236
233 298
291 294
135 167
126 238
78 102
11 174
55 135
32 72
254 276
2 191
2 24
92 293
159 250
18 85
217 227
11 19
74 166
174 229
7 274
170 250
87 188
198 238
160 236
220 263
206 213
146 237
234 288
20 72
180 229
60 157
12 59
28 297
2 65
32 45
189 270
53 66
48 127
208 263
105 248
89 239
73 248
95 116
103 105
91 212
110 281
250 265
114 266
66 70
74 196
172 247
165 213
107 240
2 209
178 297
8 110
39 123
53 68
77 125
115 117
195 232
102 144
7 12
207 241
54 160
258 261
209 287
195 198
260 282
125 229
125 269
41 152
194 281
133 224
166 269
142 160
216 250
49 70
17 173
88 265
87 181
84 114
41 53
163 288
133 135
233 241
108 174
48 51
35 99
32 162
167 215
26 120
153 261
15 39
189 232
178 215
234 241
71 128
184 289
165 268
117 122
172 260
229 283
84 85
239 277
38 72
223 250
21 278
232 234
87 219
9 147
70 71
13 243
238 259
223 249
84 106
218 232
82 162
26 194
154 195
124 131
13 242
18 141
95 112
182 263
185 283
92 288
21 247
46 158
188 213
88 115
96 116
48 69
34 126
34 134
200 222
200 286
17 92
28 64
200 276
198 264
132 177
56 222
25 185
251 292
100 119
263 265
18 197
201 290
117 251
230 256
59 160
177 228
33 75
119 241
37 290
146 296
147 288
84 151
189 267
207 260
8 254
216 263
203 258
115 291
98 217
213 234
135 143
7 51
194 251
234 284
18 244
99 132
263 271
189 226
209 242
135 200
36 149
121 193
221 250
117 127
157 300
80 185
110 154
194 214
28 139
33 128
234 260
203 226
181 278
37 116
177 199
271 274
18 169
44 56
59 146
4 198
7 208
64 222
10 269
259 298
11 216
17 267
83 84
148 181
167 173
49 155
12 19
5 21
216 219
214 232
23 192
121 223
34 72
89 273
80 94
114 125
152 166
13 89
83 240
44 50
118 288
126 180
177 178
93 299
111 256
176 221
50 148
71 118
186 225
44 75
166 196
103 160
87 263
203 278
186 258
161 235
89 217
102 136
7 261
20 133
147 155
137 269
203 283
184 186
173 278
186 278
195 206
190 232
135 212
151 217
209 210
213 231
7 196
190 238
141 159
63 272
259 277
5 78
37 106
220 247
25 58
12 244
133 202
120 247
152 154
250 254
149 240
75 117
60 156
100 235
98 258
92 180
126 153
35 286
208 253
71 81
175 222
167 177
100 115
153 256
217 250
171 279
148 164
177 179
249 288
117 148
79 117
5 293
131 243
164 283
227 283
119 200
238 267
89 250
86 209
97 177
177 232
89 124
96 141
83 131
193 238
121 159
31 73
29 149
156 299
222 282
169 215
81 293
121 148
12 131
34 241
137 143
21 216
36 143
160 217
155 156
103 291
80 177
56 126
34 136
28 227
66 135
196 199
125 202
1 4
237 300
174 233
131 198
5 17
76 116
115 222
134 148
147 260
135 152
92 102
27 201
180 198
21 238
73 94
141 223
182 216
173 282
185 250
119 280
278 290
3 68
93 135
11 167
66 148
221 281
141 247
69 131
34 80
171 197
79 279
91 196
181 223
43 49
202 283
47 140
168 216
245 275
55 73
192 277
27 293
208 237
134 147
272 291
50 157
106 246
7 283
135 157
281 286
7 148
112 117
272 286
233 245
83 116
130 144
34 57
39 49
113 291
196 206
219 286
247 253
125 160
121 185
160 223
172 216
209 223
41 44
209 248
26 170
20 36
138 209
206 261
168 223
170 196
68 73
24 61
139 179
163 261
34 267
164 196
16 263
82 84
51 211
7 291
114 180
180 279
23 285
210 256
189 214
37 72
8 115
197 261
208 272
122 264
114 153
8 262
99 266
65 146
211 235
38 156
158 211
40 48
13 181
25 233
82 95
222 228
167 189
202 222
33 147
237 245
73 122
253 283
281 284
190 241
58 155
103 225
131 300
244 261
21 138
195 214
224 276
60 269
18 123
164 208
58 131
116 156
175 274
215 219
145 246
186 230
205 298
43 156
98 174
246 291
180 192
19 299
66 124
236 250
18 228
103 176
206 215
202 276
24 288
203 212
212 269
97 248
196 202
121 128
260 285
226 288
189 274
13 170
19 263
22 28
133 157
223 242
135 230
33 186
228 284
127 142
152 240
122 199
82 111
227 255
82 233
25 95
2 238
47 69
62 70
12 68
33 140
230 277
2 186
39 59
97 180
82 163
121 177
11 187
184 288
21 245
95 211
210 277
131 296
217 222
2 140
113 259
34 149
160 216
177 182
247 272
223 284
16 99
34 269
43 44
148 237
168 296
231 277
97 211
154 231
243 278
138 278
121 213
116 154
155 238
259 284
72 149
8 108
4 17
256 289
262 268
71 216
96 195
171 194
107 256
176 245
111 119
219 283
80 244
119 290
28 138
119 289
27 173
153 269
8 280
114 154
23 166
109 276
34 137
3 295
195 256
48 110
272 283
108 129
146 257
130 294
148 272
184 241
7 286
188 278
9 129
268 287
119 258
183 238
138 186
148 256
148 189
130 179
13 61
216 273
223 246
155 184
7 184
128 138
157 269
130 212
212 256
154 260
40 56
172 263
7 213
221 225
156 190
173 222
189 256
139 144
245 278
160 239
22 208
125 218
213 236
115 120
15 75
89 300
189 244
2 5
177 220
24 284
79 211
37 195
132 248
79 267
87 272
32 148
76 269
13 255
90 179
76 101
29 63
1 94
164 274
176 213
24 119
102 242
8 233
189 212
66 122
9 214
209 271
177 251
48 142
50 64
127 222
122 146
141 195
121 137
31 53
62 73
6 215
144 155
26 88
181 292
72 155
23 59
37 189
109 119
59 131
176 177
139 184
80 82
58 149
9 201
198 269
127 193
195 231
132 134
15 62
59 155
23 72
35 53
195 233
109 192
108 283
191 216
34 114
91 115
141 189
204 241
59 67
184 260
169 268
185 263
249 277
11 86
152 249
94 160
105 159
250 255
165 290
44 58
68 124
254 288
125 178
162 190
195 254
46 51
82 188
202 274
82 241
11 219
172 250
33 65
216 228
60 72
189 196
189 231
223 269
13 279
58 69
119 216
18 170
174 299
11 272
16 294
49 80
173 229
30 143
154 269
180 299
186 275
2 125
227 236
108 177
2 223
6 244
108 247
28 62
9 104
11 246
124 148
124 185
259 274
10 294
4 16
181 286
186 242
215 270
58 151
179 222
28 128
80 133
106 237
112 122
187 238
129 194
99 149
49 57
186 235
217 283
111 229
160 290
25 117
232 278
134 175
186 190
48 143
105 276
248 299
59 68
34 150
30 44
8 121
119 159
133 264
62 272
194 280
133 256
196 289
12 146
205 260
45 162
2 235
218 223
103 174
102 110
217 278
10 102
152 218
93 251
72 74
217 268
92 262
76 114
43 135
43 83
74 286
125 136
10 28
2 265
18 199
177 210
38 73
119 265
86 203
204 260
202 278
76 189
58 63
105 256
8 35
114 291
6 276
38 46
254 268
191 277
177 202
173 224
182 288
241 283
273 284
15 216
40 116
4 273
59 189
215 290
213 242
230 245
146 157
183 232
148 200
145 195
108 140
65 159
13 201
135 151
4 131
213 233
191 209
209 260
136 154
229 288
11 35
171 300
102 112
4 23
196 267
135 174
177 259
225 278
223 267
12 54
15 35
6 102
195 197
153 272
143 224
4 283
160 186
100 293
269 285
216 269
177 242
90 146
274 281
65 144
7 108
40 129
2 188
139 177
131 200
69 135
224 250
132 149
15 67
115 267
250 281
204 232
99 116
176 291
196 207
20 62
191 232
147 162
64 144
2 276
143 151
156 206
52 102
59 204
222 241
190 274
87 108
213 229
123 131
169 198
282 286
169 194
130 141
115 173
130 266
153 276
194 260
28 103
7 56
174 179
209 220
105 231
171 275
183 288
2 262
43 143
195 275
34 115
36 71
96 161
38 157
160 267
227 239
162 227
175 223
47 299
18 124
84 263
196 210
119 214
7 209
11 129
141 143
164 256
122 155
253 277
94 291
81 220
146 163
125 220
221 258
195 287
89 215
34 223
217 232
186 193
17 56
46 66
232 240
20 211
49 84
111 193
24 89
46 159
144 297
119 251
134 202
25 211
2 219
20 122
187 297
100 271
2 200
115 210
8 14
49 137
72 134
201 232
153 245
133 167
64 247
85 132
256 273
2 239
195 262
68 269
186 223
34 196
16 100
104 262
190 250
150 154
60 71
94 116
59 124
8 80
105 260
136 148
27 233
254 278
126 135
228 269
134 135
48 103
1 189
33 117
117 133
33 269
147 188
125 235
122 133
76 300
22 231
36 144
59 194
121 184
59 216
205 216
8 109
46 148
214 250
234 290
177 239
194 287
177 207
94 105
104 119
146 170
114 150
63 158
177 224
1 298
199 256
97 293
9 21
277 281
227 234
238 289
15 251
27 215
134 184
117 141
42 57
14 153
4 71
163 263
222 278
12 82
220 245
132 260
126 152
171 212
182 196
42 272
68 116
209 222
41 69
27 296
256 275
177 193
213 223
87 106
235 291
9 216
166 174
84 156
138 154
25 129
213 252
30 53
35 146
119 281
106 203
66 73
229 263
195 289
51 139
65 295
219 260
222 226
25 272
26 98
242 260
152 276
143 299
115 213
45 145
87 227
193 213
99 185
84 181
79 236
9 191
246 260
87 114
242 290
189 264
148 172
35 40
220 276
18 75
39 46
245 259
11 290
223 268
221 270
264 291
29 222
217 241
93 141
98 141
19 286
114 116
105 184
165 250
161 295
146 249
240 250
17 73
176 261
99 214
23 28
171 205
130 278
40 131
9 255
71 150
186 229
44 74
76 223
227 262
176 269
180 245
154 245
18 49
203 244
40 124
21 40
23 219
12 201
67 71
121 188
87 291
134 293
154 221
177 211
13 14
205 223
8 228
128 143
82 97
115 233
99 250
247 274
30 157
76 87
162 243
208 252
13 153
163 174
6 28
157 222
197 203
180 258
153 205
142 217
156 236
211 276
94 259
177 273
128 130
24 107
219 241
6 16
155 269
115 119
12 200
45 56
217 284
166 221
83 226
92 281
216 251
55 64
29 135
131 269
226 276
215 265
152 220
57 142
2 20
246 287
208 279
147 217
94 144
292 298
174 291
38 122
196 242
235 297
90 133
152 158
193 290
130 274
87 94
83 211
170 232
217 260
26 229
210 260
3 294
186 205
15 296
11 154
88 260
106 145
122 196
