heur049_n_300_m_17695
9 221
206 291
253 284
82 261
193 195
5 147
33 150
226 266
20 242
67 68
280 288
96 110
106 223
106 263
1 48
185 266
2 114
8 223
156 232
109 180
211 279
106 154
29 152
139 249
219 288
11 14
174 201
77 296
99 227
114 145
161 282
224 299
135 142
91 175
249 273
153 285
51 61
108 284
100 151
16 261
89 179
189 193
84 248
81 266
160 262
100 125
238 291
9 76
78 229
278 287
84 140
38 62
83 248
248 286
56 88
189 236
27 242
164 266
184 283
195 221
177 186
40 135
186 247
43 75
87 93
198 294
143 176
128 233
27 243
62 68
16 249
169 217
257 295
184 210
19 99
165 201
6 74
30 62
73 223
161 241
130 292
176 189
70 82
138 240
122 295
249 254
22 112
8 224
120 210
91 186
48 101
109 280
171 264
160 200
155 267
13 229
105 133
186 213
145 291
7 61
13 175
270 283
242 295
24 283
150 214
48 152
172 266
232 266
2 33
129 162
161 292
184 247
121 288
21 118
149 160
201 261
3 9
30 56
150 203
255 266
17 70
152 183
73 148
273 277
97 119
80 98
138 174
252 278
197 284
106 120
79 187
43 129
34 120
65 129
27 179
22 27
13 101
184 213
204 281
48 134
167 194
207 288
95 133
126 128
26 204
15 80
36 59
104 174
213 258
187 285
87 96
211 290
117 157
113 139
103 295
87 194
15 59
146 299
163 248
56 200
64 82
217 239
26 107
162 217
124 139
102 205
227 284
184 286
120 268
258 280
8 296
22 204
120 238
171 195
100 175
109 220
29 155
105 298
169 237
148 260
21 269
116 141
71 256
108 209
12 282
108 160
24 201
201 259
110 140
138 145
151 199
250 282
87 231
162 174
263 296
156 181
170 189
237 242
262 277
64 270
156 283
30 99
61 141
118 128
59 83
180 285
293 294
74 155
201 247
140 194
22 89
43 132
47 211
176 249
108 298
59 240
137 158
123 152
62 299
22 194
89 143
219 224
184 208
170 195
20 235
5 62
76 120
18 174
247 266
22 23
78 91
20 190
60 65
99 168
117 285
122 194
89 186
107 296
200 243
135 276
264 271
37 108
73 124
33 61
12 212
102 206
69 90
8 255
4 161
109 211
11 23
9 175
89 130
62 150
12 179
130 163
21 281
106 291
54 59
111 184
78 211
15 291
194 227
32 129
68 157
131 256
179 216
120 198
161 229
89 103
189 202
111 120
63 152
123 135
83 120
181 266
90 151
189 271
110 259
128 252
9 26
1 290
125 221
251 277
233 284
215 248
109 265
33 136
11 279
217 252
18 110
183 201
8 210
120 224
273 299
190 258
117 207
48 74
33 54
13 18
5 7
61 272
150 253
11 78
70 134
133 172
141 190
55 128
192 250
171 284
202 264
56 69
43 69
21 228
88 259
195 271
265 266
200 282
168 266
27 186
88 91
184 267
268 281
99 300
45 128
108 277
27 122
117 177
50 127
52 138
7 78
64 295
8 106
249 262
183 200
258 267
148 232
15 72
113 200
11 228
148 238
180 240
67 144
112 115
182 266
113 119
28 269
113 244
174 259
126 222
153 262
76 191
149 291
97 132
146 224
126 131
22 221
182 249
26 77
85 237
114 209
114 160
80 97
37 143
20 275
107 281
126 155
76 96
28 36
87 101
48 256
38 50
17 26
143 217
3 300
170 178
180 182
21 294
36 122
6 9
50 125
83 263
142 156
186 197
98 107
64 240
5 6
116 128
129 269
240 246
47 127
111 122
133 185
129 296
139 238
1 250
23 164
21 77
136 294
141 293
2 174
140 244
13 290
180 265
122 230
124 198
25 276
64 110
159 248
18 88
106 113
36 155
125 167
20 234
59 252
224 296
12 211
47 300
189 281
58 65
91 103
270 287
130 273
100 282
230 284
8 119
53 235
132 300
215 258
13 114
2 9
179 186
24 148
191 284
152 176
156 222
10 182
35 69
99 128
30 127
248 265
202 269
1 69
98 190
127 130
28 202
115 146
152 235
173 211
11 207
31 151
44 72
105 237
158 297
186 264
82 113
105 243
24 274
150 152
65 149
124 238
43 149
216 248
15 19
2 169
121 156
219 266
229 237
194 248
87 249
193 298
87 282
106 188
59 148
25 200
102 248
70 74
69 111
96 106
69 96
87 167
33 201
21 268
156 238
244 270
78 151
174 247
37 138
107 115
93 291
87 266
212 222
10 245
134 150
9 250
8 118
198 248
32 69
106 256
1 242
26 106
72 158
10 87
62 156
220 264
88 104
26 207
130 162
130 239
150 197
223 298
51 74
53 67
80 135
16 175
252 284
124 222
30 89
158 293
196 222
204 211
21 27
217 233
75 144
121 139
52 64
124 153
26 231
163 216
99 109
12 289
100 227
151 155
128 140
76 113
111 128
65 130
153 247
20 172
24 147
71 140
116 144
11 181
102 230
82 106
26 114
11 255
1 22
98 112
32 136
96 158
25 267
150 244
82 141
161 202
211 224
62 297
23 178
129 157
1 186
58 166
132 228
100 161
186 231
185 229
76 135
170 298
18 68
36 75
151 244
198 211
125 275
263 299
73 115
101 111
93 160
231 281
185 212
85 115
41 85
109 253
152 199
37 159
103 119
23 280
59 267
21 223
77 281
113 118
177 198
138 158
151 209
210 217
195 220
27 255
67 209
12 17
179 237
22 78
113 293
60 160
18 137
103 251
85 223
191 288
40 102
56 100
200 255
141 156
249 280
17 155
16 217
33 277
237 264
184 231
13 207
275 297
130 219
18 81
10 95
144 149
26 76
18 161
153 254
80 160
71 180
143 206
21 157
34 297
103 113
152 204
145 217
64 94
125 244
64 83
38 53
5 48
109 110
63 130
21 204
50 82
7 74
189 260
24 194
62 76
261 277
109 168
67 90
22 134
109 275
55 65
190 195
174 216
20 263
56 270
250 262
189 237
58 59
288 295
189 219
125 181
184 227
284 286
55 109
150 207
34 55
156 160
212 237
161 267
109 287
76 225
209 270
152 185
173 256
87 230
147 161
206 256
49 211
12 169
82 151
201 227
201 262
12 137
51 134
11 277
39 61
195 237
248 285
184 242
38 140
64 68
74 122
99 100
109 227
220 249
21 106
9 19
84 225
214 277
100 185
9 190
122 263
107 237
78 114
120 236
95 109
26 192
152 269
13 184
15 99
237 289
23 53
88 234
29 44
60 217
194 206
83 90
8 253
8 18
13 92
81 140
115 276
195 255
11 212
60 128
141 149
147 199
87 90
120 176
49 162
122 177
192 270
7 206
23 226
139 180
70 156
134 299
189 249
11 261
221 298
82 192
233 250
218 250
149 227
164 194
28 31
125 128
140 209
231 250
124 151
4 90
277 286
59 147
18 129
189 241
103 222
237 268
23 211
150 158
136 209
153 275
120 234
199 277
50 60
59 206
173 195
77 146
28 72
116 202
35 152
139 248
216 278
98 182
158 291
72 122
130 272
156 278
119 296
24 188
76 178
200 229
73 90
184 262
191 248
110 174
27 228
202 214
85 295
89 108
7 91
117 205
125 191
133 203
5 198
182 281
34 143
1 26
236 288
97 263
9 293
117 161
132 296
92 108
248 254
33 294
2 204
203 237
139 156
156 167
146 153
64 258
91 257
141 186
23 248
176 288
184 287
11 54
169 200
125 274
22 293
101 291
94 174
129 217
99 186
63 124
98 245
20 187
83 203
8 215
49 156
85 214
202 295
26 290
292 297
88 174
277 283
245 256
125 172
71 152
36 44
79 170
59 120
45 102
33 250
78 188
81 119
134 161
151 296
155 202
91 252
64 106
16 243
29 148
23 268
191 211
23 180
185 201
15 224
98 167
27 250
252 270
230 266
18 283
92 104
237 294
60 74
122 134
82 98
277 278
55 59
99 153
117 137
54 296
197 211
230 249
188 195
50 57
115 192
16 296
114 144
243 281
150 224
152 189
12 135
24 162
198 288
99 126
23 120
65 134
87 268
149 211
50 128
36 158
98 116
272 288
33 38
89 109
133 257
125 131
46 69
82 231
5 19
100 241
24 65
208 256
79 102
91 228
125 278
120 273
92 162
119 175
188 189
128 161
90 263
186 203
279 288
136 190
120 161
159 207
114 288
25 28
159 162
2 91
51 81
120 233
115 118
205 299
2 93
68 152
57 62
185 223
116 126
55 129
12 61
30 158
99 243
133 253
59 178
18 258
152 251
45 146
24 25
69 137
127 154
86 189
23 243
235 281
160 190
216 240
185 258
70 103
225 295
72 75
59 263
100 231
96 217
109 254
28 59
80 122
112 133
164 217
137 174
238 277
211 277
113 165
266 272
49 125
150 229
250 252
185 282
82 104
135 295
53 127
184 280
207 216
216 239
14 23
106 132
52 71
87 169
132 153
278 298
103 111
76 99
101 113
95 223
132 141
174 242
114 240
8 204
111 114
156 230
11 103
99 178
22 286
82 228
59 179
61 150
9 179
64 159
18 140
110 248
41 139
148 274
103 275
37 132
248 275
184 225
164 298
59 232
208 277
9 10
123 153
56 63
297 300
65 72
85 200
13 289
119 125
56 92
100 191
46 74
80 96
4 105
22 288
132 298
122 292
217 228
254 258
189 225
60 134
7 18
146 161
26 124
10 225
148 267
232 258
20 272
116 160
162 215
185 285
174 222
90 290
52 61
250 290
189 278
119 198
4 144
243 288
15 266
100 264
96 237
160 173
248 262
242 288
114 278
161 221
122 280
2 227
110 211
82 107
18 87
202 290
38 83
76 111
10 211
39 74
139 221
19 244
38 118
100 253
246 288
123 144
128 300
26 193
180 248
13 191
269 288
256 283
13 171
24 233
1 151
5 54
193 266
61 62
58 67
20 117
62 123
22 111
154 207
9 260
20 278
77 133
126 291
117 204
67 113
168 222
43 116
152 159
99 192
15 26
262 288
92 237
26 273
110 244
144 222
24 85
137 249
88 201
109 232
37 49
9 219
161 173
95 216
78 217
40 82
48 125
98 113
31 143
63 116
36 151
128 167
15 156
115 221
59 247
28 33
7 93
97 284
248 273
283 297
142 238
94 130
101 133
211 268
100 171
91 171
194 222
67 135
125 291
244 277
156 182
184 270
158 185
13 79
59 268
34 123
59 278
73 221
22 247
37 75
15 208
35 135
129 141
69 291
135 159
202 230
130 262
183 216
161 181
99 115
183 194
122 219
74 138
20 63
157 276
81 172
100 168
133 207
120 245
47 56
121 189
73 144
92 97
201 204
261 287
56 80
91 230
76 218
230 298
44 65
17 61
38 70
190 291
7 262
139 143
61 185
156 175
28 122
136 143
174 230
74 130
144 145
24 105
22 260
36 69
98 173
69 185
93 132
142 144
37 151
82 112
9 72
109 226
34 156
188 258
41 116
17 248
81 104
150 254
211 212
199 297
79 143
125 203
146 211
20 260
17 142
76 254
201 226
130 136
139 185
109 229
15 294
1 241
99 139
122 128
71 117
171 250
217 279
192 284
125 138
119 237
206 258
134 199
61 269
33 66
39 126
105 278
84 188
96 146
136 240
79 130
156 186
87 288
145 155
12 225
98 207
122 241
104 105
71 142
170 222
76 210
97 100
202 206
185 278
87 243
155 217
171 248
100 273
153 163
105 247
216 229
178 281
161 179
68 103
37 103
30 152
200 226
26 100
15 70
136 142
152 161
178 186
122 224
200 272
147 250
211 232
90 249
194 215
127 131
160 187
133 213
148 299
186 218
18 251
46 157
29 59
120 219
53 56
82 200
78 81
111 249
35 196
168 217
119 167
59 280
144 240
104 178
12 285
11 102
24 210
82 118
32 34
81 98
88 222
58 159
49 67
201 272
126 148
84 178
94 266
137 295
41 272
38 150
148 293
118 159
2 12
94 98
161 268
20 241
200 210
178 240
15 170
184 199
100 204
166 288
142 199
129 176
17 297
51 152
237 278
193 270
200 230
86 261
50 144
96 112
30 150
217 255
59 220
25 69
48 180
37 42
125 134
18 23
24 106
141 145
30 76
76 174
217 234
98 213
68 126
8 87
28 147
13 235
163 200
153 157
189 239
136 151
231 278
26 74
192 194
181 237
126 130
22 267
199 211
54 151
8 44
153 164
8 170
108 122
216 272
77 78
4 78
77 189
59 176
196 284
141 222
122 278
175 298
184 205
243 248
59 257
90 256
84 173
103 243
180 298
1 198
184 266
25 278
131 161
156 289
156 290
132 216
15 199
16 114
180 263
151 233
1 24
168 237
160 227
117 168
153 263
18 272
258 272
56 70
7 255
194 284
126 133
11 235
116 295
190 194
177 266
221 222
41 56
178 249
23 190
122 188
125 179
150 283
13 182
154 286
26 94
46 62
20 276
253 256
84 160
114 222
130 234
37 54
26 186
199 248
228 288
107 175
26 246
167 198
178 266
2 225
169 185
115 155
270 289
24 290
270 290
181 185
40 75
122 158
8 172
40 64
92 299
16 234
180 202
24 76
211 283
33 95
191 237
80 87
66 144
107 179
133 229
176 278
144 161
94 102
65 158
20 222
45 48
189 205
83 102
67 128
35 44
183 249
155 158
228 248
27 191
97 196
71 123
82 156
17 190
87 283
89 193
76 83
24 111
249 279
17 47
143 160
106 156
211 226
89 95
31 44
180 300
117 242
64 114
29 65
165 288
178 260
20 265
189 259
68 74
178 270
232 288
130 160
100 245
195 210
84 135
124 145
33 240
194 242
73 173
184 228
13 246
193 258
74 102
10 119
63 148
10 290
20 163
150 238
44 160
11 232
82 262
183 217
109 215
267 290
229 277
154 189
2 170
79 174
182 201
153 229
138 300
89 133
114 122
134 215
5 23
17 45
18 209
234 266
18 160
140 150
186 257
190 201
189 210
69 75
90 160
147 179
19 291
202 226
44 103
184 251
122 208
7 26
185 209
59 242
30 61
109 190
178 231
252 277
39 64
48 65
82 119
165 295
31 116
221 267
37 149
27 99
6 286
65 115
95 200
84 224
236 300
150 232
54 272
8 84
78 99
22 105
166 281
24 211
195 268
49 69
160 222
115 191
48 128
56 95
57 126
171 299
89 110
133 136
112 237
17 283
133 223
2 206
176 300
208 211
33 44
8 291
21 186
11 79
131 260
180 288
176 248
278 291
113 287
288 298
119 270
133 177
81 115
130 242
37 83
78 184
41 159
95 110
85 130
209 217
37 111
50 51
33 41
210 298
216 264
191 278
79 129
16 235
82 88
194 264
16 190
124 199
2 283
238 281
5 294
86 115
61 145
11 205
267 292
161 242
55 116
151 194
134 177
109 255
173 217
1 139
49 122
50 121
200 214
137 147
160 254
209 237
222 237
25 108
31 74
165 180
113 262
201 256
20 251
73 83
11 236
149 156
86 105
69 73
73 106
2 194
220 248
108 110
185 245
76 171
173 201
44 53
168 186
51 114
37 76
103 185
208 248
186 191
2 131
67 222
189 206
24 136
38 132
12 128
59 151
75 122
80 111
25 45
283 288
206 281
260 288
110 296
96 118
76 252
200 265
21 87
13 250
39 120
2 168
98 253
36 137
65 123
18 277
38 237
200 205
8 287
155 180
38 57
32 139
24 179
148 186
277 292
297 299
28 45
124 253
15 105
29 114
64 65
27 153
48 66
51 151
152 196
31 157
33 49
202 254
117 170
171 186
59 224
10 20
56 119
12 275
123 162
111 188
10 12
23 91
12 34
215 284
55 150
109 207
118 132
76 81
146 217
104 244
119 260
16 173
222 227
38 80
107 290
100 223
18 119
184 218
105 217
177 256
58 64
16 102
109 231
106 139
17 140
164 216
197 281
9 119
26 65
27 174
146 158
100 113
149 162
50 104
27 180
201 231
80 288
201 218
182 248
67 122
16 228
59 91
200 247
7 117
186 285
91 205
128 299
46 71
100 216
144 147
201 288
26 244
125 132
48 283
151 284
133 198
12 117
59 103
117 211
244 281
160 225
180 282
57 130
148 211
218 266
167 250
105 286
88 108
11 185
188 222
82 254
33 124
254 277
13 223
243 249
69 70
241 288
148 236
167 237
13 98
6 65
53 69
130 137
125 242
5 195
150 165
25 245
169 224
105 108
248 282
266 268
23 205
10 204
13 115
9 287
8 185
9 125
180 261
63 144
248 271
212 277
48 247
133 242
182 211
19 100
63 131
116 162
8 65
1 5
77 119
157 244
88 242
45 155
87 131
147 184
5 231
197 258
100 112
107 177
109 228
222 234
153 207
127 176
147 150
3 157
166 298
90 211
76 93
179 185
184 234
102 160
248 261
60 162
35 159
79 120
20 156
69 155
97 104
96 107
89 291
59 76
161 279
52 130
153 177
75 131
184 204
100 199
17 284
59 273
117 268
45 144
135 225
189 213
174 207
128 186
174 249
193 284
127 250
155 236
186 286
13 81
151 162
8 175
23 239
207 298
15 88
151 278
42 116
52 143
260 293
180 259
17 130
113 201
202 205
36 145
148 209
69 144
16 266
65 151
120 244
12 247
132 156
239 249
153 223
31 124
162 249
201 234
258 287
34 42
109 150
153 155
55 162
59 123
28 56
195 274
9 14
122 136
227 277
101 118
120 178
137 154
138 155
93 200
28 143
7 81
130 271
68 108
53 75
64 229
120 181
14 295
250 292
129 297
13 172
69 123
222 224
149 152
153 282
233 268
33 58
153 228
172 222
101 201
115 201
85 91
28 130
129 205
149 196
195 215
122 221
124 149
133 193
11 227
153 183
130 289
80 101
117 146
111 134
81 117
184 214
180 256
160 205
23 267
95 225
256 270
195 230
27 279
121 260
103 200
202 241
82 94
98 215
1 213
190 288
24 135
76 277
113 137
174 282
184 298
89 262
123 124
160 283
237 239
89 117
102 204
150 166
106 185
18 47
111 121
83 196
144 186
64 103
273 298
217 272
156 214
4 250
130 152
34 35
132 162
154 246
77 90
56 204
140 144
118 238
8 20
221 249
8 216
15 33
175 278
15 160
169 258
217 257
87 250
212 270
115 280
69 128
59 212
98 198
165 298
194 202
4 136
47 130
67 72
15 68
105 121
125 253
13 212
242 258
138 269
94 119
35 211
97 271
7 11
139 162
123 236
198 281
114 124
4 75
27 178
76 92
126 139
146 176
100 220
194 258
99 134
10 84
215 249
148 243
28 248
165 203
28 58
135 206
18 77
41 64
160 280
119 232
101 106
87 214
59 234
106 260
155 291
29 134
170 284
87 115
185 239
194 289
194 290
32 147
23 236
72 137
59 197
26 185
115 144
95 173
231 264
142 158
63 129
81 281
73 75
167 211
98 222
160 243
25 97
202 260
183 270
163 284
23 176
248 288
78 93
99 204
15 253
147 152
136 292
102 132
76 185
8 113
89 122
267 299
108 202
194 271
51 189
209 281
132 142
238 299
55 152
2 74
76 287
15 256
1 111
34 147
187 286
189 273
25 241
180 219
83 108
106 147
237 238
17 185
17 97
70 125
90 174
189 233
259 288
85 109
49 152
69 146
11 64
100 286
133 160
127 162
191 250
83 132
177 200
45 135
184 252
209 211
82 100
123 292
165 221
38 81
106 249
3 244
200 264
16 270
103 257
150 252
19 26
50 54
26 254
93 189
32 103
122 290
76 260
104 129
45 148
256 277
103 120
111 160
137 150
1 267
192 201
84 101
185 251
104 107
127 209
122 180
170 249
54 126
77 82
42 152
102 269
11 274
168 250
57 272
127 184
202 240
162 196
183 250
144 209
156 157
185 220
55 146
121 161
25 140
11 243
129 186
136 236
124 269
200 246
30 75
249 298
46 145
115 223
17 277
31 156
79 100
129 137
85 258
229 284
165 276
102 131
161 191
269 277
187 217
85 90
207 266
180 264
184 191
37 65
81 97
156 172
14 20
28 39
65 297
156 165
61 293
18 27
12 176
181 250
120 276
85 153
224 288
8 117
87 227
195 200
42 135
199 295
17 196
58 253
79 162
21 211
56 186
61 126
118 125
37 162
136 138
106 262
58 130
67 116
185 271
109 125
35 162
150 246
180 200
17 24
258 274
15 257
86 91
97 105
9 171
250 278
202 288
194 276
127 296
18 107
98 225
125 155
50 141
116 150
102 292
201 254
90 109
28 244
156 215
34 113
1 96
138 150
110 295
76 241
193 211
190 281
220 237
23 240
81 131
97 115
247 250
31 37
281 291
122 244
91 288
88 98
189 197
77 97
127 134
17 161
105 258
185 216
119 266
214 240
119 182
25 295
47 103
3 59
65 71
5 135
75 146
43 158
86 173
5 25
8 279
96 185
70 160
150 193
195 298
39 156
71 185
9 25
122 181
222 280
189 191
127 133
15 214
83 91
229 258
137 222
162 211
56 73
153 297
91 111
185 265
16 212
211 225
208 222
89 101
19 27
23 263
152 217
6 100
91 240
76 157
89 112
32 71
22 106
19 24
146 199
264 277
28 141
24 112
38 48
189 252
99 291
132 137
200 236
93 300
263 283
36 62
122 168
79 185
125 290
78 262
95 240
80 131
227 249
153 175
253 270
2 15
77 248
24 152
184 233
176 200
98 166
236 270
284 292
40 146
131 264
117 153
227 266
202 224
75 152
2 175
82 117
79 252
194 272
94 237
71 127
264 298
130 151
18 175
114 214
59 191
114 296
127 128
20 181
7 272
117 158
156 198
15 17
97 291
121 154
2 193
133 271
7 57
186 282
156 253
222 249
48 273
150 212
153 188
22 256
72 211
150 230
44 82
195 277
179 217
147 175
175 288
171 277
162 251
63 95
51 116
48 156
153 169
111 273
15 153
128 217
58 126
23 209
66 137
115 186
174 200
185 240
153 264
109 137
79 237
189 246
40 196
166 266
76 289
22 201
20 271
34 162
89 102
24 146
186 252
44 217
27 172
102 163
20 197
37 90
187 209
187 222
125 230
205 248
156 257
1 50
61 140
38 39
20 21
216 227
80 276
84 201
226 258
94 185
78 133
47 142
68 186
176 277
130 157
72 152
145 184
91 286
58 235
21 219
76 203
7 241
64 135
107 298
194 259
178 217
105 111
150 287
62 161
145 260
82 184
161 231
100 173
41 162
117 222
222 283
231 298
216 236
194 241
38 43
90 244
189 204
104 196
204 256
46 48
199 292
97 107
107 273
203 270
178 237
80 120
8 241
195 223
20 78
91 190
81 90
19 285
184 272
79 108
258 271
150 227
63 151
87 186
7 62
142 206
67 154
67 114
107 209
49 135
8 285
15 87
123 294
59 66
25 59
56 62
98 103
124 147
125 182
123 199
202 271
155 299
185 214
26 119
18 148
200 256
82 248
74 89
150 157
217 219
237 260
98 114
111 260
80 89
48 202
130 131
199 270
106 138
28 142
82 203
15 236
234 291
43 64
33 72
59 265
237 290
124 125
28 54
153 209
36 156
48 146
18 253
11 267
91 220
7 119
120 239
130 299
199 200
132 217
153 230
40 148
12 250
134 179
131 143
59 157
122 262
44 142
145 185
181 200
75 249
166 277
188 194
76 257
202 239
41 156
162 202
202 258
16 256
134 149
154 199
126 217
24 273
275 284
79 116
185 213
205 258
34 70
138 148
85 244
148 233
162 279
5 175
156 203
100 153
200 203
76 236
164 201
82 132
122 246
51 122
94 100
133 186
76 98
9 277
50 52
44 83
117 169
185 260
165 266
59 174
174 286
27 80
185 194
177 184
90 93
127 155
1 168
109 156
80 296
13 77
153 291
60 116
237 252
138 291
50 53
38 123
134 188
194 220
170 200
82 86
9 189
1 300
44 47
48 154
75 299
134 193
11 259
130 191
216 298
76 138
164 200
1 182
138 161
12 224
31 67
18 130
78 273
195 229
147 177
47 283
189 238
168 185
59 65
185 275
27 283
118 248
109 272
195 300
89 288
86 117
196 299
222 232
112 295
59 231
56 114
18 215
119 278
174 189
27 282
12 263
4 102
87 111
129 209
250 251
25 296
13 198
20 269
103 126
133 137
202 208
218 288
25 27
39 44
7 192
83 104
123 146
100 224
137 142
202 221
77 91
16 231
67 160
184 217
64 160
26 293
78 112
182 298
8 21
27 203
77 223
121 125
85 186
137 148
57 75
20 56
101 284
249 252
97 133
152 209
150 265
4 145
156 171
84 148
42 69
75 116
150 191
17 263
186 288
216 246
32 65
38 128
67 136
248 293
120 259
30 65
140 158
247 277
104 149
8 173
175 293
38 110
180 230
18 122
244 249
185 273
150 159
61 64
27 199
140 153
156 166
100 213
66 150
86 92
146 156
130 254
100 105
193 293
197 266
21 299
20 161
73 189
24 300
152 299
81 109
32 161
117 230
197 249
116 185
75 135
175 258
2 129
109 153
74 80
161 249
130 257
100 229
67 146
146 151
43 56
87 255
201 208
34 51
139 188
98 290
176 256
1 170
222 286
7 254
193 201
216 257
175 184
135 278
15 206
251 263
40 71
2 47
49 61
34 222
59 287
201 280
76 77
36 211
100 156
14 68
185 267
13 222
42 151
70 152
65 157
236 256
111 207
76 294
63 125
211 213
160 218
20 199
9 296
132 160
16 183
150 164
246 298
198 201
91 281
135 299
10 285
183 277
134 290
216 252
98 221
76 243
134 288
61 75
194 252
113 115
201 225
70 153
76 170
80 223
210 222
125 219
20 182
88 292
112 200
154 188
222 254
25 192
122 254
78 89
225 299
144 211
142 240
157 161
51 62
228 256
113 219
138 162
202 250
246 277
16 255
117 252
79 82
270 273
5 153
99 244
260 278
55 158
216 265
59 246
151 293
174 300
293 296
219 233
150 221
99 138
125 226
8 26
75 160
213 248
6 76
13 64
21 295
199 294
200 275
138 153
20 282
19 210
16 101
15 297
195 261
143 222
199 266
16 160
45 124
250 289
76 88
108 276
133 235
121 147
169 186
104 212
76 291
36 129
149 224
193 277
128 157
4 112
120 180
177 248
129 243
65 125
247 249
99 248
11 178
102 104
168 299
115 209
103 116
263 277
124 249
100 133
150 186
17 21
1 25
17 124
24 99
71 260
18 225
20 261
11 218
156 292
222 251
98 181
114 119
262 270
26 105
148 217
195 202
33 74
143 145
150 264
13 38
8 243
76 275
27 226
266 273
113 131
61 248
199 202
133 246
200 242
233 249
43 117
212 250
111 247
97 289
200 219
59 137
128 278
158 240
122 285
118 209
257 264
17 216
8 91
173 258
114 123
153 257
123 154
34 102
118 278
148 201
166 186
16 215
109 171
98 218
146 186
52 56
130 145
29 48
72 162
112 299
156 180
37 63
87 200
195 227
57 67
161 230
235 292
25 76
157 215
109 148
57 64
77 244
96 109
15 85
266 283
16 176
129 299
8 202
225 270
128 139
148 241
46 129
111 147
270 275
146 269
18 59
87 133
3 245
43 272
110 270
26 260
256 299
18 275
93 111
203 288
87 104
172 249
52 161
87 264
97 189
68 267
155 256
87 201
59 116
201 255
94 248
46 128
248 274
201 206
83 174
125 245
257 284
34 159
37 70
84 291
2 23
4 130
62 67
154 179
222 233
218 222
110 173
18 25
43 144
186 238
62 249
150 225
216 238
173 281
7 251
129 190
122 157
165 248
222 239
162 222
123 299
164 288
139 161
210 258
255 256
122 206
52 65
28 46
173 186
62 94
186 289
84 240
133 159
141 240
133 182
86 158
92 120
7 214
2 26
64 72
33 43
86 240
116 296
8 192
195 282
281 289
189 192
249 270
115 116
92 257
122 165
150 176
45 117
115 152
109 285
28 154
186 195
140 148
167 185
133 265
11 210
16 196
122 154
106 299
195 281
101 250
105 116
106 258
7 235
73 116
142 154
95 248
100 252
136 141
139 141
144 195
37 130
256 288
16 253
222 262
78 207
146 202
47 61
255 288
185 189
100 254
117 136
23 247
85 113
33 134
109 240
120 213
153 208
9 272
26 241
12 218
220 284
194 247
79 133
216 276
90 114
263 288
205 222
135 209
117 282
1 185
296 298
175 195
176 194
108 119
150 155
59 286
117 236
60 135
81 116
76 188
194 257
229 250
202 242
131 156
177 201
76 103
30 71
15 292
59 166
18 260
161 165
120 260
33 83
131 150
87 206
34 40
185 195
124 184
13 166
120 290
8 251
184 196
139 246
50 74
28 149
117 257
105 250
7 182
136 195
15 38
90 91
185 289
181 270
133 145
93 237
200 223
31 141
21 198
25 61
125 187
173 216
2 201
27 169
93 243
64 137
5 128
34 49
161 192
86 109
129 215
104 145
44 73
75 195
89 115
117 147
60 61
163 185
11 251
291 299
179 281
12 21
18 72
151 170
82 150
3 119
196 211
17 74
172 264
107 247
153 172
12 228
76 299
98 210
180 203
18 105
121 244
14 284
204 216
108 109
156 168
125 227
175 264
35 158
184 255
231 288
133 286
238 266
37 58
188 200
84 209
89 91
95 291
156 262
124 174
91 209
48 107
78 79
18 280
224 256
117 227
148 283
82 114
146 205
12 260
256 281
53 126
230 248
38 125
125 142
148 210
86 200
35 151
67 134
125 145
134 141
76 86
160 192
143 162
200 245
18 223
56 267
26 152
36 127
222 270
178 294
203 277
54 262
45 69
176 184
117 165
202 273
201 236
222 252
15 23
196 248
231 248
150 273
5 123
32 75
168 258
65 143
155 300
131 151
184 261
29 160
141 152
98 268
52 59
176 201
37 222
44 45
130 185
161 169
122 140
20 193
86 93
201 257
211 215
12 231
10 233
217 275
109 278
20 229
158 161
88 266
109 257
151 189
154 222
131 190
89 118
30 103
11 26
95 277
162 168
144 190
89 209
192 202
141 154
191 258
120 267
187 189
126 276
114 129
3 79
36 61
37 69
153 197
235 256
97 294
150 268
100 233
190 256
59 165
35 296
91 172
100 232
186 249
241 250
122 240
202 262
43 148
153 265
77 104
150 177
125 254
266 275
150 247
153 191
13 277
90 102
33 82
127 151
160 211
31 296
11 114
61 291
34 185
153 159
161 180
131 149
50 152
128 147
114 202
248 256
69 156
123 125
220 277
98 220
143 238
22 121
202 246
96 293
90 150
175 185
122 226
149 155
197 288
153 181
126 159
257 258
25 293
20 224
26 298
166 258
69 136
99 117
75 83
32 149
109 274
122 293
57 300
128 214
250 256
5 209
56 228
294 299
266 285
30 147
225 256
185 238
1 234
28 162
111 175
133 226
128 148
7 258
106 158
199 299
211 237
270 284
151 251
151 152
49 148
146 251
87 125
83 148
109 131
1 113
34 96
249 285
85 246
9 13
91 227
183 184
200 279
128 156
2 268
20 57
276 277
242 250
62 293
95 201
133 191
237 282
157 267
156 158
7 289
7 290
118 281
135 250
130 259
150 183
15 61
16 105
87 258
256 280
169 250
178 216
79 126
140 240
41 122
96 133
217 251
193 256
39 295
1 149
76 274
11 198
45 95
150 151
81 133
77 108
153 185
113 289
34 138
114 134
249 271
148 278
128 153
73 244
279 299
73 117
35 272
91 168
153 246
179 284
120 253
119 170
77 295
108 150
70 114
22 177
22 179
221 277
59 142
172 200
23 271
248 297
7 164
211 249
66 152
56 217
3 204
85 121
28 295
42 146
122 163
13 168
37 128
48 155
168 202
18 202
78 149
140 222
21 83
57 141
56 299
200 268
91 246
34 141
113 178
11 61
145 146
204 248
21 243
130 186
22 223
210 266
20 120
56 68
40 44
13 249
78 158
63 269
156 159
23 25
125 197
270 278
110 120
283 295
127 174
186 215
20 248
16 279
242 270
249 286
4 11
185 293
156 285
93 271
109 172
138 149
9 263
150 173
123 161
43 160
82 155
213 222
250 287
73 160
33 36
156 265
16 272
225 284
57 161
84 276
82 256
7 103
14 253
114 120
146 222
12 279
18 94
105 174
182 284
169 195
259 266
293 295
8 27
130 296
47 71
114 178
92 185
248 287
50 62
98 285
6 285
149 236
147 222
7 20
219 256
36 135
242 281
185 230
104 202
186 232
17 103
87 165
63 161
83 281
78 108
145 153
185 215
37 99
137 157
149 176
56 288
8 268
122 166
21 201
186 234
122 169
42 56
166 216
135 186
258 269
235 249
196 249
195 224
81 159
138 151
8 199
149 150
230 240
103 153
133 221
195 272
13 195
92 222
130 177
18 147
102 185
140 145
133 232
196 266
18 182
99 160
70 148
112 121
91 191
5 59
161 208
225 277
100 189
26 135
148 240
44 147
4 147
82 195
15 113
47 272
189 224
80 116
194 217
5 10
128 211
28 40
197 277
6 182
10 21
1 100
12 177
13 189
223 266
22 210
97 120
7 280
29 137
19 101
107 108
51 158
135 240
169 249
21 110
81 216
208 270
139 250
81 122
124 217
133 164
87 233
156 220
20 179
238 248
42 211
215 237
259 281
161 300
188 249
63 114
4 13
174 237
83 130
56 155
23 169
211 269
150 213
233 248
15 267
245 266
105 221
18 34
15 63
8 283
129 278
100 289
97 292
139 157
25 170
91 243
91 231
50 73
33 143
49 144
30 115
40 294
90 291
64 148
169 187
52 211
53 62
245 249
34 103
196 270
26 182
106 111
20 47
69 143
185 279
27 156
216 224
91 104
21 277
179 277
250 279
171 217
106 151
237 240
166 195
257 299
165 237
89 107
11 191
66 149
122 162
91 285
122 239
17 123
175 216
17 101
26 162
11 107
64 67
181 211
18 210
120 204
101 193
109 112
84 111
36 128
151 297
297 298
63 76
129 206
111 246
204 217
145 152
286 289
128 129
209 284
82 124
52 67
58 122
20 206
84 256
12 186
237 261
56 283
156 208
169 216
160 268
6 97
24 100
16 223
90 246
3 296
150 261
137 256
13 204
186 216
194 212
55 80
113 208
185 207
148 286
40 128
7 212
178 185
207 277
134 154
21 166
187 270
181 248
223 281
65 292
2 95
55 272
217 295
76 283
157 160
275 278
109 217
293 298
98 272
260 299
25 26
27 239
256 276
124 158
133 166
237 249
284 289
123 137
50 217
125 198
64 281
133 263
55 114
200 209
100 150
118 240
53 272
66 103
32 117
27 291
115 254
131 194
160 244
78 260
164 211
107 221
98 279
59 226
154 202
37 50
3 81
16 191
166 200
130 290
125 224
98 176
85 102
152 211
166 211
90 298
122 132
214 217
201 242
126 156
84 109
201 219
100 206
40 152
113 114
68 140
70 145
185 243
89 278
85 249
234 270
83 178
9 24
99 223
187 249
51 137
197 248
8 88
128 269
242 284
211 222
63 145
8 208
89 177
9 248
71 112
258 273
294 297
21 274
41 129
247 298
122 242
76 267
59 283
98 110
150 286
34 152
34 54
118 200
150 267
162 240
224 285
222 271
157 176
103 148
25 49
50 293
117 219
175 281
101 115
43 65
156 243
45 151
189 292
106 276
2 300
61 104
85 159
75 162
96 202
137 195
157 194
141 217
32 61
18 79
21 222
187 256
27 124
153 170
11 56
116 157
202 216
111 250
90 188
37 141
27 192
135 148
179 270
156 210
41 138
130 139
185 252
151 185
14 198
8 263
99 239
98 177
210 216
91 102
177 277
121 123
90 216
10 194
122 142
49 146
160 278
11 286
264 270
31 38
154 296
104 217
31 135
186 246
7 225
51 115
68 92
109 130
31 75
3 110
62 152
248 277
245 270
89 211
250 258
133 217
16 241
117 160
189 294
232 256
154 223
76 245
18 196
9 226
254 256
42 50
85 216
91 215
49 129
101 188
150 220
12 125
35 61
87 242
30 114
89 96
8 93
115 261
93 238
142 155
184 232
59 225
70 130
27 259
104 151
157 224
278 295
117 188
79 240
213 249
20 280
209 216
33 123
165 188
154 157
129 248
102 276
57 74
9 278
31 61
3 211
176 296
276 291
198 298
153 202
15 190
89 144
213 266
20 215
24 223
200 206
82 161
28 51
8 244
160 183
22 115
281 297
144 217
21 38
9 177
38 155
95 256
195 226
140 299
62 89
224 277
89 223
33 292
124 161
26 146
187 231
86 114
15 83
160 257
78 80
97 103
156 179
193 202
23 181
12 15
102 137
156 263
195 239
129 131
107 270
98 111
49 295
98 233
102 169
51 128
266 277
101 119
22 87
224 249
153 290
26 97
62 146
11 98
65 82
56 82
76 153
106 179
28 137
74 195
90 231
91 291
235 270
185 274
109 248
194 204
91 193
93 113
195 240
119 284
82 109
47 156
175 250
19 65
133 255
201 248
266 269
194 269
13 261
154 175
269 292
79 262
87 160
8 168
114 142
292 296
130 295
189 222
133 149
153 268
16 116
98 105
140 149
117 214
84 219
213 270
82 198
71 160
222 244
115 262
133 273
62 115
276 284
41 62
61 143
16 209
44 106
40 132
21 23
16 214
76 238
188 281
37 136
211 221
27 231
168 178
154 229
128 194
34 157
4 193
211 217
117 231
37 134
15 48
131 167
123 160
172 237
202 251
7 40
99 152
48 64
115 122
50 142
122 185
111 133
86 97
93 154
44 114
69 124
41 71
34 36
240 264
237 274
26 111
96 115
44 123
7 253
96 101
98 260
95 269
1 102
66 134
89 105
89 188
135 145
42 148
195 205
126 240
245 258
75 194
185 233
24 229
103 237
46 152
238 298
96 117
87 89
106 286
133 173
23 278
218 284
12 120
59 121
8 86
106 222
59 253
258 264
35 139
25 285
61 90
194 278
279 284
192 217
18 237
28 113
91 248
109 193
48 79
174 186
87 187
99 135
196 256
23 282
138 217
13 145
30 34
63 103
198 299
102 111
163 180
267 297
89 138
1 276
279 300
27 240
9 18
109 118
257 294
132 168
134 156
187 284
102 118
113 278
184 229
12 180
59 229
16 204
92 116
120 216
266 267
87 279
129 227
27 88
16 182
172 185
120 206
27 264
13 262
33 284
211 247
138 146
117 255
92 295
195 247
100 188
256 262
49 71
24 78
267 284
172 217
212 288
99 276
33 158
146 227
12 248
78 118
32 152
155 159
264 268
92 111
49 136
205 250
163 202
82 285
256 286
133 146
195 258
206 250
259 270
171 258
78 177
11 175
27 295
152 167
217 245
3 267
145 160
58 138
133 218
189 247
173 284
163 250
187 246
8 203
241 270
169 288
93 266
216 282
9 240
17 37
47 67
201 270
202 238
147 151
98 280
188 250
78 154
2 166
23 227
42 124
106 175
96 119
20 210
25 286
23 207
25 34
200 218
37 74
132 135
136 153
116 152
102 109
27 214
153 173
42 156
18 276
13 22
61 72
127 159
88 244
202 212
40 151
179 184
47 157
218 256
29 38
98 267
66 74
269 297
23 177
102 213
258 263
257 281
156 193
9 61
150 179
69 141
127 160
185 197
24 189
108 225
107 293
13 119
33 141
17 63
38 114
177 249
51 113
94 234
36 37
79 280
170 184
20 240
132 140
7 104
45 129
116 135
8 13
238 288
40 160
147 293
23 163
117 274
103 104
37 94
75 159
91 232
9 262
120 261
11 199
100 172
156 162
156 239
93 119
122 271
183 284
107 299
180 281
185 188
260 270
128 141
96 263
10 18
48 122
84 91
51 69
150 174
37 57
124 181
142 150
76 175
21 181
108 212
153 218
11 226
34 78
44 146
97 122
29 130
95 209
126 149
19 20
125 137
172 278
248 281
195 218
201 268
58 272
246 268
109 173
83 209
49 151
14 234
11 87
7 44
249 251
74 161
42 147
120 214
8 209
62 131
5 295
58 62
104 211
28 68
34 293
111 221
100 154
20 274
213 284
48 49
89 286
123 227
37 299
26 147
142 152
73 151
77 174
56 216
23 215
4 114
75 124
225 281
26 62
11 283
87 170
2 153
17 42
125 276
214 284
23 185
48 55
156 169
23 130
7 198
118 137
196 277
270 295
126 174
24 207
108 262
134 174
4 177
188 237
86 217
16 78
38 137
57 156
200 233
178 189
28 185
117 144
162 238
33 70
12 122
195 265
201 203
117 124
16 289
258 286
163 237
12 206
56 223
17 34
153 241
268 284
160 199
20 218
133 282
161 245
177 189
40 50
185 217
132 283
205 237
234 249
8 99
161 246
11 247
12 197
159 195
126 184
117 216
78 95
97 111
218 249
30 80
159 199
222 245
24 101
54 119
176 186
227 248
14 27
148 199
60 64
34 75
194 234
76 284
222 255
87 222
185 237
116 240
65 138
15 110
64 209
139 152
186 253
56 58
77 266
198 297
10 276
62 81
42 132
234 277
24 261
186 241
10 196
133 261
126 145
186 236
119 239
160 273
183 222
81 296
211 248
109 243
40 114
99 137
37 157
160 161
117 279
48 62
50 185
102 282
22 175
11 68
187 248
94 109
180 267
57 143
12 121
193 233
51 127
83 109
19 223
8 245
195 285
116 291
24 267
39 71
135 205
174 231
214 295
96 159
238 295
227 235
29 158
102 214
27 109
117 187
9 166
194 279
267 295
67 260
4 111
199 247
135 297
148 168
90 247
79 87
19 87
98 216
247 258
189 254
248 257
179 269
254 270
7 279
86 188
48 297
10 54
72 135
101 290
91 254
127 177
255 284
196 298
24 214
148 170
201 228
35 148
24 27
100 265
39 62
258 278
130 149
250 274
28 52
100 274
160 209
126 134
140 152
263 284
46 134
24 298
133 259
1 233
17 299
222 235
122 300
63 155
146 159
15 200
37 61
211 254
91 125
27 247
136 139
84 119
184 190
104 159
165 189
11 208
52 299
115 263
73 299
179 266
81 89
44 145
83 119
33 211
24 67
102 151
194 210
264 266
161 187
186 260
178 194
101 189
17 295
125 192
176 211
37 46
42 44
96 223
192 248
10 267
69 74
208 281
23 167
25 56
277 298
16 178
37 160
77 116
183 258
119 238
65 89
177 194
11 254
116 120
59 227
70 155
175 237
143 211
201 253
1 110
110 116
207 248
104 216
59 207
15 132
175 299
160 259
184 220
90 154
221 237
45 61
64 142
5 82
224 270
14 33
135 189
232 249
38 270
4 290
88 294
98 161
117 179
75 102
179 288
175 217
8 286
253 266
16 221
100 118
134 246
81 100
16 245
5 144
13 26
33 138
100 243
40 67
102 196
142 236
46 293
137 139
178 200
189 251
70 144
48 138
117 245
59 193
102 157
195 266
80 117
72 116
129 147
67 157
91 169
133 209
190 248
20 239
217 229
121 246
256 259
13 193
26 191
120 160
41 132
87 220
104 122
5 260
107 266
153 279
181 300
24 192
82 240
123 158
38 52
62 66
59 138
11 182
182 217
180 213
143 154
249 281
78 246
101 174
169 202
99 101
33 208
85 86
140 269
218 258
154 256
185 221
148 251
9 275
135 293
223 237
232 277
133 162
133 239
153 267
48 141
83 115
81 95
152 213
74 134
215 277
11 194
143 152
3 18
64 296
112 148
161 218
199 249
168 189
51 67
15 269
130 207
292 293
107 231
136 251
33 156
119 206
130 134
58 141
65 141
23 228
26 203
75 300
263 266
34 111
263 292
11 225
13 271
67 73
189 287
36 56
153 160
103 262
117 248
43 74
48 133
194 250
141 162
6 13
134 143
103 117
266 299
153 178
168 195
184 285
73 150
17 269
242 248
44 129
171 256
248 278
167 180
13 211
164 281
237 265
281 283
206 288
91 95
201 276
189 262
203 266
114 147
64 81
211 241
145 188
240 281
120 197
85 101
214 270
76 249
148 150
170 237
112 174
156 254
25 115
222 279
95 202
249 283
238 260
124 291
164 249
5 269
21 291
269 291
161 186
45 76
1 154
87 183
50 65
21 286
211 262
28 66
161 294
96 102
142 190
27 218
18 76
26 221
130 282
25 37
99 281
99 169
25 68
35 144
186 222
64 107
13 248
131 163
83 295
23 171
108 291
250 266
133 180
200 201
227 300
8 238
109 269
63 160
73 192
119 201
139 150
202 284
3 86
15 262
20 93
226 278
199 281
249 250
38 58
59 62
201 269
31 144
17 40
127 161
249 255
77 95
154 249
15 228
11 262
1 14
18 198
137 161
20 204
58 61
89 174
177 298
64 98
114 148
30 116
18 24
170 185
156 183
83 113
211 252
93 244
148 159
46 150
117 243
184 299
20 168
9 109
94 296
16 199
18 118
125 287
248 284
275 281
45 114
162 209
119 273
34 106
59 186
143 174
101 294
156 282
91 142
37 109
119 189
80 100
37 211
117 123
148 191
194 243
94 108
56 110
4 101
53 65
46 136
57 157
125 262
7 243
164 284
13 221
251 291
20 171
114 157
99 174
138 236
143 240
69 160
76 215
237 272
77 100
3 26
135 140
151 240
131 166
40 238
41 158
98 175
105 153
232 281
167 276
47 141
61 202
212 249
26 198
130 138
193 216
193 230
88 96
206 277
103 171
237 279
125 246
133 179
64 125
274 288
12 240
22 261
1 71
3 100
1 148
148 223
176 266
143 291
79 138
90 149
135 153
120 169
161 289
44 202
17 31
211 280
89 189
20 153
99 202
288 299
99 154
108 271
171 185
146 236
203 246
125 285
220 288
120 242
90 105
117 217
109 188
37 118
3 35
148 285
44 86
39 157
156 207
130 261
215 250
31 65
104 108
185 290
132 209
64 118
169 180
160 279
5 20
62 235
122 212
64 69
202 213
277 289
91 94
122 123
186 274
34 63
171 295
160 238
76 192
154 186
31 162
79 160
64 92
68 115
66 116
217 226
79 224
15 92
28 49
148 269
65 87
6 12
42 61
140 160
23 200
15 159
169 248
84 300
134 142
16 225
68 76
213 237
18 135
70 137
109 205
105 200
119 150
59 109
73 200
82 128
256 269
48 123
9 194
199 201
140 159
177 288
27 34
73 114
153 242
89 244
28 75
153 219
94 242
254 299
122 287
38 71
3 4
190 217
40 59
43 299
16 280
42 75
65 67
8 231
86 202
156 255
38 288
160 178
91 207
87 154
1 40
5 61
10 181
92 200
33 59
80 174
75 128
13 90
33 129
127 129
95 266
37 51
155 276
11 223
82 194
122 193
28 41
216 290
202 207
1 295
95 151
27 95
131 292
54 61
133 155
163 217
184 275
36 150
194 209
82 90
237 287
89 100
103 199
272 277
137 149
100 101
187 272
13 247
47 225
5 160
45 59
184 268
18 191
20 257
79 288
195 204
120 283
98 270
99 157
37 137
120 164
257 277
114 139
202 268
35 114
95 118
211 223
202 293
160 228
96 130
90 139
163 270
29 146
12 236
76 214
18 159
133 144
11 37
95 267
38 68
89 178
23 246
90 141
200 231
91 255
90 100
38 299
152 282
127 298
124 227
266 274
37 40
4 221
81 174
48 229
13 283
20 66
171 189
125 243
73 127
111 151
17 200
96 114
12 183
7 222
64 208
78 250
184 223
7 168
4 128
194 262
93 101
97 298
40 298
164 270
251 281
15 54
120 221
92 216
62 256
192 256
8 188
23 262
148 279
26 131
98 148
133 260
146 206
20 191
70 299
103 249
18 266
24 293
166 222
248 283
116 119
93 117
62 71
211 259
8 94
31 59
118 296
99 240
19 208
27 209
99 131
70 91
59 285
211 258
121 133
208 288
26 247
185 191
2 269
165 270
237 267
78 109
215 222
91 134
227 259
258 282
111 286
144 153
263 294
98 106
110 290
12 156
56 71
139 147
82 276
96 163
171 216
76 200
25 210
16 262
63 149
101 292
67 123
36 124
106 195
9 212
12 229
59 180
17 250
65 73
127 149
79 113
130 249
161 257
140 217
286 288
63 74
237 256
84 98
102 164
237 246
105 189
9 172
102 138
248 258
86 95
239 248
56 189
249 284
225 248
115 151
40 65
103 172
11 211
209 230
256 257
161 163
125 140
26 250
119 187
150 215
153 184
63 137
121 149
3 120
195 238
18 61
35 129
37 148
135 141
44 52
22 249
120 208
27 190
113 196
87 273
40 122
163 222
133 241
167 186
261 298
215 216
23 119
35 160
133 247
9 164
180 225
55 75
150 269
34 65
44 63
5 188
87 240
32 56
93 281
237 241
20 220
266 286
33 209
187 277
115 132
91 118
138 159
24 175
90 207
235 288
55 56
14 211
246 249
24 221
201 281
45 65
13 280
120 225
185 246
227 256
117 224
38 117
115 219
202 281
35 67
18 143
32 62
119 253
120 170
247 270
263 281
228 264
56 106
124 157
89 93
270 280
34 45
8 100
109 175
84 104
137 278
137 184
46 116
91 280
76 172
77 258
98 163
108 116
83 271
145 209
248 263
4 152
134 190
95 99
173 266
160 276
121 151
131 141
125 259
8 196
90 117
178 248
135 158
114 117
195 243
120 226
18 62
84 172
87 284
69 152
36 50
57 127
185 241
116 124
123 136
82 209
114 127
16 198
1 261
44 297
52 103
184 279
88 102
20 76
131 252
110 288
48 72
88 200
11 213
13 299
117 130
63 134
76 271
93 100
191 200
115 188
195 228
98 255
20 291
194 254
197 256
80 258
152 222
11 193
44 137
89 156
108 299
24 291
11 280
3 24
111 177
11 229
156 164
202 272
146 295
82 91
5 14
28 126
68 71
199 288
89 229
56 99
72 272
7 115
200 296
102 291
244 256
179 258
161 285
188 266
248 270
71 75
245 277
16 257
103 270
94 95
108 113
7 23
50 126
117 132
99 258
129 295
163 266
145 240
92 178
13 16
64 157
174 232
40 62
87 234
37 140
76 78
206 266
12 91
250 270
96 139
26 137
211 229
239 258
54 56
95 284
130 181
78 291
123 256
121 150
12 72
237 295
113 237
24 170
91 156
133 219
165 217
119 220
158 299
184 226
253 288
35 295
4 10
122 297
234 237
9 185
95 122
62 64
33 155
129 276
91 300
240 258
235 298
105 296
165 258
86 241
22 298
91 229
195 257
11 27
34 59
16 227
125 225
201 263
87 168
150 242
26 75
136 149
168 295
10 286
224 281
150 243
87 256
22 97
37 79
44 111
161 259
94 111
53 74
90 288
91 105
2 27
7 195
15 47
226 270
89 147
99 102
149 190
126 151
1 88
211 251
263 293
23 199
12 129
68 100
12 198
168 284
18 138
37 266
109 230
37 139
87 153
59 238
90 94
143 227
211 271
5 180
34 194
86 149
1 244
78 103
27 278
112 116
125 193
46 65
185 196
161 215
277 287
187 288
205 217
200 227
186 194
189 220
29 144
73 81
26 101
21 193
293 299
29 74
54 62
98 231
112 229
8 237
183 299
178 277
88 291
120 291
130 164
125 175
34 117
60 148
231 256
268 288
76 110
189 289
211 289
24 247
244 266
166 185
84 86
200 290
122 135
130 166
118 211
156 273
149 299
87 180
11 189
83 86
112 290
258 268
119 287
117 167
72 124
117 208
121 186
211 264
281 295
135 217
101 104
238 258
96 99
248 251
195 264
79 97
67 75
7 264
78 195
291 292
120 177
106 273
121 140
27 272
8 183
104 117
50 150
189 190
201 210
10 291
3 80
198 222
1 106
180 208
286 298
38 222
63 82
186 207
17 66
51 135
99 283
38 51
61 122
240 248
239 294
216 285
189 211
109 286
86 101
103 240
217 259
17 255
18 64
13 185
50 136
133 138
99 146
201 286
116 146
153 182
7 27
50 143
185 205
10 108
137 138
76 258
44 102
95 292
99 122
98 102
76 123
11 214
56 72
35 71
20 296
61 146
217 286
165 174
57 235
26 27
189 255
54 142
9 150
58 180
183 256
11 202
28 160
107 116
248 266
189 203
76 149
172 189
87 163
15 65
9 235
89 202
83 158
130 167
91 199
16 87
27 248
216 267
156 272
247 284
131 147
76 273
71 111
23 220
43 155
294 295
17 27
147 249
34 90
13 254
195 269
20 25
223 277
54 138
161 240
224 258
180 266
88 130
86 88
172 195
102 117
148 206
2 137
164 189
91 112
57 69
143 209
228 258
25 196
11 177
7 234
186 244
145 156
12 234
9 207
202 237
79 218
125 163
29 129
180 216
162 275
104 109
105 290
13 196
125 188
185 232
47 75
34 68
17 39
25 223
168 291
241 281
117 234
182 256
6 27
224 263
265 277
56 67
175 200
26 80
195 236
96 120
30 50
76 168
189 221
93 272
10 100
144 150
155 198
43 71
211 253
100 275
135 222
4 22
66 69
89 114
252 258
244 288
34 100
90 189
87 238
194 205
55 156
59 100
96 248
195 207
54 65
127 136
63 295
184 253
21 92
24 216
211 255
96 151
98 234
203 267
219 270
3 74
32 158
182 194
20 98
25 204
16 286
128 251
12 277
123 150
51 80
54 64
108 250
44 51
130 221
82 110
142 162
55 79
7 80
90 184
37 81
137 217
128 195
161 297
109 191
5 122
145 162
31 69
26 189
78 185
197 202
51 162
175 194
61 211
76 146
24 182
222 247
20 228
90 177
161 212
71 86
216 277
200 224
93 259
125 166
172 194
195 288
114 152
148 194
243 256
61 65
120 241
76 224
80 113
17 44
10 56
72 146
4 115
125 164
35 235
76 187
109 252
164 277
154 276
222 259
73 74
186 256
88 133
202 244
60 149
120 285
288 289
7 282
118 146
260 281
138 152
53 61
40 283
269 294
109 113
101 122
130 193
98 153
216 284
161 234
61 144
213 216
31 158
11 165
189 208
76 100
2 299
28 135
83 262
222 277
181 202
23 193
153 158
48 111
91 200
42 64
100 291
90 202
172 202
237 251
152 227
16 208
38 63
111 117
217 246
61 154
15 122
69 104
38 66
211 214
117 232
52 62
70 136
207 256
134 224
240 278
158 162
184 215
264 288
27 183
47 122
100 240
95 107
126 209
39 211
82 291
165 211
135 199
34 131
1 87
20 68
81 101
116 211
27 197
157 227
173 200
27 271
76 112
129 134
126 129
67 127
40 125
246 270
97 98
24 246
99 148
148 174
109 246
65 140
96 174
139 240
30 148
187 201
122 137
37 124
150 263
21 288
125 257
197 298
5 283
99 133
113 199
12 74
139 153
63 71
7 207
6 23
165 184
117 176
132 172
182 189
156 269
237 271
87 215
29 186
156 191
127 300
27 188
112 266
149 275
11 168
128 205
178 222
13 111
195 278
94 265
111 262
186 269
61 70
59 149
98 125
86 102
102 130
93 223
193 288
202 233
106 295
269 281
161 174
134 176
127 156
11 192
186 261
82 105
202 234
121 143
89 134
98 230
89 119
200 250
238 249
55 211
153 203
14 56
106 108
11 119
125 292
163 194
61 73
16 247
200 228
60 146
200 202
37 52
77 115
216 255
91 123
121 130
20 169
132 211
34 38
174 185
194 286
7 163
250 260
56 213
160 195
5 214
225 288
157 186
80 159
70 135
11 253
99 279
20 188
91 131
3 21
43 136
7 229
24 231
187 258
174 274
43 146
288 296
183 195
146 150
194 300
34 58
16 210
144 157
160 174
23 235
27 219
107 262
26 285
104 118
70 102
37 62
59 61
168 270
16 283
67 70
76 79
119 202
99 262
35 134
165 185
191 270
110 276
89 145
133 230
129 174
148 254
13 147
93 159
114 270
109 181
276 281
17 49
110 222
71 162
183 189
25 213
136 161
91 287
272 295
217 231
13 87
21 250
226 256
45 291
10 241
174 246
160 240
225 266
123 129
200 253
236 258
157 185
87 205
28 150
28 35
16 291
76 117
24 260
131 283
13 213
11 299
202 287
95 290
200 208
123 209
89 214
120 168
120 275
144 249
104 293
79 183
117 291
259 278
114 156
34 37
157 223
150 178
5 22
216 226
48 144
207 237
174 217
131 205
92 160
194 226
18 291
33 42
39 269
13 23
161 207
4 169
8 56
117 259
16 222
84 117
22 107
205 249
78 85
47 65
131 204
114 281
73 103
146 149
48 63
270 285
189 272
45 103
59 140
296 300
37 41
120 227
131 154
184 197
108 118
135 156
30 136
236 299
154 247
7 84
93 109
85 195
46 151
38 148
124 142
24 185
18 248
176 202
168 248
26 108
82 144
116 276
50 137
33 60
220 266
89 149
31 127
82 189
3 82
82 87
136 299
160 214
148 196
156 188
160 294
153 253
63 162
103 108
185 247
109 222
100 285
23 174
7 292
10 208
132 150
29 75
202 252
30 69
35 127
56 77
59 219
4 180
98 239
104 158
76 130
119 279
76 220
59 74
76 281
13 219
15 178
100 122
131 196
89 94
126 150
54 147
201 283
263 297
28 47
11 278
162 206
75 113
151 223
128 199
134 269
135 138
205 284
5 13
142 159
59 177
25 201
273 278
30 83
38 147
32 127
250 285
13 263
125 183
59 69
5 12
19 21
63 106
200 283
133 141
130 210
48 162
151 157
237 247
13 78
21 112
90 145
220 250
19 295
6 194
79 269
120 163
125 141
202 253
43 114
28 90
11 204
63 156
120 192
17 95
152 295
8 261
246 248
118 262
50 72
7 9
91 203
148 175
228 250
18 236
88 226
125 286
11 183
16 239
33 130
101 107
37 217
202 256
86 216
147 240
6 21
128 154
133 181
20 293
74 291
265 281
106 130
15 27
4 85
202 228
71 144
20 268
160 281
48 137
179 249
216 274
195 260
88 90
15 183
129 142
44 154
268 277
89 161
133 244
118 119
172 186
195 219
8 284
20 208
179 298
98 115
108 117
239 266
117 287
23 109
52 147
198 237
65 249
62 144
191 217
153 292
91 141
43 125
92 119
8 214
120 209
115 189
33 146
128 145
34 41
130 220
100 166
59 127
85 231
129 170
183 237
78 134
133 197
4 153
32 134
92 113
9 218
115 203
122 249
258 277
55 137
12 150
102 233
4 14
76 250
80 137
22 285
59 134
70 158
251 299
4 260
195 263
132 155
67 142
26 216
265 270
114 258
141 160
32 132
130 256
37 288
231 233
32 137
17 169
130 246
270 279
88 109
81 138
202 243
71 222
85 266
200 207
156 271
105 132
240 269
164 184
208 266
81 160
104 223
40 278
44 60
150 276
198 207
195 270
122 149
202 203
29 150
248 291
30 129
105 283
95 119
48 114
129 199
7 13
249 272
83 266
49 110
93 96
122 299
238 250
148 183
200 232
27 185
156 279
186 228
91 96
76 180
234 297
134 211
98 274
90 273
243 266
141 161
15 288
185 224
150 222
133 134
160 215
152 275
228 281
67 152
223 258
66 158
9 163
9 249
49 56
197 222
130 287
13 188
55 155
222 257
200 241
2 261
7 35
90 115
51 64
17 69
151 205
125 174
153 154
85 188
5 292
184 202
13 256
1 274
34 119
217 221
30 162
91 223
18 185
56 118
62 194
50 56
74 295
218 270
122 272
108 216
102 105
71 135
269 284
59 72
67 297
216 225
137 156
184 200
127 158
130 241
278 300
74 136
15 52
2 54
10 11
32 151
80 291
161 244
129 283
71 129
138 144
78 263
37 126
201 235
122 294
61 162
125 282
258 265
96 129
82 157
119 288
95 98
195 286
121 175
39 147
134 227
268 270
76 80
184 212
140 156
153 166
85 184
2 214
7 256
87 237
61 68
152 180
173 277
201 229
171 202
102 223
192 222
65 294
147 154
155 253
78 84
190 216
218 281
55 61
216 235
21 253
20 41
28 140
270 296
148 213
166 256
106 180
56 117
56 244
9 206
44 68
91 296
95 228
87 207
37 92
2 190
239 250
129 152
33 62
74 87
65 127
125 212
66 129
23 225
189 240
222 289
113 192
50 134
30 135
165 224
34 52
167 281
131 275
23 208
86 192
160 197
13 231
161 164
139 288
216 220
60 69
128 295
11 24
102 210
107 133
48 160
91 157
84 133
49 160
28 37
89 137
237 244
167 277
158 220
249 269
235 258
228 266
3 72
7 86
119 299
29 34
11 93
50 297
17 134
112 216
125 207
15 202
4 295
169 277
156 293
205 281
84 211
266 296
51 82
8 24
194 224
197 237
95 244
83 189
99 124
216 268
217 271
10 296
102 106
10 27
148 208
133 212
156 228
14 26
67 130
27 189
155 185
73 152
123 185
136 297
203 222
186 287
194 277
184 240
33 56
67 74
186 263
197 217
133 183
152 214
219 258
8 248
80 104
32 95
126 136
111 195
101 114
116 117
153 296
139 155
111 148
87 278
164 248
66 211
94 133
156 223
213 277
144 199
93 108
185 244
126 185
95 103
15 164
228 270
177 281
180 226
79 122
64 79
26 177
89 92
135 284
6 33
112 222
112 209
122 282
39 142
4 162
78 83
109 165
23 254
100 247
195 248
186 273
98 286
169 284
153 232
38 160
96 244
77 109
5 9
122 151
106 270
75 130
129 236
5 8
227 237
167 284
150 282
248 290
61 137
129 143
148 155
257 278
11 81
248 279
76 166
249 267
266 289
122 183
165 186
144 206
194 197
235 250
115 148
124 132
183 278
134 157
198 295
125 211
80 189
241 256
79 216
263 291
180 250
70 124
47 138
39 140
15 25
100 255
18 132
38 61
16 254
107 120
55 117
111 179
131 158
33 145
249 282
190 284
48 175
79 96
118 295
211 286
9 178
15 258
26 90
129 138
121 157
238 300
125 271
184 290
44 149
14 201
205 277
243 270
9 284
7 87
120 272
28 63
16 132
156 205
248 250
237 257
88 95
40 127
166 237
27 236
161 286
109 251
20 29
100 183
62 128
157 189
153 162
133 267
153 239
2 215
207 217
26 84
16 288
106 266
120 279
38 75
15 245
98 241
122 207
12 171
20 216
246 256
7 237
96 108
44 62
27 130
210 288
225 250
93 133
38 85
83 150
76 270
227 299
37 123
22 90
27 163
4 296
153 300
123 297
122 192
4 27
182 222
194 288
153 193
247 263
17 153
46 139
109 259
85 288
78 248
177 284
12 14
129 156
216 253
100 178
256 267
74 249
53 211
122 220
78 247
30 155
66 127
1 159
39 122
23 165
29 162
120 203
52 82
33 139
7 246
97 250
21 115
41 144
207 249
165 194
82 116
7 122
41 124
46 61
13 298
1 10
161 220
83 200
189 215
147 149
58 295
90 108
267 277
25 291
153 295
114 137
220 278
109 210
238 294
65 150
153 234
43 150
25 70
4 76
122 176
13 203
209 250
7 227
154 184
100 116
161 178
125 149
132 143
179 195
148 280
249 260
100 219
201 211
263 270
28 86
148 264
59 203
106 240
86 103
16 224
222 243
87 218
98 191
27 257
201 282
7 236
73 158
136 206
134 140
118 120
2 197
21 208
156 174
35 116
104 276
2 148
116 297
191 281
102 195
54 131
67 137
104 222
221 248
71 155
132 157
19 296
105 175
46 137
48 68
193 222
217 223
19 250
147 195
172 211
59 158
137 240
134 153
64 108
130 202
256 287
35 109
116 299
100 160
26 180
114 130
109 268
284 288
22 95
198 200
79 263
120 220
12 181
91 133
268 278
99 150
110 160
122 172
70 129
122 144
10 72
202 217
177 195
186 248
114 143
4 214
93 130
198 256
3 213
87 277
171 290
26 248
116 293
200 212
4 106
11 163
201 285
17 62
117 253
20 34
20 267
113 212
216 275
181 216
180 239
161 183
122 253
241 249
7 247
73 231
231 284
76 240
102 264
85 150
280 281
95 105
267 293
211 265
64 123
37 200
246 258
156 212
141 236
80 91
98 278
194 198
23 125
153 165
216 244
122 261
94 97
50 124
10 223
48 96
2 84
90 221
213 256
165 249
189 285
211 216
105 291
70 120
186 211
58 71
63 69
5 27
34 189
15 209
233 277
59 114
191 214
108 217
247 256
197 216
200 239
47 269
225 296
186 226
19 115
80 157
279 297
27 225
291 296
104 263
109 111
87 197
12 226
102 261
48 248
226 281
39 56
88 178
217 296
13 103
12 24
122 234
99 288
161 247
249 261
216 295
80 140
216 279
60 137
129 233
133 154
120 255
12 53
88 160
173 184
20 205
63 122
137 209
61 189
260 295
73 157
118 174
31 147
64 112
117 265
195 196
149 215
97 160
166 202
20 287
7 15
16 206
12 98
6 15
240 299
119 133
187 216
17 99
74 153
32 44
116 137
18 131
122 243
217 288
63 65
7 248
119 138
81 225
44 155
117 182
13 244
185 204
8 15
122 229
200 273
27 102
109 214
98 248
68 75
95 100
122 203
55 151
143 149
173 248
7 210
88 237
214 249
82 140
89 225
51 144
36 38
13 245
27 125
160 170
154 177
33 63
252 299
2 213
194 267
99 201
185 226
122 175
76 233
14 18
184 230
117 126
282 284
108 263
190 249
150 167
49 134
172 258
33 159
216 261
26 117
145 193
74 120
20 213
189 198
195 251
18 74
105 115
38 144
100 203
24 196
150 169
127 144
109 213
139 293
50 117
117 118
60 151
17 23
77 128
109 234
266 276
69 211
71 124
127 180
130 229
12 280
104 115
26 102
89 276
240 277
160 206
191 195
40 144
7 177
81 96
102 255
12 185
22 294
216 231
145 273
161 166
28 60
107 249
17 228
5 290
6 18
224 248
82 92
17 55
86 98
159 296
48 58
93 225
146 276
200 277
141 206
117 221
35 124
169 270
125 204
157 295
226 237
122 279
79 111
195 252
46 56
122 171
135 149
62 159
113 258
7 68
214 281
143 156
125 233
121 127
111 152
16 251
152 233
11 230
115 162
185 272
209 267
21 258
109 187
151 156
20 167
125 234
41 134
59 192
148 160
34 155
98 118
92 209
249 293
154 161
81 82
65 114
29 64
249 268
59 208
29 136
23 78
207 284
170 256
30 77
69 140
130 154
161 172
102 114
249 263
82 130
139 193
38 211
42 74
9 246
152 232
10 268
216 296
98 261
191 264
10 293
201 249
284 290
38 77
256 265
1 9
194 228
171 237
187 250
64 74
68 122
91 241
26 300
216 242
241 298
34 144
211 227
261 281
93 102
115 248
248 269
201 266
4 18
43 61
295 297
81 86
21 285
79 95
226 249
159 273
150 204
20 246
282 288
131 199
216 256
65 68
69 142
59 63
176 217
128 209
219 248
118 133
8 258
277 290
87 171
37 47
1 6
88 113
31 34
112 247
12 26
23 24
185 291
148 291
14 267
98 99
195 246
20 165
116 136
217 261
188 216
150 279
167 184
100 182
2 267
184 188
39 102
10 213
152 260
105 113
56 75
126 132
102 116
44 90
109 116
232 284
38 47
211 285
189 216
256 271
120 278
116 163
28 131
198 300
54 74
87 107
31 211
1 277
135 184
87 113
20 180
108 243
126 190
184 278
216 234
126 158
15 172
12 164
111 180
8 235
169 201
73 253
181 201
295 300
182 186
9 16
23 150
133 289
11 233
10 74
36 136
122 202
1 17
215 281
237 259
149 293
185 261
49 82
112 221
249 290
147 290
61 157
115 184
18 67
109 160
236 277
276 288
41 74
216 287
190 299
151 202
235 299
38 138
30 104
16 205
129 153
206 284
99 104
134 278
26 99
95 294
113 226
251 256
122 129
121 273
221 256
106 140
154 185
94 200
194 238
142 222
185 277
117 226
222 253
202 249
119 161
2 158
107 127
28 124
37 155
204 249
116 138
130 293
106 122
129 140
113 235
150 234
108 111
90 193
58 127
284 298
100 221
111 154
129 133
120 199
47 64
96 154
125 252
209 247
88 97
68 113
185 259
95 120
83 237
16 276
4 293
44 293
77 117
13 218
237 243
17 166
161 273
295 298
34 135
182 185
186 210
18 268
160 258
18 293
128 206
111 125
38 107
108 248
10 101
37 144
18 26
13 199
222 299
215 266
69 147
91 99
254 281
200 238
9 174
23 161
81 151
67 150
59 199
15 150
26 261
23 273
18 99
152 267
38 92
78 298
103 258
20 177
133 210
120 132
33 137
27 252
283 284
133 169
74 152
168 298
4 288
94 113
176 250
156 231
129 167
186 259
222 293
5 34
60 67
181 264
41 48
130 255
39 48
65 194
12 22
120 237
251 270
212 284
68 106
4 132
130 291
184 277
147 269
52 157
21 189
15 119
23 56
149 248
21 25
102 156
17 35
48 116
85 120
186 227
2 205
25 155
122 197
108 211
184 193
15 198
16 89
40 103
194 239
94 299
59 214
149 209
162 194
182 237
165 200
204 284
184 269
125 228
35 65
11 59
183 185
221 284
13 179
24 277
8 79
19 293
78 110
185 256
6 20
24 62
222 288
66 71
194 200
133 225
10 170
52 75
16 258
104 290
134 217
26 95
83 97
59 295
121 145
82 102
51 59
9 264
8 194
90 217
205 256
93 174
35 161
250 286
59 136
150 233
241 248
14 189
100 170
44 135
83 111
137 283
292 300
99 130
281 282
174 264
117 142
8 213
101 103
105 120
122 138
24 134
69 125
79 91
184 238
117 152
207 270
45 115
4 300
117 223
50 146
116 143
17 122
99 143
250 294
78 119
120 229
125 231
202 259
9 251
165 216
43 151
100 226
48 291
146 215
39 130
194 223
130 165
120 125
17 65
156 229
37 59
116 130
122 131
125 210
16 295
115 140
152 206
56 60
102 166
118 276
78 290
59 171
12 257
7 223
13 226
45 137
87 270
147 159
37 80
38 49
60 136
185 231
212 281
10 253
38 266
105 188
158 190
56 65
61 128
70 151
43 81
21 272
206 222
100 278
18 63
9 180
15 34
10 26
121 290
188 298
130 247
1 11
20 131
12 254
84 131
76 230
78 88
79 115
11 231
85 133
203 250
74 296
125 279
225 293
138 176
60 62
65 195
111 162
88 263
135 147
28 146
2 133
109 242
240 247
256 298
71 143
23 260
33 160
152 187
94 151
202 261
44 143
142 184
257 270
186 245
17 60
113 267
17 235
230 243
100 248
91 282
195 273
217 263
100 103
33 125
7 114
250 263
148 205
59 71
95 113
161 171
102 103
7 82
45 158
58 207
153 225
16 181
68 138
250 268
79 202
128 149
125 147
38 41
231 237
27 230
218 237
17 214
217 274
122 145
202 282
28 300
5 162
36 148
148 204
179 201
109 264
87 110
236 287
162 176
8 256
100 268
200 244
100 180
46 124
107 184
98 165
174 212
41 61
186 251
95 104
158 160
134 276
35 59
68 130
130 183
201 264
109 179
20 170
134 222
129 256
33 97
227 270
33 40
168 277
157 158
89 197
119 186
62 122
140 267
248 280
162 236
257 291
9 273
80 86
28 42
125 177
247 248
85 283
112 231
188 288
107 250
123 151
183 202
11 256
15 285
124 138
197 200
186 267
37 147
101 256
48 89
25 194
18 269
195 250
8 267
160 260
182 202
107 188
250 288
153 289
14 78
91 170
186 219
90 158
11 188
200 211
145 249
85 278
255 277
185 234
201 212
49 95
135 244
161 210
96 145
217 249
104 289
176 216
96 97
234 256
56 291
129 144
124 236
185 284
3 20
113 160
237 262
153 271
229 281
256 295
125 159
110 122
169 211
27 286
151 186
132 152
17 36
72 160
13 276
18 22
189 200
134 296
175 202
59 129
115 185
29 211
35 145
1 145
152 224
114 200
91 208
105 281
192 200
111 155
36 65
17 59
78 221
124 150
104 114
50 123
202 247
128 222
33 114
250 264
196 237
207 258
117 190
104 189
129 150
188 277
7 21
80 248
35 62
7 269
157 174
56 59
80 142
28 123
213 217
9 98
36 162
30 48
179 250
277 279
240 270
37 122
249 275
211 243
189 243
98 169
125 171
93 104
113 297
202 220
6 295
103 256
249 274
20 200
92 100
178 288
95 115
181 284
82 158
200 289
79 251
232 248
206 217
133 171
60 121
179 248
99 203
229 270
147 273
89 207
9 11
185 227
255 281
84 89
185 262
18 128
74 126
71 72
54 143
109 238
7 204
47 235
127 135
33 135
125 223
79 220
50 156
59 251
183 281
23 277
26 172
115 237
184 243
172 256
103 266
134 209
126 160
110 111
134 151
156 286
76 104
184 273
54 69
29 82
13 257
80 211
141 299
156 163
170 300
4 124
14 186
202 235
18 114
45 122
59 60
77 209
150 289
125 170
131 139
29 124
89 169
153 186
98 192
9 279
16 287
7 190
122 148
8 78
294 300
201 239
187 299
67 185
157 159
91 221
78 106
288 293
127 152
26 201
43 145
173 288
7 278
118 244
18 93
174 296
97 186
106 290
38 112
20 164
156 247
1 21
94 104
33 299
83 296
195 245
119 277
106 121
27 298
82 222
226 248
122 265
32 211
10 15
210 211
23 216
44 80
120 211
95 111
115 249
134 250
130 244
133 188
43 50
266 284
200 269
153 240
248 259
181 249
247 281
109 208
64 71
8 74
90 99
59 262
120 282
71 136
144 184
138 238
122 159
21 94
99 181
189 245
202 300
61 135
112 240
149 296
136 256
24 286
270 286
11 264
15 107
23 279
273 288
156 226
216 230
49 75
100 205
83 142
194 285
48 75
122 191
1 129
113 299
67 78
73 216
114 197
108 132
40 61
135 139
69 72
62 136
249 265
189 199
168 249
2 11
146 147
186 204
114 155
23 187
103 130
7 173
210 248
33 126
99 209
120 248
38 40
102 170
139 209
187 194
191 230
35 79
59 275
76 134
185 192
154 250
38 145
150 272
33 67
172 284
217 267
23 265
23 168
38 142
2 21
34 86
99 197
66 136
49 128
38 146
103 143
11 94
95 217
35 136
11 242
150 257
140 186
5 273
77 98
101 117
77 290
141 150
109 182
125 280
17 223
34 56
198 258
130 143
211 228
111 258
121 126
122 231
147 236
11 195
86 133
100 239
113 149
200 221
43 134
194 246
107 195
67 141
27 294
141 151
294 296
61 160
98 219
48 60
27 164
109 247
36 89
107 263
187 195
117 269
184 236
26 78
100 167
40 94
103 299
37 45
44 222
30 59
246 284
122 215
78 107
48 73
20 22
22 85
92 174
192 237
21 213
238 270
156 244
120 153
121 293
182 200
201 223
130 142
184 250
195 279
73 203
100 104
24 186
38 59
185 254
138 156
208 249
81 156
263 290
114 149
18 19
110 291
201 258
117 128
29 61
172 295
16 274
23 242
84 95
34 124
90 185
97 114
130 188
27 221
150 280
76 106
42 48
89 116
76 280
53 140
12 174
201 216
123 156
144 251
186 295
8 234
65 148
8 9
189 279
119 131
76 193
83 222
105 288
5 186
125 273
130 194
4 291
178 211
99 284
90 229
98 228
55 62
1 223
218 277
11 173
207 211
131 251
36 160
33 73
167 216
201 265
125 217
195 203
40 214
237 276
87 232
58 137
222 240
45 71
147 153
89 99
28 157
98 264
264 279
61 142
91 189
24 87
5 146
25 269
55 71
200 235
189 269
90 101
79 199
15 222
143 297
1 202
184 274
152 236
91 132
106 296
224 295
115 181
222 276
149 161
13 86
82 223
25 261
164 195
50 202
83 96
79 109
202 245
217 254
120 215
18 54
216 232
152 296
180 249
59 254
35 48
99 120
78 175
159 238
49 81
130 297
256 261
184 265
107 286
76 183
32 91
181 186
173 189
29 116
150 187
120 230
3 27
98 170
161 228
111 129
108 152
87 260
12 189
6 99
25 282
26 155
78 87
48 126
237 269
28 32
31 71
17 126
148 184
206 248
11 190
194 235
222 287
248 267
79 132
42 67
129 160
62 162
211 282
159 222
249 257
122 198
184 281
1 158
8 298
28 111
167 203
117 198
22 188
191 299
100 234
150 170
71 147
20 100
22 193
102 122
209 224
89 106
11 215
9 242
116 217
16 216
122 126
133 287
125 146
98 238
174 260
150 168
84 185
105 119
18 217
73 119
38 162
1 28
35 203
113 166
75 184
216 222
100 210
97 125
36 131
69 149
98 282
85 95
100 114
193 200
7 106
38 65
189 288
56 266
92 122
197 270
74 253
149 185
80 281
7 245
102 159
150 255
150 181
115 290
187 266
124 180
18 65
263 295
4 246
7 205
97 174
33 102
256 279
38 209
194 265
92 96
97 99
100 106
195 253
45 120
66 130
82 173
250 269
89 113
4 188
15 130
108 131
256 272
186 290
150 271
139 146
195 208
92 211
2 293
193 299
177 258
11 80
69 78
150 245
193 214
217 240
64 200
139 142
44 216
147 209
115 284
106 231
200 234
44 122
23 74
27 263
280 284
216 283
214 263
156 275
76 89
13 76
155 174
56 57
189 253
236 249
161 254
3 45
65 147
148 190
27 171
79 300
112 119
212 216
150 188
130 280
7 172
34 128
122 179
175 284
23 218
4 175
144 299
123 202
22 24
186 300
95 106
201 278
14 108
4 286
194 273
93 296
94 117
189 261
153 249
211 261
82 237
15 16
201 213
121 269
251 288
91 160
3 23
128 133
85 97
250 276
242 277
101 109
132 136
74 272
109 115
80 108
108 240
243 277
71 134
104 120
78 288
249 258
84 108
188 270
27 40
21 26
201 260
19 267
50 147
194 201
50 155
217 262
202 209
251 294
174 267
1 294
153 244
7 24
73 128
6 115
161 177
22 277
77 86
230 281
18 245
15 94
101 217
13 192
76 196
102 194
55 124
255 298
138 139
110 299
111 159
6 108
8 12
167 221
13 208
275 299
153 252
7 30
68 117
37 158
14 101
119 211
76 127
168 201
217 287
41 147
201 275
94 226
10 227
115 200
145 288
100 198
91 116
233 270
189 227
112 113
49 124
202 275
104 139
120 228
91 273
184 237
91 97
107 117
111 265
131 293
94 262
13 24
82 185
33 39
271 288
141 235
9 220
234 258
201 287
7 228
34 66
69 186
62 283
71 248
93 196
59 102
20 175
7 232
167 248
180 278
28 144
67 293
141 153
50 135
120 191
256 293
135 154
5 130
252 266
230 270
100 192
26 160
13 102
58 157
30 122
211 288
186 198
15 74
122 247
107 119
42 160
62 69
98 229
144 278
118 148
208 216
102 241
53 143
256 282
37 270
117 213
120 252
32 64
28 78
85 116
76 131
256 258
32 67
146 194
201 273
16 213
58 140
100 230
27 177
77 96
45 62
62 91
12 57
144 181
33 76
265 288
168 288
106 117
275 288
237 250
117 229
57 59
149 199
120 150
130 223
86 99
137 159
86 174
223 256
152 255
96 211
52 69
170 299
109 161
141 144
216 254
189 282
12 76
34 81
33 57
38 296
100 209
28 65
186 209
90 175
154 299
89 194
120 257
198 291
59 260
124 156
93 248
2 172
79 148
91 114
185 208
159 297
185 193
239 269
180 274
98 205
185 280
131 184
7 120
224 300
82 290
201 267
99 194
160 251
6 293
97 166
181 297
241 258
186 199
178 291
118 185
30 94
80 115
130 140
47 62
230 250
137 141
91 110
114 211
7 99
81 262
185 198
200 263
72 148
219 284
220 281
190 237
20 91
179 200
75 137
99 213
91 234
185 225
186 192
48 57
37 60
219 230
45 156
271 284
34 39
79 206
17 225
82 221
93 211
130 159
38 124
192 281
106 131
61 138
160 198
19 23
105 214
122 259
175 256
117 290
91 176
73 112
86 94
106 186
253 258
11 224
151 160
91 253
89 222
233 240
131 202
189 209
48 260
132 146
130 265
106 281
43 62
30 74
44 138
143 159
168 300
30 113
91 236
145 147
59 218
122 152
277 280
154 193
38 158
69 138
214 248
191 202
115 170
90 107
194 275
84 90
89 132
99 147
15 270
217 265
130 180
20 258
119 282
148 156
98 193
185 190
102 115
115 250
142 153
101 110
59 274
139 202
210 281
175 270
116 248
150 218
217 285
33 149
60 155
201 209
201 222
145 177
78 160
143 153
215 259
123 134
209 249
50 140
224 237
143 180
110 117
233 266
186 254
124 186
87 95
71 217
6 267
24 193
64 150
82 172
85 104
89 111
4 137
29 127
131 209
3 194
42 71
209 266
34 146
142 275
82 181
38 69
217 256
38 106
114 239
114 162
34 142
80 119
56 131
99 108
26 113
55 125
248 298
88 117
27 235
133 152
196 250
130 158
162 183
130 235
214 288
120 232
11 16
26 200
73 132
82 244
230 288
149 300
154 244
46 50
161 280
112 132
115 228
54 211
77 200
57 65
64 216
77 211
51 83
15 118
20 207
29 71
49 269
99 129
258 295
123 145
175 266
7 200
120 269
56 105
118 266
13 177
148 162
245 284
17 57
44 59
79 86
25 131
125 157
185 206
103 109
175 249
177 270
262 266
201 245
1 90
8 198
173 185
89 129
150 299
49 65
59 163
115 157
81 237
18 186
93 97
71 202
48 83
107 229
23 224
59 128
76 288
4 155
4 7
8 23
64 66
73 93
34 250
170 277
106 250
114 151
37 39
156 192
122 276
16 108
33 217
125 165
59 70
80 240
155 227
27 292
106 247
161 226
249 264
50 96
157 243
129 146
167 298
266 287
35 132
144 292
134 145
132 174
188 256
92 133
189 263
125 214
184 244
9 187
16 168
40 217
198 272
78 82
61 136
123 300
167 201
21 254
88 89
136 217
42 65
90 106
210 250
69 106
89 128
258 275
11 166
90 110
126 227
166 194
29 122
76 118
237 255
155 222
4 127
202 279
98 154
100 236
235 266
151 291
7 166
133 163
181 277
35 137
123 149
11 88
185 218
287 288
148 218
156 235
16 21
92 95
237 263
192 288
100 176
11 217
239 281
125 261
91 279
113 122
100 257
133 178
186 212
12 115
87 286
204 258
30 160
59 152
142 251
196 281
76 173
160 172
124 224
160 291
27 119
116 118
237 299
11 201
8 221
195 241
49 62
202 296
1 293
67 156
120 188
7 100
135 249
74 186
49 114
2 251
219 249
15 186
169 266
195 259
93 288
61 186
189 217
242 249
210 270
14 298
100 110
48 222
91 107
2 185
44 140
146 278
96 105
175 186
117 272
89 260
216 259
189 258
166 184
153 212
168 211
114 135
37 71
198 202
153 298
63 67
242 266
262 281
20 226
6 11
11 263
125 255
86 185
199 217
126 154
114 126
186 262
7 59
195 217
34 82
12 205
171 184
121 122
49 50
151 269
157 209
144 156
237 284
211 270
2 198
245 281
189 286
18 214
113 265
189 276
30 124
78 249
18 115
132 133
246 281
57 122
54 186
127 240
86 244
125 173
10 13
10 272
185 299
13 265
59 188
83 156
152 168
202 265
97 212
258 289
20 225
48 150
27 277
49 150
65 299
2 4
148 261
1 19
106 173
130 285
80 200
189 268
143 155
11 206
76 235
67 291
85 163
49 59
288 290
87 175
76 190
16 188
115 130
21 22
91 154
23 133
116 140
131 213
43 139
85 96
159 202
267 281
169 189
10 210
191 222
98 243
11 77
30 37
2 18
135 161
152 153
38 108
107 248
89 283
39 67
45 99
75 155
237 286
95 114
163 258
106 177
87 193
152 157
131 142
65 70
115 198
159 299
45 116
53 138
73 211
50 291
91 92
14 277
24 177
137 170
131 145
194 244
30 82
35 90
180 204
163 184
169 184
85 177
98 227
50 211
15 77
33 222
156 177
113 216
161 261
174 248
38 136
107 180
113 269
84 100
7 185
40 158
160 176
38 45
152 174
14 102
42 59
71 113
128 227
91 198
47 292
140 151
109 164
89 247
152 298
18 288
38 79
252 288
110 131
81 87
182 250
61 96
41 150
12 167
283 298
8 197
105 181
161 203
11 222
70 75
95 172
14 24
22 108
236 237
107 207
84 239
106 109
18 256
99 290
94 270
202 223
245 248
192 266
50 248
203 211
176 237
248 264
35 128
174 211
37 146
60 129
1 61
109 221
114 158
96 160
37 142
219 247
33 64
153 255
245 250
256 274
93 235
114 169
122 127
15 293
125 152
174 226
122 160
122 209
85 290
202 215
159 161
1 99
31 128
161 182
88 211
12 262
11 170
201 238
105 270
131 274
211 240
189 248
20 232
67 143
188 267
243 250
243 258
94 148
62 160
138 296
211 245
48 59
153 294
64 141
63 146
52 74
186 255
95 185
167 249
122 173
202 291
203 248
143 150
91 180
26 109
23 252
12 246
161 197
189 280
24 180
76 202
90 119
162 199
25 81
29 145
82 99
21 88
125 268
189 283
70 150
108 114
208 250
251 258
208 217
95 160
76 109
210 284
198 229
120 223
2 157
19 298
43 124
130 253
3 11
91 106
7 197
150 163
21 284
59 299
211 266
155 161
106 259
26 110
228 277
113 145
21 203
205 270
234 278
200 225
264 280
2 244
6 223
50 138
122 190
16 23
103 133
153 221
134 286
217 277
62 141
23 197
16 33
273 281
76 266
14 74
79 101
5 85
184 300
129 130
56 61
109 198
13 253
6 296
182 258
79 157
193 217
39 127
38 126
46 135
20 130
252 256
131 148
59 75
200 284
250 259
8 212
24 250
94 295
70 122
48 145
129 240
149 153
133 268
131 159
12 265
120 265
173 194
96 98
83 146
33 142
152 156
49 87
59 175
117 183
8 104
37 110
2 128
100 287
18 190
44 66
160 185
12 187
13 20
195 213
165 195
111 293
130 192
109 170
78 94
102 154
201 251
83 89
233 288
123 217
228 249
59 64
279 281
45 82
237 254
224 246
236 248
232 237
51 160
201 220
156 245
248 253
190 222
32 37
11 221
175 277
171 288
38 129
13 15
29 69
272 281
76 259
251 285
200 274
87 103
2 278
99 295
201 230
127 148
16 27
87 248
217 244
200 251
51 91
136 222
125 144
186 281
298 299
56 237
12 216
48 70
256 260
150 241
38 135
187 237
106 137
136 184
69 222
151 153
78 147
33 55
194 218
65 91
164 250
163 195
250 283
32 124
29 269
81 120
108 222
128 150
201 271
113 143
156 276
11 164
33 68
97 216
37 154
30 33
32 125
63 127
189 230
97 131
83 224
88 216
51 132
189 266
216 280
178 256
35 74
184 264
137 299
30 144
11 257
89 246
212 266
2 272
21 244
20 58
250 273
163 189
149 297
290 298
4 91
119 168
122 187
179 194
23 232
222 242
222 261
226 250
219 222
6 26
86 108
44 211
141 158
64 85
170 211
44 104
19 108
1 124
8 205
200 287
235 248
256 266
130 135
184 189
119 249
136 194
109 206
93 116
214 256
134 260
76 107
126 137
100 251
109 183
76 84
124 195
40 69
80 266
68 211
199 250
20 54
174 234
184 263
172 184
107 291
13 118
17 52
132 147
124 141
55 67
74 184
67 248
5 16
138 222
33 71
150 260
122 182
179 202
11 265
147 231
62 155
39 103
16 172
29 156
168 281
78 179
160 275
250 275
5 75
86 89
195 267
76 212
91 167
241 266
78 101
59 236
223 270
174 266
68 141
21 270
17 165
27 165
98 101
1 204
44 78
200 240
211 274
37 43
2 62
181 281
186 271
171 281
110 115
82 154
17 67
181 296
148 244
22 273
149 157
125 135
175 248
15 22
270 277
128 158
18 57
174 180
128 190
201 207
16 24
158 217
45 134
204 270
125 169
240 256
109 218
98 171
117 135
178 201
11 22
110 223
20 254
90 98
56 124
86 107
186 280
215 300
201 240
258 279
109 178
70 128
12 278
44 134
1 44
4 6
111 231
80 192
18 238
196 200
145 250
251 284
216 271
13 286
147 256
261 266
25 182
84 192
48 112
109 177
102 190
44 141
174 256
8 81
50 68
88 116
203 217
199 216
119 180
37 135
215 256
43 128
71 141
141 148
113 138
28 70
151 283
44 126
151 260
103 183
119 174
183 248
185 242
59 209
10 91
18 133
185 219
260 266
71 73
25 100
243 284
73 96
102 267
120 286
16 290
83 133
11 285
148 187
41 89
17 30
126 267
152 274
110 262
234 248
124 211
244 258
88 119
35 216
17 68
99 189
98 275
173 249
93 276
275 277
144 194
120 287
13 100
222 223
114 283
33 148
81 299
239 284
80 130
119 153
214 266
95 117
119 240
17 38
25 87
79 248
90 271
87 216
18 20
76 227
270 276
50 160
1 74
87 122
23 175
17 18
181 258
117 164
277 282
12 191
45 136
180 234
26 209
129 161
251 266
201 214
217 242
194 282
110 119
7 267
76 133
170 216
84 116
18 249
20 44
37 48
113 225
217 243
93 270
178 284
133 290
73 136
81 113
64 73
134 180
186 208
1 238
7 216
106 116
13 217
120 131
201 252
266 295
219 237
76 204
62 124
27 166
88 281
131 236
9 205
117 203
41 75
82 83
90 250
18 189
68 79
59 245
15 227
80 132
9 161
229 249
32 74
46 154
45 74
102 165
200 252
56 115
23 189
81 158
61 66
211 230
122 186
55 74
24 48
126 161
189 194
28 156
172 248
64 286
109 260
84 154
164 185
114 133
113 296
131 138
47 147
178 285
29 37
24 253
88 262
158 209
14 21
25 297
160 272
211 231
122 228
18 80
185 186
155 186
142 183
167 195
139 195
113 263
2 146
99 119
180 210
194 207
206 298
27 205
90 180
148 215
151 206
190 277
37 129
66 160
66 75
32 38
132 292
15 20
140 155
89 175
128 151
102 135
16 174
45 94
71 78
27 120
63 75
137 145
198 277
238 256
161 219
217 253
57 61
50 55
78 256
239 288
231 270
87 97
181 291
42 127
7 293
61 125
108 120
28 38
291 298
6 210
186 214
47 131
117 129
163 277
156 204
199 284
45 67
37 150
116 134
150 228
188 248
165 284
229 276
56 277
53 64
193 237
48 104
63 128
98 263
125 129
154 194
128 283
117 280
237 280
150 217
216 243
216 221
82 85
46 67
163 281
18 112
209 277
186 283
217 235
17 54
109 241
103 122
93 295
160 248
61 93
148 157
104 251
184 187
122 223
76 265
142 209
160 175
178 292
89 120
225 237
23 259
79 291
194 213
15 185
26 112
171 200
160 193
76 216
58 186
12 273
177 276
119 154
188 211
20 273
67 125
100 164
122 289
202 299
131 294
15 197
123 159
105 122
51 150
50 75
217 220
148 161
59 255
83 160
11 113
55 134
166 250
125 126
105 117
250 257
194 229
237 248
201 233
222 268
76 198
109 267
127 175
161 287
90 120
162 224
27 224
87 176
161 263
173 270
189 265
239 256
155 211
8 200
162 256
102 119
7 211
33 52
16 202
14 200
131 157
161 253
15 244
4 146
48 249
30 38
121 158
131 206
87 150
106 159
33 144
85 299
211 287
76 122
93 181
46 156
217 280
59 168
18 234
91 260
23 206
260 298
161 262
200 213
27 133
56 74
98 183
99 172
217 276
18 146
133 214
235 237
15 181
222 258
206 299
241 277
172 201
91 135
196 288
116 174
35 156
181 189
12 130
258 276
156 173
202 266
69 126
111 298
129 180
38 240
227 250
195 244
84 161
9 167
34 204
277 285
51 103
218 299
54 67
82 249
79 205
217 225
125 260
21 45
8 11
248 249
76 119
127 211
120 274
50 86
130 173
152 283
195 212
153 299
24 269
91 113
70 162
160 296
152 241
144 158
98 287
26 286
181 195
119 291
5 67
125 139
131 170
59 133
73 143
76 251
127 153
259 285
27 229
225 300
126 224
16 84
101 112
151 248
108 154
5 126
7 238
192 216
112 120
89 221
69 248
185 270
58 75
87 116
141 199
148 216
63 81
4 294
97 217
13 274
34 140
103 280
136 147
91 299
28 152
115 154
261 288
34 83
34 186
82 280
16 203
270 274
160 171
76 228
59 141
53 123
18 206
48 130
21 37
127 188
82 219
18 172
47 181
186 243
61 147
216 289
186 233
37 295
56 122
197 250
102 197
20 40
68 114
90 103
113 140
81 130
8 182
24 244
16 169
12 58
129 238
260 277
100 280
124 140
20 176
128 184
47 297
11 115
149 206
127 293
197 201
154 162
153 194
73 188
148 185
93 263
9 153
251 297
17 32
148 193
38 151
106 119
203 281
244 250
88 148
102 244
9 99
254 264
60 124
147 160
172 270
145 150
67 140
100 225
51 56
43 137
10 131
167 258
13 178
11 295
9 17
24 128
7 105
131 225
100 181
254 284
107 295
27 212
69 86
8 120
12 207
63 64
141 146
26 104
147 193
158 199
25 33
38 141
84 174
87 185
227 281
185 255
20 174
56 66
65 66
36 67
25 65
17 272
22 26
56 168
133 147
211 219
277 295
2 135
216 262
91 177
102 277
80 109
16 171
183 266
48 52
180 276
109 245
22 290
150 172
98 208
33 51
25 238
138 227
137 153
90 142
89 157
77 222
9 234
63 135
125 213
177 237
28 30
106 160
168 292
220 299
87 269
34 160
211 238
75 134
154 156
157 240
84 96
103 178
236 266
184 219
76 205
67 147
55 132
9 200
113 251
109 167
21 100
99 299
95 239
248 276
33 47
16 18
93 120
15 131
31 56
124 154
75 77
111 288
77 276
178 296
64 151
133 238
45 160
90 286
13 37
109 189
202 218
9 133
156 261
202 270
59 228
81 132
22 246
71 137
153 179
156 176
133 148
203 216
67 138
111 291
20 189
248 272
227 287
128 142
1 201
125 158
77 102
170 202
117 254
130 286
177 185
148 227
110 189
60 75
16 197
24 166
81 111
189 275
16 20
195 201
50 240
199 258
136 140
261 270
36 48
28 53
9 231
47 293
10 244
51 71
109 237
140 162
109 219
73 137
177 217
13 268
9 124
120 156
76 160
29 33
106 221
155 194
70 115
152 190
168 184
204 277
201 289
115 279
186 239
98 254
21 85
16 244
97 116
74 140
10 298
91 258
240 300
2 233
117 197
28 55
150 290
103 131
98 150
163 201
99 161
88 189
200 220
178 202
38 116
211 272
100 140
95 178
270 282
257 290
173 202
125 180
38 99
32 144
5 193
235 267
50 112
91 247
148 154
27 198
11 296
173 250
32 33
30 81
58 74
120 205
185 228
212 258
78 105
213 288
178 299
118 160
82 120
32 59
226 284
269 295
78 193
207 276
284 287
143 236
87 189
76 279
166 248
166 284
2 296
258 283
70 139
7 49
164 258
117 181
91 182
30 102
59 167
61 155
131 299
200 271
87 287
198 250
161 176
4 292
108 115
105 295
194 225
198 225
113 271
100 207
11 169
127 137
185 236
9 211
21 105
262 284
148 198
56 272
13 80
154 298
11 25
150 251
114 141
64 299
40 155
16 54
76 221
3 106
38 44
74 299
107 159
176 185
54 157
100 165
11 76
97 113
117 276
185 257
202 255
254 266
65 145
122 143
1 12
130 197
9 199
100 177
13 180
33 37
111 115
28 136
81 102
34 125
63 139
133 208
102 161
114 172
125 148
83 87
120 217
228 237
105 193
98 199
128 132
116 155
17 20
202 225
28 73
84 87
160 252
44 81
11 271
120 280
21 196
142 149
161 198
116 131
147 158
61 63
216 233
23 231
201 294
189 235
133 140
194 233
1 23
38 55
20 43
130 172
150 160
145 161
7 298
125 265
117 149
21 194
232 270
67 96
237 285
174 255
90 297
12 99
8 271
27 59
84 102
110 151
102 107
184 293
258 259
171 270
68 156
244 284
98 204
66 145
62 72
234 269
75 132
118 222
117 233
110 266
186 299
79 200
152 202
85 221
104 106
121 153
191 256
79 119
194 230
195 235
102 232
155 224
218 278
72 128
186 202
221 266
111 259
217 248
2 210
22 292
113 288
8 289
31 62
104 297
161 260
122 139
175 201
21 114
29 50
10 248
237 253
26 91
201 221
23 191
13 215
11 106
122 141
153 286
125 272
64 149
146 195
98 232
176 270
164 174
145 157
85 98
50 154
44 156
180 184
149 279
168 256
37 117
87 130
133 139
208 258
13 176
7 191
186 188
276 300
161 298
115 231
85 281
101 231
73 102
198 246
98 269
147 167
175 189
26 173
15 24
23 61
17 296
46 155
14 238
35 150
16 284
149 217
22 244
266 278
123 130
203 249
181 256
61 86
160 237
120 190
11 85
85 217
49 74
17 28
248 268
39 75
71 104
99 270
33 119
126 146
85 89
2 298
31 150
143 292
41 65
20 203
165 281
222 274
153 220
125 208
37 44
14 15
110 130
174 263
218 248
1 56
207 250
32 48
83 154
92 101
147 246
119 269
38 54
106 134
85 142
195 199
33 116
53 300
216 249
7 285
44 49
202 229
174 281
1 2
148 297
4 19
59 145
124 251
14 285
189 234
21 237
85 108
74 97
202 289
33 151
185 200
23 186
44 55
176 195
119 185
26 288
13 210
170 266
109 225
51 148
274 284
102 283
185 269
45 150
107 193
34 62
47 50
125 162
125 239
62 130
85 296
186 187
56 269
91 235
195 234
54 71
170 201
11 238
16 237
42 134
35 155
113 298
249 287
191 266
214 216
120 173
186 224
160 295
28 57
194 274
184 271
139 297
28 134
160 269
186 279
203 272
98 188
56 83
51 147
122 124
81 217
46 75
108 153
191 249
64 134
30 145
189 223
16 26
9 22
15 215
17 58
186 272
95 130
256 290
117 278
117 175
7 194
89 240
156 225
201 215
185 297
216 260
91 264
169 281
214 222
37 68
133 245
79 190
120 207
126 199
65 139
97 130
106 193
87 177
7 34
47 48
26 179
129 135
33 46
43 48
79 153
142 148
120 240
156 280
26 85
120 165
16 281
36 146
59 119
15 76
98 172
117 215
172 277
130 146
23 26
136 211
250 271
204 237
131 233
105 223
207 281
98 251
117 185
236 284
219 277
65 156
99 170
12 264
114 132
258 299
274 277
90 92
125 205
38 143
103 146
171 201
140 146
115 204
119 222
156 217
92 258
143 146
103 224
76 115
62 63
196 217
176 284
182 195
1 115
102 140
56 130
164 202
99 163
109 216
5 194
148 167
38 130
124 159
41 59
94 120
31 64
86 120
166 217
32 160
11 91
180 186
186 268
15 283
115 244
170 186
10 185
242 298
194 236
216 241
139 217
17 244
91 242
125 127
9 236
204 250
161 162
161 239
34 248
12 251
89 290
258 284
201 279
161 299
3 99
95 276
134 138
15 205
10 274
200 261
98 179
115 298
68 161
78 117
157 278
189 229
18 294
28 74
166 270
160 189
76 161
87 102
20 219
130 187
100 228
94 96
126 144
11 282
59 143
13 224
37 88
25 198
122 147
124 276
8 116
258 290
116 209
194 208
102 236
16 75
136 199
249 266
63 150
104 133
134 236
222 266
206 216
12 25
107 246
143 199
78 98
79 297
8 114
71 96
186 206
97 251
13 202
106 115
28 29
16 248
27 181
50 70
117 163
100 212
216 218
68 109
12 28
11 289
109 203
104 200
82 108
5 170
64 138
129 224
11 196
100 190
97 118
84 262
13 259
133 158
46 59
12 16
98 206
12 178
26 118
266 280
268 299
69 297
12 271
271 281
94 122
253 281
208 284
221 288
71 138
125 232
59 259
47 74
161 213
222 265
55 139
156 197
143 161
92 117
126 300
99 221
31 48
115 238
134 158
15 196
34 244
59 139
117 210
16 211
55 69
160 202
13 173
270 272
1 269
124 133
189 228
16 265
11 74
281 285
201 243
98 187
77 113
16 226
76 231
59 135
240 284
3 5
42 150
194 266
146 154
98 197
220 256
103 202
147 148
176 258
188 202
76 268
196 258
186 221
124 267
117 206
28 299
23 98
108 133
21 267
74 128
87 241
125 222
4 15
116 123
12 35
20 183
131 214
144 151
47 186
130 245
77 299
31 33
33 53
38 88
11 269
139 236
40 74
184 257
59 205
156 219
61 123
13 273
115 299
156 242
34 87
17 41
267 294
194 216
66 151
280 299
194 245
70 149
82 103
180 233
99 278
2 295
26 134
181 288
18 193
24 248
191 201
167 266
102 182
133 291
130 226
194 283
222 297
110 156
199 230
150 211
5 131
161 224
21 151
99 123
131 295
153 168
122 178
127 195
8 77
145 175
109 176
93 95
42 62
122 210
182 277
7 203
13 227
161 194
9 91
204 222
79 295
153 287
65 142
68 69
198 216
2 101
190 211
184 198
141 251
76 256
194 203
148 153
5 221
8 290
216 247
177 216
9 225
11 244
17 131
174 265
86 297
59 162
59 239
150 208
237 277
250 253
240 249
28 43
48 136
94 101
20 104
64 77
15 217
136 145
143 300
170 288
147 170
133 220
33 162
33 157
10 113
125 143
83 100
156 233
80 95
78 97
71 291
34 122
88 101
7 199
174 287
142 161
76 82
284 285
106 244
53 71
131 153
117 264
11 197
171 249
133 143
130 300
203 256
194 199
11 249
153 273
100 163
133 262
125 176
172 180
192 211
23 172
265 284
86 154
235 277
159 247
171 266
9 115
24 90
180 181
91 181
230 258
246 266
87 88
133 175
131 140
240 287
62 151
7 53
117 162
117 239
36 64
42 141
130 208
47 214
131 186
201 246
113 290
180 244
201 274
91 244
145 297
80 295
244 298
195 284
231 258
131 238
211 242
189 242
40 83
84 124
128 159
233 258
19 94
84 115
59 169
112 188
256 268
87 118
100 269
84 113
107 113
7 170
40 134
94 216
76 182
3 61
264 299
87 229
115 195
155 199
8 250
35 186
30 67
170 194
180 197
71 293
202 257
117 171
22 195
30 64
91 161
127 150
99 217
16 153
79 266
195 242
56 258
123 139
180 185
163 186
138 160
194 232
23 179
126 236
102 285
11 12
201 241
76 244
100 130
40 80
21 93
8 82
9 224
108 112
187 202
112 147
222 238
41 67
209 264
28 155
109 273
116 142
5 185
13 260
11 284
186 240
95 298
85 145
52 269
264 284
192 195
109 233
101 105
164 186
128 240
88 111
173 237
48 135
202 227
83 265
81 185
20 26
8 107
184 246
87 252
147 221
234 250
186 276
50 113
135 211
140 161
246 276
97 201
271 278
124 126
76 261
48 148
87 190
215 217
120 254
248 252
137 199
113 163
129 136
7 294
127 221
291 295
59 248
96 100
211 284
145 202
155 157
139 206
75 80
133 300
238 284
25 74
211 278
89 153
18 205
143 148
37 156
77 89
249 289
235 284
100 260
265 278
9 229
195 209
20 279
130 171
117 273
82 96
93 278
40 137
156 252
31 134
113 164
115 134
12 147
120 187
92 296
299 300
179 256
184 284
161 175
108 146
130 148
16 259
57 211
186 200
154 155
19 194
67 202
83 117
257 288
59 126
66 155
52 122
298 300
156 187
75 91
223 288
79 98
101 121
89 180
68 81
13 241
7 221
83 101
134 273
26 276
57 71
86 110
70 146
125 263
14 250
90 195
150 219
157 217
67 86
15 64
119 172
189 207
150 274
59 241
12 148
194 221
111 118
293 300
16 268
130 147
17 29
11 62
167 270
2 250
21 24
4 8
156 267
43 67
24 155
105 222
73 222
145 248
160 263
38 258
2 277
220 270
142 145
36 85
82 122
111 158
33 298
80 290
196 201
226 277
27 115
38 216
121 141
160 299
17 53
37 53
5 227
8 164
7 276
12 235
79 89
177 250
118 290
167 217
109 197
55 90
196 216
37 66
233 281
73 113
119 205
9 222
119 248
124 143
88 100
234 281
117 241
37 55
107 160
44 46
131 235
8 222
186 270
99 111
229 256
32 128
17 211
106 207
271 277
212 248
34 291
133 165
60 144
151 161
124 130
38 159
109 283
220 290
136 158
10 65
178 273
55 160
16 238
34 95
76 247
143 158
27 234
157 299
188 201
84 120
200 248
157 162
225 249
176 299
99 188
61 113
10 238
127 146
200 249
202 236
22 147
43 59
4 9
61 124
97 106
4 194
137 300
13 214
93 217
56 151
132 138
185 286
140 154
96 149
86 148
45 81
115 172
76 90
84 97
201 205
128 170
150 162
150 239
222 231
99 113
185 268
46 132
152 264
181 184
272 284
186 265
106 118
114 128
7 54
18 285
129 300
76 226
246 250
27 275
33 50
67 162
205 266
106 229
187 200
98 236
14 292
2 87
78 294
35 149
126 162
13 295
109 199
28 189
39 69
123 155
117 260
59 190
27 287
79 270
98 296
23 201
85 260
47 59
132 273
215 299
85 256
114 115
16 193
127 256
26 175
130 230
37 73
82 101
216 286
29 62
100 102
131 227
116 300
64 266
13 228
139 199
65 126
2 138
56 85
185 203
250 267
152 170
160 181
116 125
125 215
5 18
123 222
98 108
4 231
41 160
20 186
95 174
131 297
156 213
38 94
217 289
27 227
27 262
131 133
211 244
249 276
76 94
78 286
54 154
54 127
148 276
195 225
193 281
15 249
201 217
192 258
112 298
133 249
205 288
8 174
25 244
109 132
1 232
157 296
20 294
6 213
76 248
124 190
201 237
188 284
97 112
100 107
209 256
2 119
5 250
222 256
291 300
57 147
204 288
102 113
25 253
160 224
133 142
25 298
135 150
18 227
125 151
273 293
156 234
3 161
161 293
152 238
103 191
9 117
119 151
59 117
27 251
103 211
100 272
161 276
134 194
154 190
38 74
22 213
23 286
91 206
244 248
147 156
131 272
252 281
267 270
121 250
148 182
270 271
82 216
91 216
209 258
96 103
72 117
27 220
194 270
100 279
4 65
150 182
20 24
8 49
160 191
16 297
102 238
59 282
98 257
57 123
200 280
150 259
109 163
124 299
9 283
12 287
260 284
130 228
100 187
119 132
65 69
11 112
68 142
200 215
82 210
168 194
201 202
24 238
21 248
243 300
141 209
21 103
223 248
66 146
23 100
12 63
11 268
9 282
108 278
62 135
74 162
182 270
7 181
106 248
16 115
26 223
64 143
73 162
219 281
59 187
193 248
181 194
74 99
77 101
142 269
135 267
154 293
40 81
3 15
186 217
69 269
48 113
156 218
8 181
98 242
24 153
269 299
7 244
111 290
174 202
169 256
250 280
48 86
83 98
130 155
16 285
121 221
193 250
133 228
117 246
37 67
179 189
89 97
26 188
28 186
130 218
185 253
146 148
213 250
71 146
85 189
146 283
1 210
64 70
110 133
14 66
105 244
95 262
110 178
134 221
98 288
20 209
24 276
130 178
27 265
186 266
26 86
88 120
12 109
292 295
123 128
71 126
97 117
241 284
71 89
93 186
6 87
156 264
145 221
2 59
119 285
189 218
49 103
180 232
90 95
128 236
38 295
7 215
184 276
24 137
73 156
14 294
12 239
181 222
152 215
130 267
199 291
185 187
36 74
8 191
113 117
79 275
77 240
27 254
30 211
136 156
23 54
13 17
4 20
11 248
121 138
282 298
153 226
204 266
37 77
76 206
281 287
24 200
4 12
156 296
148 268
34 202
164 180
183 186
80 102
6 148
16 119
29 56
134 240
178 195
191 194
123 133
124 129
63 136
135 269
116 147
195 280
90 260
216 245
16 192
120 264
184 245
195 283
184 221
46 64
78 120
250 272
174 285
91 174
126 269
76 91
21 64
222 291
161 265
26 103
141 155
11 172
219 250
137 140
81 211
101 116
3 223
194 255
166 189
20 286
81 200
153 293
72 150
127 246
6 204
239 270
13 251
8 166
94 281
205 211
68 95
98 247
266 271
62 103
123 296
165 277
194 253
172 288
212 217
102 120
69 122
2 181
199 222
161 271
15 79
185 276
13 48
154 297
21 217
213 281
18 242
18 297
23 117
77 148
13 121
2 141
150 210
76 163
79 150
11 17
118 189
115 216
59 222
132 295
91 238
11 176
133 151
51 75
125 289
102 250
154 180
222 275
120 171
64 75
34 60
71 74
93 290
78 92
28 291
93 98
97 262
15 189
23 194
142 146
142 151
123 148
152 205
86 119
170 217
34 46
210 249
25 161
131 278
50 58
33 108
84 228
119 160
15 225
149 174
222 290
139 260
224 284
1 27
139 256
34 73
69 159
109 261
34 43
69 150
1 292
18 233
60 152
33 69
38 67
2 161
50 162
12 230
118 162
144 159
100 246
106 184
32 135
101 132
49 64
20 230
144 148
150 226
5 137
36 134
104 160
107 174
48 124
157 236
291 294
126 238
78 102
11 174
12 13
156 259
55 135
2 24
11 19
159 250
217 227
27 289
74 166
174 229
7 274
170 250
200 285
160 236
20 72
234 288
6 208
229 298
2 65
181 217
192 249
189 270
56 112
184 206
48 127
105 248
63 211
89 239
89 162
73 248
95 116
266 279
248 289
250 265
44 96
8 110
107 240
2 209
178 297
39 123
156 268
107 111
92 109
77 125
115 117
195 232
45 152
187 281
7 12
98 122
229 248
258 261
195 198
125 229
30 151
41 152
217 273
194 281
142 160
12 194
216 250
18 153
135 195
7 242
107 258
214 268
17 173
20 212
88 265
3 87
200 254
171 296
103 138
163 288
133 135
85 111
108 174
89 104
27 260
133 234
48 51
26 120
153 261
15 39
189 232
99 173
71 128
237 275
231 266
59 243
100 218
11 203
239 277
38 72
223 250
184 201
148 253
146 185
21 278
70 71
91 204
13 243
223 249
231 249
82 162
26 194
154 195
13 242
29 139
101 186
18 141
214 258
185 283
199 237
92 288
115 128
21 247
27 176
46 158
110 113
88 115
34 126
79 258
200 222
34 134
117 220
41 155
20 233
13 296
200 286
79 90
17 92
28 64
200 276
198 264
27 150
25 185
251 292
120 243
109 282
98 104
18 197
67 111
201 290
137 151
59 160
230 256
107 109
33 75
119 241
20 61
146 296
153 259
147 288
25 274
84 151
292 299
189 267
111 297
240 290
50 66
237 273
161 243
8 254
216 263
18 200
87 179
203 258
266 282
115 291
98 217
135 143
194 251
9 165
7 51
234 284
18 244
99 132
30 137
189 226
170 281
221 250
121 193
14 76
157 300
124 127
184 207
27 194
80 185
111 112
9 169
178 258
194 214
9 15
109 279
9 130
110 154
33 128
37 116
122 255
185 199
18 169
164 237
44 56
59 146
4 198
7 208
64 222
10 269
30 134
16 170
17 267
100 108
49 155
12 19
5 21
216 219
121 223
34 72
89 273
9 156
114 125
152 166
153 243
83 240
13 89
64 105
118 288
126 180
10 261
111 256
156 260
108 294
120 182
186 225
44 75
103 160
249 259
186 258
202 204
89 217
87 253
195 216
7 261
20 133
147 155
137 269
184 186
186 278
195 206
7 196
151 217
77 111
194 261
63 272
141 159
232 250
7 176
259 277
37 106
5 78
25 58
120 247
133 202
112 296
250 254
149 240
217 236
152 154
60 156
194 196
98 258
126 153
248 255
134 159
18 270
44 57
41 50
117 261
175 222
100 115
153 256
217 250
220 258
1 116
79 117
249 288
117 148
5 293
77 132
176 281
59 173
119 200
86 209
89 250
184 282
34 74
23 156
59 98
59 290
3 208
198 266
27 273
83 131
98 212
121 159
1 18
45 127
68 127
156 299
222 282
121 148
236 281
12 131
39 50
137 143
160 217
155 156
198 249
122 257
103 291
12 100
34 136
117 218
78 159
66 135
1 4
174 233
200 262
237 300
5 17
33 45
76 116
178 180
134 148
167 202
115 222
9 230
156 241
120 246
147 260
92 102
27 201
21 238
86 112
29 67
182 216
185 250
3 68
93 135
182 184
11 167
201 224
120 183
81 258
90 223
221 281
66 148
69 131
72 136
34 80
79 279
143 144
24 160
108 201
202 283
278 299
38 60
168 216
47 140
2 236
192 277
27 293
208 237
134 147
50 157
106 246
7 283
11 245
112 117
281 286
135 157
24 173
90 97
83 116
91 93
20 277
130 144
34 57
150 180
153 231
98 168
125 160
121 185
184 254
160 223
172 216
20 36
136 249
209 248
26 170
59 183
138 209
44 115
41 44
53 141
44 144
90 118
139 179
184 224
34 267
16 263
185 235
82 84
51 211
210 256
255 258
189 214
37 72
8 115
9 252
26 128
114 153
170 248
8 262
38 156
211 235
40 48
13 181
5 155
25 233
37 296
82 95
59 172
222 228
20 247
81 295
167 189
1 15
200 259
33 147
296 297
237 245
73 122
179 278
281 284
12 284
120 218
59 181
103 225
41 151
64 217
81 108
3 12
195 214
193 249
60 269
18 123
58 131
116 156
145 246
186 230
161 188
86 222
27 206
43 156
79 104
124 256
18 228
236 250
103 176
20 74
202 276
159 160
101 221
24 288
196 202
97 248
20 109
226 288
3 274
189 274
13 170
117 235
133 157
228 284
152 240
82 111
59 170
185 281
82 233
2 238
47 69
120 172
62 70
100 261
12 68
44 70
33 140
230 277
39 59
156 224
150 171
82 163
190 270
121 177
42 137
11 187
27 167
21 245
184 288
15 103
95 211
210 277
131 296
217 222
21 80
113 259
109 114
130 268
2 140
53 59
160 216
217 299
127 145
223 284
16 99
34 269
43 44
168 296
117 193
231 277
97 211
154 231
28 222
38 42
138 278
155 238
259 284
56 107
72 149
43 162
4 17
113 202
256 289
284 294
171 194
107 256
159 291
107 260
111 119
80 244
278 280
27 173
28 138
270 299
40 150
8 280
200 204
114 154
34 137
113 120
3 295
117 247
108 129
201 244
91 274
130 294
136 150
184 241
122 164
7 286
237 296
154 284
97 110
119 258
206 237
138 186
148 256
148 189
130 179
216 273
96 189
190 266
202 267
34 213
62 195
87 99
80 90
128 138
157 269
130 212
212 256
78 297
154 260
40 56
28 96
229 266
7 213
173 222
139 144
189 256
27 207
184 194
160 239
72 144
125 218
101 120
109 169
115 120
15 75
261 284
23 257
12 199
104 112
97 109
189 244
83 95
2 5
258 262
67 124
27 74
79 211
18 92
90 179
79 267
180 242
13 255
76 269
1 94
100 283
32 148
59 144
102 242
8 233
69 202
189 212
2 228
66 122
59 87
255 270
50 64
48 142
5 11
10 23
122 146
23 275
163 249
62 73
136 157
26 88
2 97
181 292
98 156
72 155
119 177
206 249
11 241
133 231
59 131
117 286
80 82
112 281
139 184
14 97
9 201
127 193
133 272
195 231
215 269
132 134
98 246
15 62
13 186
59 155
23 72
29 151
195 233
64 80
108 283
191 216
34 114
91 115
59 67
91 101
184 260
185 263
11 86
249 277
94 160
224 266
106 189
105 159
250 255
44 58
26 87
8 276
59 279
254 288
125 178
162 190
195 254
3 227
82 188
202 274
82 241
172 250
11 219
91 213
210 237
33 65
216 228
189 196
189 231
13 279
58 69
119 216
117 178
133 187
18 170
174 299
11 272
49 80
154 269
180 299
134 139
39 65
186 275
6 244
2 223
28 62
9 104
11 246
124 148
124 185
11 186
21 79
257 266
58 143
4 16
109 209
215 270
186 242
179 222
216 223
28 128
112 122
80 133
188 217
91 108
99 149
186 235
217 283
25 117
166 249
111 229
160 290
134 175
105 276
186 190
150 275
248 299
48 143
204 298
166 201
59 68
80 299
34 150
91 224
30 44
36 116
119 159
62 272
194 280
133 256
214 298
12 146
27 91
45 162
125 241
25 121
102 110
103 174
217 278
152 218
93 251
72 74
217 268
92 262
76 114
48 185
43 135
43 83
168 200
125 136
117 238
1 194
217 282
18 199
185 210
38 73
122 273
130 203
86 203
121 129
283 299
202 278
100 208
105 256
114 291
129 155
38 46
153 187
65 256
191 277
177 202
33 189
20 264
10 24
182 288
150 262
104 154
273 284
32 50
16 200
8 33
40 116
4 273
76 262
180 195
156 227
59 189
18 281
145 195
146 157
108 140
136 154
13 201
135 151
89 90
229 288
102 112
4 23
12 54
87 236
202 210
195 197
122 174
143 224
184 239
162 184
4 283
160 186
40 129
216 269
86 151
274 281
90 146
117 174
139 177
69 135
59 264
224 250
15 67
115 267
250 281
99 116
156 170
28 293
91 218
172 281
20 62
6 24
29 128
59 289
144 256
147 162
2 276
59 73
55 149
143 151
27 98
94 288
222 241
76 176
87 108
123 131
54 75
169 198
190 202
169 194
130 141
31 50
5 136
115 173
153 276
194 260
28 103
7 56
22 76
174 179
27 175
91 268
104 110
183 288
105 231
88 295
34 115
195 275
44 152
96 161
36 71
38 157
150 198
160 267
162 227
47 299
16 166
170 270
18 124
7 209
240 266
164 256
122 155
253 277
27 193
94 291
81 220
125 220
221 258
89 215
186 196
195 287
217 232
34 223
186 193
17 56
92 270
20 211
11 209
111 193
46 159
144 297
134 202
25 211
187 297
150 192
115 210
49 137
139 140
72 134
201 232
153 245
64 247
90 112
256 273
68 269
195 262
20 150
62 184
186 223
16 100
104 262
198 270
150 154
190 250
37 258
100 197
94 116
60 71
59 124
89 98
1 8
8 80
1 3
136 148
126 135
33 117
48 103
1 189
131 195
230 237
33 269
1 78
91 210
147 188
125 235
9 122
206 270
111 185
22 231
76 300
41 149
36 144
59 194
247 288
59 216
189 195
205 216
8 109
46 148
214 250
9 289
194 287
119 264
20 236
127 139
104 119
114 150
63 158
23 35
1 298
23 287
199 256
9 21
23 183
15 251
27 215
130 263
277 281
189 290
44 64
87 156
117 141
14 153
100 238
86 118
222 278
120 175
12 82
126 152
12 154
42 272
9 271
5 15
209 222
41 69
12 18
27 296
87 106
256 275
156 221
9 216
32 155
166 174
84 156
138 154
119 281
106 203
9 197
195 290
35 146
195 289
200 257
105 109
65 295
51 65
250 261
222 226
152 276
26 98
25 272
120 167
61 139
143 299
115 213
7 188
9 265
229 278
45 145
99 185
87 114
79 236
84 181
194 256
189 264
18 75
11 290
131 253
221 270
118 223
217 241
19 286
100 174
225 258
10 232
20 289
114 116
217 218
105 184
61 74
150 285
165 250
161 295
69 139
146 249
170 258
249 253
240 250
17 73
99 214
112 270
139 160
40 131
7 233
71 150
9 181
146 256
16 185
186 229
77 120
23 122
11 276
44 74
87 239
76 223
18 49
150 231
40 124
60 145
12 201
121 188
87 291
1 20
134 293
154 221
100 111
177 211
13 14
8 228
128 143
202 280
82 97
115 233
7 230
93 258
74 135
76 87
162 243
163 174
100 169
157 222
19 284
97 277
133 280
180 258
92 98
9 186
15 238
142 217
59 153
215 287
211 276
94 259
24 245
128 130
24 107
155 269
115 119
81 270
12 200
59 215
45 56
23 251
217 284
83 226
216 251
81 91
55 64
29 135
7 33
131 269
152 220
57 142
2 20
246 287
147 217
38 122
45 64
235 297
90 133
152 158
86 100
238 285
66 67
87 94
83 211
76 199
217 260
133 252
26 229
84 278
186 205
190 200
137 211
11 20
106 145
185 249
180 271
20 243
