heur051_n_300_m_20122
136 297
99 180
60 291
55 285
25 55
241 252
82 85
107 242
242 278
265 291
21 224
33 56
280 288
68 180
186 283
54 280
50 119
53 73
2 114
32 95
33 235
82 300
242 250
21 180
5 73
199 241
101 114
120 270
109 180
30 95
60 279
106 154
172 242
74 297
118 275
118 281
129 208
3 154
16 300
49 206
16 73
224 299
213 277
153 285
33 121
95 103
118 218
138 285
97 224
237 293
3 158
187 191
36 206
83 289
50 85
135 289
9 76
55 141
76 274
45 95
78 229
97 275
6 33
99 259
241 278
97 281
242 296
188 211
174 269
161 281
244 285
113 289
34 138
110 138
53 76
122 289
114 134
43 280
57 82
55 195
40 135
76 295
58 275
226 265
57 114
40 136
50 75
117 289
55 134
73 117
31 234
39 138
65 291
11 60
106 270
40 143
17 50
188 226
70 114
111 138
207 293
94 180
53 286
70 82
68 225
27 224
114 121
5 224
8 224
121 279
189 265
7 114
19 288
155 211
59 213
33 52
13 229
249 267
50 99
96 184
82 297
138 274
35 82
102 300
8 40
172 269
241 255
138 224
119 298
242 295
192 265
143 275
143 281
2 33
210 241
19 114
36 180
252 283
54 224
116 224
53 289
47 138
76 122
18 234
59 294
204 287
75 279
63 268
40 58
18 33
22 138
70 280
55 117
99 172
225 241
18 146
190 284
33 145
19 138
40 44
13 155
41 60
235 237
28 76
52 76
222 258
218 219
33 77
228 241
214 265
241 277
63 269
129 138
60 115
52 289
17 224
224 280
242 270
95 142
203 238
82 131
185 293
76 154
43 186
114 131
120 272
95 133
139 234
53 55
265 289
88 95
40 127
3 95
154 283
33 36
125 260
117 157
156 265
19 50
76 119
31 154
7 55
101 180
21 35
50 86
64 82
152 283
151 265
121 294
114 120
3 180
12 114
184 286
290 291
127 157
55 198
50 94
50 84
3 195
16 95
226 297
233 242
36 258
105 298
50 62
227 294
126 224
33 111
33 131
127 138
108 154
285 297
191 283
95 180
147 222
213 293
3 152
138 229
242 275
35 60
210 242
28 114
138 280
17 138
95 299
83 275
237 242
135 275
118 260
201 297
114 292
33 191
154 280
86 234
34 186
284 300
17 82
203 284
137 224
54 95
95 143
154 252
40 92
33 91
105 138
138 213
13 237
260 265
258 269
18 206
224 238
121 180
95 136
153 213
52 82
40 63
33 139
154 263
73 180
155 176
199 224
12 40
60 283
202 298
115 124
82 116
117 186
19 270
51 138
112 180
13 298
280 282
68 154
20 40
74 114
60 96
51 76
68 114
76 120
106 242
86 242
76 128
44 206
33 199
60 65
204 242
8 270
20 176
99 183
114 137
7 138
47 297
73 124
33 61
197 201
207 265
153 194
239 265
162 265
60 102
43 242
251 297
4 76
53 275
28 40
73 85
197 277
220 283
203 281
38 297
95 135
6 270
68 206
76 285
31 185
60 124
76 292
41 76
33 112
16 224
197 269
47 114
33 177
96 220
42 60
14 73
111 120
7 73
55 247
9 280
252 267
63 114
201 282
121 275
199 289
99 237
108 187
253 265
33 87
166 265
88 114
12 207
41 286
169 265
99 198
55 58
147 193
94 114
25 33
33 136
50 59
40 78
120 224
18 224
254 296
179 265
100 289
50 105
55 94
33 143
33 54
40 294
272 280
232 265
33 213
52 60
96 224
277 295
118 187
55 128
123 138
171 284
60 297
40 121
13 73
114 130
284 288
226 291
265 266
33 51
22 95
82 264
219 244
279 295
50 87
97 297
50 127
52 138
89 224
4 284
64 295
35 76
60 113
73 297
188 287
6 55
24 82
69 232
40 86
118 243
84 138
154 277
40 89
86 190
49 185
33 80
297 298
114 143
55 132
50 108
54 82
59 105
63 76
152 293
3 213
129 206
105 299
33 47
242 255
33 254
82 124
11 163
73 120
201 285
165 193
69 114
70 224
108 203
55 291
216 281
25 206
163 242
66 224
155 241
77 280
100 270
52 55
93 99
76 96
275 280
3 229
280 281
198 242
267 293
95 105
60 120
211 265
243 287
41 275
55 80
38 50
242 263
276 280
280 292
26 280
37 224
227 265
55 157
59 107
205 242
21 294
202 270
66 95
50 129
50 125
40 88
175 287
82 277
199 269
40 128
153 179
18 95
89 289
95 265
26 73
50 124
265 290
187 270
67 138
3 73
73 88
2 95
111 291
55 272
259 265
189 285
63 180
55 237
29 242
180 265
76 283
61 82
193 215
33 207
75 186
36 254
60 292
59 270
60 75
51 60
35 297
26 60
60 276
80 138
8 60
59 82
10 60
170 233
47 300
59 114
265 286
9 95
66 297
203 265
121 289
270 287
129 230
261 270
224 247
40 275
279 297
108 180
107 221
291 296
152 265
58 60
32 243
37 50
13 114
274 295
138 270
73 137
6 280
49 138
125 224
159 294
143 286
32 242
54 60
29 33
248 265
202 269
33 203
27 76
3 76
224 268
201 242
274 280
57 95
141 286
40 98
217 269
136 286
113 114
272 297
118 220
82 113
28 55
109 224
33 173
155 187
150 152
203 254
95 125
55 131
133 154
60 137
211 222
82 135
49 281
264 281
82 234
20 55
23 55
83 297
33 188
33 263
36 265
40 115
125 180
63 300
84 297
294 297
49 73
50 112
261 265
82 126
99 280
33 201
117 180
12 55
31 114
32 33
118 224
99 193
224 285
187 188
28 95
37 138
119 138
93 291
107 115
172 233
82 120
170 282
87 281
269 295
284 287
145 269
95 100
76 279
18 201
153 170
38 289
252 284
3 237
193 260
270 297
47 275
82 140
33 92
279 291
15 95
41 138
76 113
50 71
242 286
107 158
55 88
137 289
99 162
33 63
82 106
35 72
53 298
26 114
39 95
114 276
99 201
15 180
154 214
9 60
11 286
265 279
242 251
154 298
171 265
82 141
82 180
43 297
82 268
73 131
232 291
114 141
51 115
35 202
40 97
60 104
214 269
58 114
71 294
95 270
58 82
33 159
105 271
143 278
11 76
42 50
33 35
76 135
73 271
181 272
41 300
232 255
74 120
41 73
105 115
50 273
52 224
60 111
51 284
13 180
33 37
116 275
73 104
30 114
105 280
203 285
24 40
75 289
50 117
99 265
192 267
33 206
15 284
125 148
50 292
242 262
145 285
50 122
19 93
13 95
20 280
28 73
33 123
107 154
36 201
86 206
165 188
34 229
127 180
120 280
32 260
265 296
54 55
30 272
229 265
118 234
140 284
264 294
66 298
12 185
276 291
40 102
201 294
73 77
95 127
38 55
35 298
199 267
28 60
213 265
275 297
281 297
186 201
92 114
41 55
10 95
26 76
95 128
73 267
76 276
82 92
197 293
17 55
42 224
34 297
33 262
110 297
237 285
86 152
90 297
112 234
55 193
184 293
86 114
66 293
26 33
244 284
13 138
62 291
234 269
125 244
279 280
69 184
17 279
277 291
99 218
80 289
62 76
111 152
18 60
55 65
12 269
185 272
177 265
55 175
155 224
30 294
50 93
56 270
11 297
23 289
65 82
47 294
56 82
30 267
76 153
81 82
33 241
65 114
138 267
8 289
284 286
150 207
55 109
34 55
55 110
50 92
93 280
21 114
29 50
18 73
39 82
174 294
82 109
102 114
124 297
86 230
46 138
50 63
82 130
47 73
187 289
55 201
82 169
120 154
266 269
114 295
176 270
18 220
225 291
206 246
40 272
20 50
114 142
40 57
114 136
284 290
14 286
197 242
119 300
104 108
256 265
143 270
18 208
213 270
2 275
184 242
47 60
55 133
82 213
26 300
216 242
40 113
43 154
157 282
82 143
55 86
95 141
73 102
213 294
193 268
276 284
295 297
116 294
40 132
78 114
104 221
112 153
274 291
30 180
180 201
154 203
152 269
95 109
82 229
203 287
79 95
60 70
150 204
257 265
71 289
69 82
55 200
12 50
6 40
194 206
280 296
63 224
277 297
7 40
185 291
60 128
99 152
120 176
50 142
155 203
65 76
52 298
192 270
104 291
139 180
22 281
33 251
44 114
19 60
40 120
173 242
33 119
76 102
135 300
50 97
23 40
193 285
22 186
2 298
139 265
95 269
29 180
133 283
63 297
237 268
73 294
60 140
232 284
254 282
125 208
232 233
282 291
24 229
61 114
55 57
123 171
75 224
102 286
86 229
69 267
97 185
42 76
179 193
73 140
279 284
94 138
18 237
40 292
82 93
244 269
55 91
30 275
295 300
33 116
251 298
154 242
53 300
20 95
10 40
133 289
11 138
73 90
36 270
12 297
12 95
207 242
154 291
88 138
18 55
102 289
89 138
206 241
55 87
86 213
161 269
33 101
49 82
254 287
15 50
141 275
33 214
2 76
248 254
31 270
40 54
27 33
50 67
21 237
16 76
172 185
161 277
197 287
44 55
86 280
142 180
63 293
114 184
32 187
33 248
33 284
73 107
20 73
271 297
3 200
216 287
274 284
267 300
55 100
40 123
187 294
38 138
55 102
47 50
31 55
99 104
143 293
95 294
60 139
36 154
140 224
261 269
51 192
292 297
5 76
270 291
73 265
125 172
50 224
2 289
19 143
190 242
40 99
59 120
264 268
127 280
91 294
115 270
60 298
113 298
249 287
10 114
202 249
12 33
47 273
57 76
82 285
191 211
86 224
15 224
139 297
90 280
209 269
3 267
160 269
35 55
108 138
203 272
116 138
60 265
67 224
43 284
284 298
18 283
70 76
234 242
52 180
96 154
237 294
60 74
23 95
60 68
82 98
55 136
57 206
99 153
37 280
1 180
115 164
114 140
76 132
201 270
114 193
75 138
96 260
95 120
51 73
169 242
50 57
78 154
284 296
95 130
213 276
150 224
41 287
27 284
41 114
13 55
243 272
34 50
50 110
158 289
55 92
47 76
41 82
295 298
50 281
50 275
127 171
58 300
50 128
18 268
5 298
171 293
4 95
267 286
96 284
138 284
33 38
128 206
96 213
106 280
69 293
52 297
40 109
254 281
126 294
114 242
33 46
8 95
207 287
86 226
139 224
32 138
10 76
152 267
255 263
12 138
269 297
258 263
15 76
112 243
33 137
86 252
105 273
22 73
55 129
25 270
99 243
127 154
206 269
23 50
33 141
60 67
38 114
76 140
27 60
60 122
32 171
79 280
33 99
251 270
147 269
108 184
6 82
28 224
6 114
39 115
9 138
103 224
14 297
35 280
97 278
40 45
128 297
8 55
266 272
184 193
44 224
34 180
137 180
185 282
40 103
82 104
137 298
35 300
199 242
40 284
16 40
212 294
184 269
288 291
76 99
50 279
174 242
264 265
58 297
74 283
3 190
262 265
108 186
120 158
76 278
32 225
19 293
9 73
242 298
254 269
99 178
55 153
18 40
78 224
35 50
73 135
105 224
74 278
73 224
175 283
103 281
55 220
153 288
21 82
95 104
26 95
224 289
39 114
95 276
125 199
217 258
134 138
297 300
182 193
177 290
267 278
55 126
82 102
99 254
51 59
3 252
242 273
47 289
36 208
40 47
157 278
273 291
13 40
76 139
118 157
18 294
50 107
11 33
240 242
58 95
55 251
111 221
99 215
4 73
213 284
129 213
172 272
89 286
40 224
284 297
86 163
60 134
40 286
127 242
83 138
4 114
57 60
118 242
72 86
103 269
95 123
42 280
185 285
197 265
33 204
218 238
27 138
122 138
35 224
32 297
1 224
48 55
33 86
75 82
270 295
265 271
243 288
79 297
30 297
123 180
8 114
37 297
60 132
27 114
37 95
33 89
67 180
95 126
82 296
106 115
114 278
238 265
55 243
33 70
202 297
9 270
195 265
242 261
82 107
206 267
50 70
82 278
42 138
283 291
110 280
199 265
108 270
149 242
268 284
73 141
20 218
55 234
57 260
35 180
131 270
82 108
21 234
114 272
112 252
74 268
64 138
129 224
33 237
37 59
12 197
40 100
55 123
219 265
56 60
69 297
115 140
78 95
100 294
218 249
71 138
60 136
289 291
125 232
104 186
193 241
20 278
287 297
60 64
76 284
222 265
222 255
63 267
199 283
55 139
82 279
203 291
43 138
126 300
99 221
15 60
4 40
129 298
41 201
79 115
147 265
36 115
4 298
173 244
55 292
55 69
60 62
139 275
139 281
36 252
115 221
28 33
143 283
283 297
173 265
33 160
121 286
36 73
125 291
3 162
101 286
108 289
18 265
220 293
167 219
73 277
60 280
210 265
17 60
46 283
33 178
82 274
164 265
135 297
232 269
117 206
204 269
39 224
179 269
33 125
254 270
180 291
60 99
105 269
95 113
55 130
22 269
125 222
236 269
40 141
20 183
7 82
99 115
48 297
21 33
56 224
229 242
32 202
74 138
68 138
31 33
33 53
157 276
203 297
68 284
2 73
118 293
280 298
17 298
92 289
10 82
218 237
30 138
40 74
50 118
28 300
156 219
40 68
3 280
156 242
219 242
105 287
280 299
82 103
122 300
190 265
103 114
235 265
45 284
50 80
69 185
187 265
55 63
82 112
33 97
108 280
33 40
280 287
112 114
233 265
64 95
40 271
213 292
60 287
150 254
199 297
99 155
208 242
102 298
57 242
75 278
146 265
124 138
46 297
10 50
33 48
3 114
69 206
280 295
50 77
125 192
18 269
125 138
234 285
33 66
180 270
61 269
33 174
79 295
105 278
153 287
82 243
274 297
204 255
62 114
60 92
127 289
50 290
151 193
49 95
54 286
229 241
202 206
185 278
131 280
174 265
44 260
95 224
150 201
86 157
20 60
40 96
241 254
19 297
60 94
252 269
3 186
143 300
99 144
48 50
223 283
79 284
252 293
5 82
224 270
14 33
33 181
47 95
33 107
73 284
228 242
33 157
114 298
4 297
80 95
122 224
54 76
8 286
50 100
33 153
38 82
174 287
265 300
40 53
28 275
185 294
36 280
47 286
33 138
55 253
76 136
242 245
80 180
204 267
40 67
144 224
60 284
16 60
82 273
238 287
35 293
14 95
98 224
48 138
242 264
43 206
105 275
265 284
93 169
86 154
3 184
45 60
59 280
60 268
50 123
215 272
231 254
32 186
60 142
84 295
3 265
82 118
33 114
95 213
154 285
201 272
226 242
240 287
50 270
238 269
24 50
118 270
40 117
159 268
135 298
91 138
73 268
76 141
112 265
43 82
59 138
240 270
60 78
20 241
107 297
242 252
238 241
48 95
17 297
41 95
10 55
40 83
211 242
189 242
95 115
55 275
188 265
231 272
66 275
33 246
50 106
55 299
48 180
33 220
135 224
153 267
55 179
118 265
60 121
229 270
73 78
40 134
81 95
122 298
98 213
60 286
213 290
77 298
33 234
72 291
6 73
33 135
51 295
33 156
242 271
73 121
99 217
265 273
4 82
32 262
165 269
193 278
195 242
129 260
76 104
251 265
171 242
61 95
170 229
101 138
212 254
67 73
29 82
79 180
108 229
1 60
53 95
86 212
170 300
149 265
112 138
75 114
32 180
148 242
127 260
153 160
40 80
61 180
18 114
162 285
157 275
157 281
9 224
59 60
51 270
135 286
8 82
45 180
268 280
242 289
280 293
36 203
153 186
127 186
269 280
242 248
61 224
31 281
38 268
95 139
76 282
16 114
197 285
237 265
55 180
174 268
40 49
95 298
157 287
91 95
101 300
125 154
39 60
73 101
37 82
160 242
36 184
99 224
95 110
46 82
35 206
243 293
240 281
159 288
72 297
14 55
252 265
21 76
157 265
50 113
73 129
51 176
33 180
32 267
120 211
66 82
76 85
95 111
2 291
40 51
24 289
3 185
40 75
40 64
269 291
95 274
45 76
270 290
43 50
40 87
33 95
76 142
252 287
24 76
50 65
25 73
50 81
213 279
247 281
55 121
265 272
43 171
55 101
18 76
99 195
251 269
55 294
99 169
60 278
153 238
66 294
133 229
49 278
50 299
234 294
55 78
69 234
287 291
3 33
114 265
133 180
23 114
20 114
109 269
220 269
55 277
114 271
32 255
148 265
184 297
55 154
82 96
199 281
40 137
72 120
158 238
120 187
40 61
201 269
184 284
146 242
40 280
155 265
249 265
76 83
96 270
77 95
17 40
4 50
154 249
76 286
284 299
40 107
33 126
89 95
40 84
43 224
62 275
65 224
55 295
38 40
3 219
82 283
201 277
32 154
64 114
59 275
76 134
77 286
60 141
15 82
33 67
89 180
184 299
86 186
8 50
21 55
27 50
15 114
107 280
35 289
45 114
232 288
50 83
5 276
136 298
25 114
101 294
76 290
112 208
55 85
14 60
194 242
46 176
193 258
24 55
230 287
143 298
76 121
42 82
30 60
77 297
139 270
213 298
42 114
63 185
213 296
157 288
228 265
14 289
125 280
55 113
28 82
159 265
139 220
55 89
240 265
170 269
51 180
125 262
220 270
11 275
82 122
19 76
30 73
138 300
232 242
17 114
114 122
45 280
107 171
111 158
60 66
23 298
114 157
80 297
6 95
108 213
1 76
247 283
191 265
208 244
85 138
48 60
36 40
43 76
40 79
52 114
52 270
232 275
232 281
19 224
40 94
64 76
55 90
74 82
68 82
130 138
213 295
82 119
193 230
41 289
114 237
108 206
55 171
73 113
3 188
80 286
48 73
120 138
141 224
60 282
69 157
84 224
50 101
234 281
108 199
213 283
117 241
187 242
2 297
111 164
24 60
30 55
39 76
5 114
79 138
121 224
36 138
89 275
215 242
145 281
24 186
186 270
241 261
89 281
56 95
4 55
31 280
32 258
255 269
196 265
99 154
55 271
280 283
46 224
129 252
224 272
2 60
21 60
33 44
84 95
40 293
138 234
97 114
76 106
47 82
114 273
278 291
211 263
35 269
76 280
17 76
241 260
203 279
108 176
34 95
60 125
223 265
22 114
95 137
245 269
33 115
50 51
67 186
271 280
33 41
105 288
157 299
3 234
82 88
96 201
205 269
4 291
50 295
147 242
118 252
99 284
99 188
187 193
114 118
31 224
101 224
193 291
161 242
112 190
55 116
182 242
3 176
138 297
165 242
55 62
88 286
207 211
43 55
63 275
86 294
33 73
63 281
50 121
107 284
157 284
201 265
68 115
3 40
132 138
66 111
73 83
79 224
273 280
129 184
193 265
86 148
188 269
69 73
73 106
78 186
73 86
76 90
224 282
8 73
185 268
95 176
86 289
84 300
50 78
19 289
53 82
73 92
74 76
50 69
186 265
51 114
164 242
68 76
37 76
114 128
242 247
57 138
60 83
82 128
17 180
55 71
51 224
128 260
62 138
33 50
232 283
90 294
138 242
263 285
73 279
72 275
60 272
200 265
153 242
1 33
5 40
153 219
254 299
117 260
120 143
157 283
40 59
297 299
117 154
130 297
48 76
29 114
184 265
38 288
158 242
33 49
50 90
82 101
37 73
116 300
55 273
82 115
188 283
243 283
59 224
1 40
2 138
12 275
49 60
252 268
25 184
108 152
55 242
188 242
39 40
76 81
131 297
33 59
43 73
99 297
33 129
217 289
179 207
33 93
76 94
78 286
54 154
22 224
237 269
193 275
193 281
225 238
25 138
214 242
82 134
27 95
247 285
37 114
112 298
140 280
67 76
197 281
69 95
170 267
15 138
43 60
229 289
108 260
78 180
29 297
267 268
184 275
184 281
82 90
50 104
127 224
237 287
50 89
8 298
167 203
50 88
35 288
39 284
82 258
183 242
187 272
82 146
95 108
76 105
3 220
69 260
193 208
291 300
56 138
184 268
286 295
66 114
20 184
63 294
142 289
82 121
76 125
99 157
55 77
55 252
114 139
40 106
35 114
244 281
30 269
54 298
95 118
169 241
105 286
82 187
218 269
5 289
163 270
129 220
82 190
31 95
76 296
71 298
33 124
19 82
73 119
95 283
72 108
288 297
252 281
82 216
115 286
37 40
23 82
85 95
125 242
72 117
36 72
213 228
24 33
100 114
97 300
55 282
82 271
125 243
73 80
73 127
96 114
73 118
178 242
6 50
230 242
232 293
97 298
32 55
107 244
287 295
232 268
51 55
38 300
55 120
3 242
124 180
236 265
198 265
33 102
60 127
194 265
133 260
254 297
33 109
127 176
18 266
50 269
273 297
50 296
3 157
25 224
99 240
55 105
76 93
75 269
40 46
34 286
110 286
265 295
231 242
35 73
176 265
25 82
214 283
55 70
14 300
121 297
177 258
33 96
38 284
183 265
40 265
163 265
59 76
237 267
49 76
32 73
184 204
144 153
6 224
40 66
80 224
223 293
69 213
216 283
107 148
76 89
13 76
26 82
82 276
29 138
175 294
86 184
95 134
40 81
224 267
32 60
95 297
99 263
32 229
152 242
190 283
201 300
100 298
108 226
130 280
12 229
56 76
65 73
25 50
73 278
99 252
180 297
268 297
78 269
29 206
94 289
33 225
145 241
293 297
40 118
102 138
62 286
95 106
82 199
86 95
55 207
146 283
153 249
82 237
55 162
153 155
60 85
55 119
205 207
118 176
33 90
45 260
26 50
82 137
7 76
50 276
40 65
86 270
112 297
14 82
94 294
47 290
72 300
96 138
153 184
179 283
221 242
213 289
177 283
35 129
292 295
213 218
129 297
42 73
50 271
187 269
62 180
172 265
50 131
136 289
70 73
33 58
11 95
82 129
40 122
55 142
27 40
247 265
127 202
33 193
213 238
1 294
55 75
90 95
153 244
73 128
153 183
21 50
22 154
33 106
71 95
50 102
234 293
230 281
40 42
2 55
225 297
121 260
55 124
138 139
202 241
82 94
43 289
220 265
199 291
76 277
62 289
59 154
55 56
184 298
11 82
76 127
33 223
127 284
201 275
243 285
36 224
117 224
233 270
121 138
131 224
63 73
176 219
85 224
213 267
263 281
60 290
33 39
213 286
75 180
270 280
40 93
201 287
38 115
242 244
15 33
232 287
147 244
40 119
214 294
55 218
102 224
86 176
75 286
95 99
263 287
167 241
50 135
13 60
138 141
82 284
95 184
76 91
82 125
24 73
54 114
85 114
50 277
221 265
161 265
127 272
242 258
61 297
181 242
115 138
46 180
114 117
73 295
3 263
2 82
99 207
114 124
58 294
36 50
95 102
102 297
76 92
175 269
185 241
64 298
234 265
21 297
21 73
19 55
94 275
46 95
84 275
74 95
68 95
114 127
63 286
10 280
86 260
44 297
82 127
99 236
106 260
76 131
51 294
201 273
184 279
60 88
20 76
193 269
35 271
92 286
33 76
24 95
62 298
11 213
92 224
20 290
55 274
76 271
96 186
117 229
154 297
109 138
32 76
87 297
234 283
263 267
213 275
213 281
100 300
168 242
73 75
143 294
18 297
216 254
25 40
33 57
243 265
12 76
46 55
114 286
11 280
82 286
180 269
29 95
230 294
99 200
99 204
3 50
60 186
280 285
32 184
82 91
60 106
106 206
128 280
35 287
163 291
91 114
170 242
34 60
60 110
38 298
55 152
55 98
1 138
76 287
60 281
26 40
40 276
108 234
144 265
50 58
114 290
33 108
224 300
15 40
55 270
82 290
201 267
94 95
62 224
50 126
224 284
241 258
34 73
73 110
10 73
12 73
60 98
73 275
86 175
33 69
40 62
227 242
244 287
76 78
111 199
100 286
5 50
142 224
187 213
95 289
220 281
55 96
42 95
55 108
167 170
3 224
95 129
99 213
82 100
105 282
92 300
179 293
95 132
62 279
19 275
60 112
40 90
271 284
203 299
291 294
124 260
82 221
42 180
16 270
55 135
69 190
50 54
254 276
33 249
35 295
95 122
90 138
76 260
91 300
61 138
95 101
71 82
32 192
105 296
242 294
73 296
27 73
22 298
206 213
83 294
235 242
108 158
230 269
31 82
73 112
104 107
76 237
141 294
55 283
230 265
11 224
117 237
203 300
20 33
150 242
34 224
110 224
95 116
1 95
77 82
77 114
118 154
242 243
55 236
110 281
250 265
224 281
44 138
55 212
30 295
242 257
97 260
226 270
277 280
55 104
5 95
69 138
87 138
109 297
60 81
125 229
22 33
18 138
284 293
86 221
51 95
9 40
106 114
194 281
133 224
40 274
55 183
99 147
221 254
217 265
82 292
5 180
129 237
225 289
60 271
55 190
81 289
65 297
84 114
103 138
214 293
82 175
191 255
233 241
73 81
19 272
96 289
138 143
33 149
203 294
224 288
45 138
23 76
60 97
40 104
32 40
106 288
184 289
237 281
88 291
213 268
9 55
50 140
154 213
32 190
136 138
246 254
95 285
285 291
186 254
60 131
87 95
34 76
76 110
118 300
28 50
60 289
73 89
72 127
49 297
40 111
73 97
24 280
193 198
60 118
40 105
50 294
14 114
125 155
95 112
50 141
33 84
44 95
192 242
275 295
220 294
281 295
185 283
238 258
67 281
115 128
118 184
87 224
206 207
55 125
36 220
20 138
291 292
19 294
60 126
3 283
57 224
275 291
281 291
126 275
73 132
36 104
40 296
221 293
66 300
63 138
46 50
241 267
263 265
108 224
45 224
25 295
55 112
92 138
224 278
203 228
63 82
186 207
33 75
50 130
60 77
150 193
173 238
119 297
184 292
175 265
49 269
216 285
109 286
210 269
95 140
111 297
50 66
224 294
35 111
56 73
50 136
185 265
133 138
50 139
57 280
115 291
55 268
162 283
40 101
55 118
201 286
81 114
234 284
74 294
140 180
1 114
141 289
99 132
50 143
224 283
185 206
29 60
60 93
1 82
88 297
170 281
209 242
59 185
137 138
3 297
157 291
99 229
13 50
22 180
14 76
157 300
76 123
242 276
23 224
107 229
226 244
60 180
34 154
10 33
50 265
33 128
82 295
263 283
213 272
99 190
18 50
73 93
29 73
136 270
125 297
237 283
170 277
130 224
280 294
17 294
33 217
129 289
86 265
41 294
82 142
95 131
70 270
82 136
203 293
105 279
50 96
105 114
205 241
35 132
38 76
244 265
66 76
114 125
114 213
32 199
284 292
13 33
26 138
32 226
118 288
67 95
44 50
49 55
46 298
108 294
125 214
47 279
40 70
99 220
82 117
223 294
248 294
224 228
36 242
78 82
76 97
114 229
224 279
76 273
55 254
27 82
114 296
36 243
104 184
33 88
73 99
35 95
181 265
107 114
15 280
27 280
203 283
33 133
13 254
195 269
74 185
54 138
165 282
23 73
99 114
44 270
7 60
117 295
76 118
127 290
44 82
243 269
31 76
152 258
101 289
43 229
35 286
22 50
63 95
11 40
128 284
230 254
10 138
111 280
23 60
144 242
203 282
203 289
41 50
41 285
72 95
73 273
40 140
82 171
192 272
115 186
105 300
36 76
92 95
13 297
38 224
18 180
92 297
125 261
168 265
82 252
60 130
114 279
76 289
73 290
265 276
224 293
238 267
105 290
211 294
184 282
96 180
204 258
93 114
33 243
33 231
68 224
74 224
154 219
45 55
82 226
124 224
39 280
74 275
107 192
33 170
32 164
1 50
241 281
31 73
55 106
13 82
236 281
57 180
39 50
35 276
30 50
95 260
74 186
55 122
49 114
100 275
20 295
155 242
99 208
242 249
82 89
129 201
36 93
117 218
89 114
29 55
14 298
60 90
40 112
264 269
55 156
191 269
41 224
33 45
5 280
86 220
76 116
167 242
114 135
156 241
218 242
242 266
107 226
194 241
33 103
73 94
203 267
68 171
127 213
208 224
151 242
123 213
18 289
40 91
16 286
203 270
114 126
276 297
36 114
139 294
19 285
3 243
71 114
88 243
184 272
76 272
40 139
34 82
60 107
82 110
202 283
158 170
49 50
117 297
151 269
237 284
67 114
38 60
55 79
55 148
82 275
234 267
67 82
204 283
213 287
76 129
59 66
272 291
40 273
75 206
55 159
143 287
187 244
73 139
32 214
55 289
9 33
139 213
74 300
138 277
115 171
82 186
71 275
95 234
45 73
33 81
124 206
112 220
36 260
247 255
98 114
95 220
202 265
107 225
38 283
44 280
199 270
76 224
33 244
106 138
73 109
78 278
39 180
44 115
33 72
126 270
242 267
179 241
205 265
84 286
73 74
75 154
68 73
154 160
3 175
222 230
22 55
93 199
11 267
185 300
25 234
82 84
49 224
114 180
60 109
153 230
48 224
98 138
1 55
267 281
55 81
244 254
12 60
40 283
12 300
62 82
204 265
280 300
99 266
31 40
76 100
40 48
141 297
33 161
22 60
60 105
241 294
53 138
47 180
230 244
50 291
27 297
296 297
49 242
73 122
129 265
275 284
281 284
5 55
30 82
49 180
33 222
207 268
40 282
33 255
21 138
40 126
193 249
26 224
224 276
160 265
209 265
107 180
108 221
215 282
117 232
60 296
32 169
133 186
62 95
76 98
11 180
54 270
134 224
50 52
73 133
95 157
32 208
95 107
40 77
36 266
82 291
224 287
60 116
60 108
138 265
190 287
50 53
77 224
138 291
76 112
194 220
82 86
179 242
19 287
174 283
127 295
40 125
245 294
128 180
60 101
187 232
117 235
241 242
19 300
223 242
177 244
12 224
99 289
9 114
29 40
73 108
9 82
35 138
29 281
185 275
185 281
25 95
82 111
7 224
11 55
66 138
33 98
33 140
33 152
56 114
117 176
242 285
108 220
55 264
40 180
206 231
280 290
60 129
97 180
198 224
87 289
121 300
184 288
75 297
75 95
15 55
40 270
73 87
33 64
101 298
185 287
41 180
109 114
127 229
193 242
95 97
114 169
100 224
82 220
53 224
108 192
54 289
60 224
246 265
164 193
60 89
9 50
55 140
76 298
86 187
203 239
119 286
95 271
82 105
24 297
73 270
105 270
118 282
267 283
40 133
188 267
7 50
33 291
150 265
53 297
73 123
284 294
271 291
61 73
21 95
133 176
153 294
114 269
107 260
73 134
73 126
82 269
33 113
278 280
225 242
119 289
67 298
14 50
82 214
99 179
107 169
175 293
245 265
28 138
91 180
120 295
138 140
159 242
18 229
181 269
193 203
295 299
24 180
103 180
188 278
82 99
254 265
18 300
158 294
73 100
189 283
108 114
193 293
55 184
46 114
76 109
55 286
18 243
284 295
19 298
191 242
107 262
128 138
157 269
82 260
108 237
78 297
38 293
60 100
40 56
40 43
241 273
172 263
76 79
5 33
188 218
289 297
290 297
55 103
205 270
114 270
49 280
26 275
14 224
15 206
214 267
40 71
115 120
103 297
265 292
55 290
53 291
242 274
16 33
18 254
40 130
83 95
76 77
133 284
29 260
3 232
180 242
32 148
50 116
76 269
184 300
59 300
76 101
26 55
58 224
86 138
55 276
35 115
33 78
60 277
76 294
4 224
286 297
160 218
160 233
178 265
105 272
36 95
120 186
57 297
255 270
50 64
167 172
91 275
48 82
76 117
50 61
24 260
30 111
13 213
33 122
76 124
95 290
77 180
76 243
282 297
16 55
62 73
157 285
94 298
228 287
24 154
76 108
114 274
33 142
128 224
237 291
125 219
264 293
68 260
242 259
105 268
213 271
70 138
166 242
70 95
156 270
107 143
80 82
104 300
33 42
114 282
278 297
198 269
133 272
157 273
145 242
215 269
5 138
79 114
83 291
179 268
2 50
243 294
117 252
36 82
79 82
18 111
35 283
108 283
94 224
32 114
203 242
60 91
34 114
110 114
75 157
153 258
32 82
55 158
216 265
36 55
19 73
72 73
114 281
233 237
114 275
45 82
154 278
33 94
43 95
73 103
132 270
99 138
30 300
52 95
142 298
11 50
93 297
6 76
55 279
247 269
46 60
47 224
199 294
73 91
107 138
60 273
66 289
286 291
43 180
133 297
82 287
63 283
166 287
33 65
99 184
55 66
60 72
71 286
50 242
73 130
15 297
19 59
127 283
3 138
192 269
76 88
50 137
33 60
127 206
46 73
193 231
118 206
186 281
76 291
3 82
82 87
170 193
78 138
120 180
50 133
31 60
55 99
11 186
4 242
33 252
22 40
101 275
55 107
21 280
33 55
95 121
186 242
124 280
118 213
86 237
86 199
36 229
36 176
138 142
30 76
76 130
96 229
114 119
105 276
33 68
33 74
136 300
30 33
94 300
176 289
186 291
96 280
224 242
138 295
76 281
91 224
32 166
19 95
200 242
36 213
233 249
73 291
82 123
24 115
40 85
8 180
114 123
145 265
55 174
201 283
82 133
49 267
53 60
76 143
104 294
222 269
5 206
102 275
55 298
150 153
128 199
16 50
188 285
23 138
40 269
135 138
41 254
73 142
25 76
38 73
86 203
43 157
232 294
40 295
220 242
222 242
114 291
159 269
225 270
55 296
204 278
8 76
3 55
50 79
40 142
19 268
10 270
27 55
104 154
32 50
7 95
8 33
40 116
76 262
50 120
40 108
50 91
193 272
89 294
45 50
69 224
107 146
55 111
213 242
18 275
203 288
15 260
55 215
213 233
73 242
50 103
76 107
38 95
76 84
201 255
40 69
4 33
60 117
72 280
94 297
11 73
86 283
17 291
43 114
86 164
241 265
120 192
223 267
17 95
107 291
76 137
84 291
55 67
60 242
153 272
264 287
33 71
33 130
33 264
40 129
177 242
33 120
39 55
104 270
73 105
213 297
265 275
23 33
3 171
55 188
40 291
65 95
152 289
224 265
160 281
37 60
69 169
138 180
17 275
76 212
186 289
60 119
105 285
99 234
157 242
33 228
33 43
32 185
35 285
231 269
107 232
239 241
21 270
222 241
6 60
177 278
115 152
60 80
8 138
47 55
60 133
11 171
31 50
265 274
147 241
231 300
22 76
117 138
18 82
39 73
104 224
82 154
213 215
69 229
141 298
242 287
154 270
88 224
73 116
1 73
104 275
19 40
160 267
4 138
102 294
115 275
115 281
77 138
55 84
47 299
16 82
42 154
177 269
80 298
23 297
36 234
125 169
98 171
33 134
112 157
47 298
120 284
56 280
92 270
60 143
220 284
182 265
126 138
90 114
186 280
76 126
69 180
34 278
82 206
25 60
157 293
187 297
12 278
60 135
118 180
202 242
82 212
76 103
105 289
206 265
95 96
18 260
81 138
33 83
42 55
60 87
82 270
118 138
82 139
34 40
40 110
74 269
33 242
291 293
72 286
60 71
170 265
240 269
225 298
268 291
50 74
69 76
108 265
50 68
55 214
33 117
114 254
32 289
113 138
165 265
44 60
107 199
36 230
4 60
50 109
208 241
97 138
185 242
105 283
95 119
57 73
48 114
29 76
154 265
125 187
71 73
243 284
73 96
20 82
187 283
44 73
6 138
60 123
60 61
30 280
73 84
291 299
112 224
55 278
76 180
40 41
81 298
86 208
86 201
185 224
97 293
80 114
33 85
33 261
68 280
152 281
76 299
66 158
14 138
82 148
33 79
114 283
60 84
95 117
78 289
165 272
38 280
200 241
95 124
184 222
120 175
12 82
95 291
129 203
89 298
220 268
187 291
33 118
40 72
76 297
91 270
30 40
217 242
176 244
158 265
76 133
18 185
71 224
158 206
14 40
241 285
50 56
73 136
133 290
247 293
66 73
119 275
157 272
76 86
128 242
254 271
64 73
67 297
242 256
20 283
25 272
242 260
15 73
242 246
115 213
55 97
32 298
203 277
143 185
18 278
73 79
60 274
87 114
124 284
212 265
52 73
213 282
35 40
88 275
60 63
3 281
122 294
258 265
242 290
82 157
95 98
123 224
57 288
82 83
265 299
51 280
76 80
28 294
55 127
13 267
59 95
19 286
36 60
60 79
152 268
98 180
114 116
84 289
24 138
162 287
157 187
65 294
280 289
17 289
92 298
153 283
31 138
17 73
55 61
76 232
63 298
40 131
106 180
109 278
55 74
55 68
86 180
3 285
240 283
71 76
215 244
95 277
99 219
33 127
176 269
114 133
106 224
141 154
131 138
82 298
153 216
40 124
60 295
191 258
2 40
21 40
73 125
60 293
229 244
114 129
33 62
175 242
138 184
33 192
153 197
160 272
107 202
225 265
100 138
50 134
35 296
239 242
162 242
60 103
123 289
82 97
75 76
22 82
64 289
95 206
86 192
76 87
231 265
63 278
153 265
82 224
14 270
114 224
17 33
33 280
133 280
60 69
58 76
33 82
60 299
44 76
280 286
17 286
11 114
236 242
3 206
3 60
138 290
25 180
93 107
155 269
249 269
97 206
81 270
208 265
241 274
212 242
50 98
29 224
129 234
242 253
35 268
143 268
119 294
55 64
7 33
291 298
215 265
141 300
61 76
176 242
32 221
139 280
51 82
46 76
196 242
40 52
33 34
33 110
216 293
53 114
26 298
185 249
141 280
40 242
24 224
216 268
60 86
75 229
16 138
11 154
3 260
33 100
24 114
54 73
155 185
73 98
113 224
5 60
117 280
