heur049_n_300_m_17695
9 221
206 291
253 284
82 261
5 147
235 286
67 68
240 257
207 247
106 223
87 213
92 217
238 240
262 278
100 147
183 274
88 257
98 164
211 279
88 184
106 154
193 263
139 249
29 152
11 14
91 239
183 251
99 227
114 145
224 299
122 214
249 273
153 285
100 151
89 179
84 248
9 290
12 203
84 103
160 262
238 291
8 193
84 140
38 62
83 248
241 278
161 275
184 283
177 186
40 135
28 151
50 300
186 247
128 233
198 294
143 176
87 93
62 68
199 221
16 249
169 217
257 295
120 212
19 99
40 143
260 274
30 62
73 223
3 169
70 82
138 240
122 295
93 103
161 236
249 254
22 112
45 121
48 101
3 264
171 264
145 190
160 200
28 67
13 229
188 252
186 213
105 133
27 47
42 70
242 295
270 283
119 298
36 121
191 231
129 162
161 292
121 288
149 160
30 56
231 244
17 70
140 147
152 183
229 271
73 148
41 60
97 119
80 98
138 174
197 284
207 280
122 267
79 187
43 129
34 120
65 129
13 101
166 240
114 131
207 208
48 134
207 288
95 133
126 128
26 204
36 59
104 174
102 263
87 96
211 290
117 157
6 256
87 194
146 299
25 47
163 248
150 199
64 82
217 239
162 217
26 107
102 205
184 286
227 284
173 253
8 296
22 204
276 286
198 263
73 159
12 214
227 254
16 95
3 195
29 155
105 298
98 178
169 237
148 260
177 260
21 269
285 297
116 141
71 256
108 209
24 201
108 160
110 140
138 145
7 186
151 199
10 156
250 282
87 231
162 174
196 278
263 296
170 189
60 161
237 242
153 280
61 141
30 99
83 110
1 183
118 128
59 83
68 249
61 222
215 226
260 265
168 260
87 267
296 299
170 263
47 199
121 180
140 194
133 233
3 203
43 132
22 89
176 249
164 229
71 267
44 173
13 84
22 194
62 299
89 143
219 224
184 208
170 195
76 120
18 174
22 23
170 206
60 65
99 168
31 70
122 194
89 186
79 231
135 276
264 271
37 108
33 61
34 53
102 206
4 161
109 211
9 175
89 130
62 150
218 253
106 291
198 253
54 59
111 184
78 211
194 227
24 208
32 129
197 269
131 256
221 229
179 216
71 151
89 103
190 253
69 161
111 120
63 152
83 120
45 49
229 245
199 289
47 170
110 259
9 26
128 252
88 114
199 203
1 290
196 227
35 43
70 141
215 248
263 282
217 252
216 266
36 47
183 201
273 299
164 207
181 190
227 275
190 258
93 94
56 136
61 158
48 74
33 54
5 7
61 272
11 78
178 199
165 260
121 190
168 215
180 247
70 134
192 250
88 93
43 69
21 228
74 197
170 179
35 39
27 186
212 267
88 91
12 268
184 267
199 218
99 300
5 89
164 199
52 138
7 78
223 290
8 106
249 262
258 267
183 200
148 232
15 72
113 200
183 224
148 238
80 118
161 252
134 207
113 119
28 269
208 260
113 244
174 259
126 222
58 83
88 202
105 299
125 209
173 203
122 248
71 157
52 123
97 132
146 224
131 134
126 131
22 221
182 249
26 77
114 209
114 160
80 97
37 143
52 55
134 155
243 263
126 155
76 96
133 274
171 286
48 256
17 26
159 180
3 300
49 147
36 122
6 9
50 125
83 263
190 191
142 156
186 197
98 107
199 269
205 227
116 128
170 207
64 240
129 269
133 185
129 296
111 122
220 231
139 238
1 250
23 164
191 290
136 294
199 228
168 180
140 244
2 174
186 189
215 247
210 278
13 290
141 293
101 216
70 295
25 276
124 198
26 256
47 300
224 296
58 65
12 211
202 219
91 103
188 230
170 234
53 235
58 60
215 258
89 125
2 9
179 186
24 148
152 176
156 222
10 182
99 128
248 265
42 63
127 130
252 286
115 146
152 235
11 207
173 211
44 72
105 237
186 264
76 219
105 243
24 274
7 126
228 263
264 281
65 149
124 238
43 149
2 169
7 67
121 156
194 248
49 73
59 148
25 200
188 224
96 106
40 157
188 214
21 268
174 247
107 115
93 291
87 266
10 245
44 249
19 156
134 150
171 278
9 250
130 205
8 118
198 248
170 282
32 69
87 275
106 256
1 242
26 106
29 36
72 158
10 87
220 264
88 104
84 217
183 235
260 280
26 207
130 162
74 75
51 74
80 135
124 222
46 53
193 260
9 202
208 238
204 211
6 186
30 89
217 233
75 144
185 264
124 153
190 271
163 216
151 155
26 231
129 267
191 240
76 113
13 205
111 128
24 147
2 253
73 155
102 230
28 116
26 114
198 283
167 199
41 142
32 136
25 267
203 231
82 141
161 202
211 224
170 182
23 178
155 190
7 189
1 186
197 230
58 166
132 228
133 156
185 229
33 35
76 135
213 278
170 298
131 136
36 75
151 244
198 211
3 282
207 221
41 73
263 299
73 115
68 120
101 111
212 283
93 160
110 125
180 262
231 281
41 85
197 220
152 199
37 159
103 119
91 269
174 183
23 280
21 223
82 207
113 118
138 158
151 209
210 217
49 83
67 209
130 206
12 17
179 237
22 78
60 160
18 137
103 251
85 223
77 186
48 78
40 102
56 100
141 156
199 260
249 280
16 217
237 264
13 239
184 231
13 207
207 272
275 297
236 260
26 76
41 55
144 149
18 161
10 297
170 224
143 206
21 157
103 113
241 286
61 83
62 291
152 204
64 83
38 53
5 48
109 110
21 204
50 82
63 130
7 74
189 260
62 76
181 229
179 183
22 134
12 269
274 285
55 65
130 238
14 227
190 195
174 216
177 222
250 262
189 237
58 59
180 273
184 227
284 286
55 109
34 55
156 160
212 237
63 143
161 267
181 240
157 211
152 185
173 256
134 231
147 161
42 68
239 278
20 245
206 256
47 183
82 151
44 116
201 227
84 216
207 209
12 137
51 134
195 237
248 285
181 283
47 60
64 68
133 161
80 216
74 122
220 249
109 262
113 134
9 19
84 225
188 206
100 185
190 234
122 263
261 267
121 249
78 114
107 237
26 192
152 269
183 234
93 162
63 70
237 289
23 53
29 44
56 158
225 290
83 90
8 253
8 18
223 231
81 140
4 44
115 276
147 199
87 90
49 162
165 278
189 249
7 206
168 199
23 226
134 299
163 260
173 243
183 267
120 196
173 242
82 192
233 250
85 88
218 250
149 227
28 31
207 251
125 128
140 209
168 290
192 207
124 151
22 186
4 90
277 286
18 129
59 147
103 222
31 42
237 268
133 283
180 191
23 211
136 209
17 25
199 277
179 231
54 68
173 195
77 146
28 72
112 288
254 283
69 267
216 278
182 290
72 122
147 286
119 296
24 188
44 107
200 229
73 90
191 248
110 174
89 108
207 242
207 289
99 110
7 91
172 285
3 233
5 198
34 143
88 165
1 26
117 228
122 205
9 293
132 296
227 289
92 108
248 254
190 227
2 204
203 237
139 156
132 180
146 153
197 297
142 180
141 186
195 276
190 193
163 227
8 19
23 248
56 149
11 54
41 68
101 291
94 174
8 232
63 124
91 150
83 203
8 215
30 142
49 156
202 295
85 214
26 290
180 254
277 283
245 256
36 44
190 242
45 102
166 260
79 170
81 119
134 161
131 144
151 296
155 202
190 243
94 118
29 148
23 268
191 211
15 224
188 289
79 92
27 250
188 251
46 300
13 110
92 104
60 74
237 294
82 98
277 278
69 148
55 59
99 153
117 137
54 296
197 211
17 152
230 249
188 195
50 57
115 192
16 296
46 121
114 144
152 189
253 276
12 135
10 186
97 240
99 126
77 122
149 211
60 211
36 190
98 116
89 109
125 131
8 101
208 291
24 65
125 278
119 175
188 189
207 287
90 263
186 203
25 28
159 207
84 200
159 162
16 275
2 91
51 81
140 190
175 267
109 166
17 135
205 299
68 152
57 62
2 93
215 273
98 119
30 158
71 300
99 243
208 254
86 189
207 275
152 251
16 233
45 146
12 61
161 167
216 217
231 245
23 243
160 190
70 103
205 263
225 295
100 231
36 299
96 217
87 225
28 59
56 123
80 122
164 217
137 174
167 286
211 277
88 103
113 165
96 162
49 125
250 252
135 295
238 253
216 239
180 275
14 23
106 132
52 71
103 111
132 153
278 298
76 99
104 286
95 223
174 242
36 126
227 247
9 253
114 240
111 114
183 220
99 178
3 187
173 215
82 228
22 286
253 272
9 179
41 139
64 159
18 140
61 150
148 274
110 248
103 275
165 222
37 132
207 223
76 255
248 275
56 63
167 183
9 10
208 277
123 153
11 18
297 300
65 72
177 290
89 121
247 290
2 156
3 252
262 283
46 74
240 242
80 96
22 288
132 298
123 211
193 227
122 292
217 228
132 161
60 134
227 280
7 18
146 161
10 225
148 267
57 60
215 239
162 215
209 231
185 285
26 125
199 252
90 290
210 290
189 278
119 198
150 235
208 261
123 180
60 132
27 114
96 237
1 47
160 173
248 262
114 278
76 111
18 87
202 290
22 291
10 211
39 74
139 221
283 291
19 244
123 144
128 300
26 193
167 278
180 248
240 285
96 132
24 233
209 215
5 54
228 286
61 62
62 123
83 92
231 232
35 57
22 111
154 207
170 272
126 291
15 281
77 133
226 290
99 192
15 26
26 273
172 207
110 244
144 222
17 19
24 85
112 211
9 219
87 147
80 84
78 217
40 82
48 125
114 183
98 113
36 151
128 167
115 221
227 282
7 93
125 190
248 273
142 238
87 274
211 268
67 135
101 133
196 197
94 130
4 97
125 291
92 125
3 239
166 180
34 123
73 221
22 247
152 194
88 203
7 64
16 252
164 222
3 273
19 189
164 286
79 250
183 216
99 115
215 296
183 194
74 138
8 266
20 63
157 276
81 172
280 298
121 189
73 144
47 56
199 223
92 97
261 287
208 262
3 17
17 61
44 65
10 256
38 70
190 291
218 290
7 262
190 265
174 298
28 122
174 230
145 300
144 145
24 105
22 260
253 287
215 245
170 268
203 286
93 132
142 144
82 112
170 293
9 72
34 156
188 258
17 248
81 104
269 278
188 232
170 177
211 212
79 143
136 162
130 252
159 190
130 136
216 258
1 241
99 139
122 128
71 117
174 277
217 279
171 250
119 237
134 199
125 138
39 126
33 66
61 269
105 278
84 188
208 275
136 240
79 130
156 186
7 10
175 290
224 227
87 288
4 195
119 173
170 222
27 290
215 276
185 278
96 113
1 34
76 169
171 248
45 299
105 247
68 103
37 103
30 152
285 294
223 283
26 100
35 54
3 238
50 180
178 186
181 227
211 232
167 253
188 212
90 249
194 215
127 131
25 284
190 276
160 187
148 299
105 186
204 267
186 218
12 193
18 251
46 157
120 289
29 59
138 211
107 134
53 56
82 200
210 215
78 81
62 183
3 184
111 249
150 196
35 196
168 217
119 167
180 206
21 56
215 272
231 254
11 102
104 178
144 240
84 295
24 210
12 285
188 199
70 294
190 262
82 118
70 157
65 152
56 152
3 222
58 159
90 113
1 248
27 210
91 153
44 105
126 148
84 178
137 295
41 272
118 159
87 208
94 98
184 199
17 297
129 176
142 199
67 80
51 152
237 278
131 160
86 261
50 144
85 106
30 150
217 255
25 69
37 42
18 23
187 215
30 76
24 106
125 134
207 212
153 206
217 234
213 290
8 87
176 286
101 260
28 147
153 157
136 151
181 237
91 165
126 130
22 267
170 175
254 260
199 211
104 237
8 44
8 170
216 272
197 273
72 80
77 189
141 222
126 143
243 248
28 148
90 256
84 173
103 243
180 298
1 198
131 161
149 180
132 216
25 278
215 236
16 114
117 209
151 233
59 150
168 237
275 283
160 227
18 272
56 70
7 255
126 133
116 295
190 194
41 56
178 249
35 267
66 123
246 253
7 284
154 286
46 62
26 94
84 160
114 222
26 186
199 248
107 175
26 246
56 81
167 198
2 225
2 291
24 290
270 290
240 268
122 158
180 202
24 76
211 283
191 237
80 87
107 147
148 151
107 179
8 274
11 15
67 83
256 285
65 158
144 161
22 62
20 222
183 287
83 102
35 44
67 128
183 249
228 248
202 248
97 196
61 71
199 275
82 156
180 290
89 193
76 83
17 47
249 279
24 111
143 160
211 226
106 156
197 260
100 262
56 296
89 95
31 44
29 65
44 71
36 152
48 121
77 286
255 278
47 215
68 74
206 229
130 160
5 26
84 135
33 240
236 298
273 286
182 253
73 173
30 60
74 102
10 119
63 148
53 144
10 290
22 59
4 160
44 160
219 267
29 45
82 262
183 217
229 277
154 189
283 289
153 214
11 275
30 73
79 174
138 300
188 208
231 262
5 23
134 215
114 122
18 209
170 213
18 160
186 257
190 201
6 95
172 283
69 75
90 160
147 179
208 244
44 103
183 191
20 198
87 199
7 26
231 285
161 274
78 293
48 65
109 223
82 119
165 295
171 263
37 149
251 267
27 99
6 286
95 200
4 237
84 224
268 286
71 116
236 300
8 84
54 272
24 211
22 105
83 106
49 69
160 222
115 191
56 95
57 126
193 283
171 299
63 123
133 136
169 227
199 238
17 283
173 174
2 206
176 300
33 44
208 211
285 289
18 37
8 291
17 150
21 186
131 260
180 288
176 248
161 214
23 288
278 291
78 184
113 287
41 159
17 76
81 106
37 83
95 110
85 130
209 217
50 51
37 111
33 41
216 264
212 229
79 129
21 156
205 229
82 88
59 269
16 190
124 199
100 250
117 172
267 292
55 116
151 194
134 177
3 176
173 217
43 55
49 122
137 147
160 254
209 237
222 237
84 105
31 74
113 262
201 256
269 283
282 285
73 83
149 156
204 229
86 105
233 260
73 106
94 112
27 241
77 147
2 194
220 248
12 62
108 110
200 216
76 239
173 201
44 53
24 47
168 186
51 114
37 76
41 141
103 185
208 248
186 191
188 262
183 273
215 228
22 227
12 128
209 286
181 267
97 237
59 151
75 122
80 111
14 256
25 45
283 288
260 288
263 285
56 135
183 246
13 250
21 87
2 168
39 120
23 202
65 123
74 285
18 277
38 57
32 139
24 179
148 186
297 299
124 253
29 114
64 65
48 66
27 153
152 196
33 49
37 93
171 186
74 215
56 119
198 231
123 162
111 188
188 242
76 81
215 284
118 132
109 207
43 73
12 34
20 178
240 241
146 217
104 244
179 207
32 46
26 249
16 173
222 227
110 148
18 119
177 256
215 230
26 96
93 106
180 183
37 114
106 139
109 231
36 132
164 216
197 281
9 119
170 267
146 158
108 260
251 260
156 294
267 268
204 290
149 162
22 65
49 141
201 231
12 133
35 147
180 214
182 248
62 197
67 122
179 208
130 276
215 231
7 117
186 285
80 99
30 47
144 147
26 244
125 132
151 284
48 283
59 103
160 225
5 47
59 223
57 130
191 263
167 250
88 108
188 222
124 146
82 254
180 260
243 249
69 70
65 208
182 283
215 232
148 236
167 237
13 98
47 54
129 185
12 87
2 208
36 72
130 137
53 69
199 244
227 291
25 245
169 224
170 198
248 282
23 205
10 204
31 46
13 115
9 287
147 211
188 274
248 271
48 247
4 94
182 211
19 100
63 131
8 65
226 229
116 162
77 119
157 244
3 242
172 253
150 206
87 131
147 184
5 231
197 258
88 219
107 177
100 112
165 207
206 253
127 176
147 150
3 157
190 226
113 222
76 93
130 269
188 198
78 148
102 160
248 261
8 246
60 162
48 90
176 183
20 156
226 253
180 231
96 107
197 257
190 206
59 76
136 159
89 291
133 251
52 130
176 197
41 103
215 264
45 144
135 225
128 186
174 249
127 250
155 236
208 243
151 162
239 298
23 239
207 298
129 148
224 267
190 283
151 278
42 116
38 154
260 293
17 130
29 147
44 263
113 201
17 158
263 278
27 117
148 209
69 144
65 151
171 183
7 14
188 257
239 249
76 194
31 124
132 156
81 146
90 248
21 153
176 188
34 42
122 236
153 155
55 162
82 137
59 123
30 35
9 14
164 215
262 290
227 277
122 136
138 155
101 118
7 81
16 179
24 26
64 229
204 227
188 236
190 247
233 268
33 58
115 201
85 91
14 183
129 205
28 130
180 228
195 215
149 196
176 263
100 237
166 183
11 227
231 238
80 101
111 134
180 256
160 205
95 225
256 270
121 260
77 84
165 197
1 213
190 288
207 210
76 277
113 137
174 282
89 262
97 286
160 283
237 239
44 132
46 267
102 204
106 185
263 274
79 110
111 121
83 196
144 186
64 103
217 272
170 246
263 275
173 179
44 250
34 35
130 152
132 162
154 246
77 90
56 204
140 144
118 238
8 20
221 249
5 70
8 216
15 33
15 160
217 257
197 221
13 21
198 290
115 280
263 287
32 123
170 231
190 207
6 59
219 278
138 141
105 121
15 68
12 232
138 269
29 142
94 119
46 180
7 11
97 271
139 162
123 236
44 69
99 207
114 124
76 92
126 139
65 199
146 176
26 278
161 204
21 297
10 84
215 249
262 263
148 243
28 58
135 206
192 290
160 280
210 229
119 232
10 17
190 208
9 59
155 291
29 134
170 284
79 147
87 115
12 286
169 190
194 290
23 236
153 167
72 137
47 63
59 197
26 185
12 291
45 147
63 129
73 75
232 253
167 211
98 222
160 243
202 260
21 70
3 198
183 270
180 269
248 288
23 176
78 93
99 204
136 292
147 152
102 132
8 113
89 122
108 202
51 189
170 242
212 285
238 299
122 250
34 147
25 241
83 108
1 153
183 206
237 238
17 185
213 285
70 125
90 174
4 89
146 300
85 109
49 152
104 116
263 273
45 63
69 146
184 209
169 285
100 286
87 245
133 160
229 274
127 162
191 250
233 263
83 132
245 285
91 278
209 211
123 292
134 137
88 172
42 217
103 257
19 26
50 54
26 254
93 189
122 290
76 260
197 286
45 148
256 277
103 120
111 160
1 267
84 101
69 151
6 201
127 209
260 271
170 249
54 126
3 181
207 239
84 107
25 186
102 269
11 83
121 132
7 19
168 250
57 272
127 184
202 240
30 68
162 196
183 250
144 209
156 157
55 146
25 140
244 286
173 261
129 186
136 236
124 269
249 298
115 223
31 156
102 131
229 284
165 276
187 217
4 26
7 83
106 114
207 266
37 65
253 293
81 97
28 39
253 268
170 287
17 102
181 250
197 289
138 143
240 261
85 153
8 117
23 76
223 278
145 148
79 207
17 196
56 186
79 162
58 253
177 229
21 211
37 162
136 138
88 187
106 262
170 181
58 130
67 116
197 264
199 274
35 162
10 16
100 244
180 200
193 194
16 232
245 286
17 24
15 257
121 160
92 99
245 267
9 171
250 278
86 91
179 197
127 296
14 114
125 155
116 150
44 95
90 109
47 57
135 180
28 244
156 215
138 150
240 282
81 131
193 211
190 281
220 237
29 123
97 115
247 250
281 291
8 272
289 298
91 288
236 267
88 98
189 197
127 134
173 190
185 216
42 49
119 182
65 71
47 103
3 59
27 274
43 158
86 173
8 257
70 160
55 300
39 156
203 240
254 263
9 25
176 267
197 263
94 173
169 222
15 214
127 133
239 267
130 214
133 153
83 91
229 258
137 222
173 274
89 101
91 111
147 237
76 157
208 222
211 225
6 100
91 240
7 8
32 71
22 106
224 283
183 280
99 229
146 199
24 112
99 291
199 240
173 220
93 300
36 62
79 185
130 224
78 262
3 258
27 276
192 231
80 131
227 249
253 270
196 286
40 146
131 264
227 266
2 175
79 252
82 117
100 134
94 237
29 42
130 151
18 175
114 214
114 296
7 272
117 158
107 114
15 17
97 291
2 193
186 282
156 253
222 249
48 273
137 144
208 229
214 290
179 217
20 244
147 175
162 251
44 207
88 236
63 95
48 156
109 133
111 273
173 267
58 126
99 112
22 215
39 116
85 117
23 209
66 137
115 186
199 263
185 240
109 137
79 237
40 196
34 162
89 102
236 290
186 252
6 284
45 139
44 217
111 116
102 163
59 297
20 197
37 90
223 285
187 209
131 135
183 255
227 260
205 248
88 232
74 160
3 6
59 164
244 253
232 298
61 140
28 217
38 39
84 201
80 276
94 185
216 227
78 133
95 260
19 253
130 157
72 152
145 184
199 290
165 183
91 286
259 267
20 295
113 154
58 235
69 217
21 219
204 263
7 241
64 135
107 298
178 217
105 111
62 161
145 260
41 162
117 222
222 283
231 298
216 236
38 43
166 197
90 244
104 196
204 256
208 224
227 257
233 267
208 274
107 273
178 237
80 120
49 143
20 78
13 194
7 62
132 299
142 206
67 114
107 209
172 240
49 135
142 267
227 231
8 285
123 294
15 87
59 66
56 62
98 103
124 147
123 199
26 119
18 148
200 256
217 219
98 114
111 260
80 89
243 267
199 270
106 138
24 199
188 210
82 203
7 25
170 276
15 236
234 291
33 72
242 267
164 170
124 125
28 54
94 286
253 292
37 105
36 156
48 146
222 230
11 267
7 119
130 299
236 240
199 200
17 145
260 275
40 148
12 250
134 179
115 160
229 280
59 157
131 143
22 183
44 142
12 119
188 194
79 229
162 202
16 256
41 156
178 208
10 284
134 149
41 143
229 282
89 131
154 199
126 217
24 273
79 116
192 227
34 70
62 227
138 148
207 268
85 244
148 233
162 279
5 175
208 218
170 221
197 231
82 132
51 122
133 186
76 98
89 256
20 231
50 52
44 83
106 200
231 234
185 260
128 249
27 80
99 286
1 168
113 231
60 116
88 284
8 218
175 190
237 252
59 122
50 53
138 291
115 133
82 86
170 200
1 300
37 85
44 47
48 154
109 186
113 173
75 299
134 193
216 298
215 261
76 138
1 182
87 191
138 161
147 177
78 273
195 229
116 159
98 240
73 154
260 273
118 248
27 283
122 204
247 267
67 148
89 288
199 229
196 299
4 216
242 285
170 212
44 151
280 290
207 213
87 289
213 260
87 111
129 209
53 80
250 251
161 206
161 227
133 137
202 208
39 44
7 192
83 104
123 146
16 231
177 227
114 253
184 217
165 263
113 207
160 256
26 293
78 112
8 21
4 24
77 263
77 223
121 125
85 186
137 148
20 56
267 283
5 297
249 252
87 192
152 209
4 145
97 133
105 207
117 173
186 288
17 263
216 246
117 192
32 65
67 136
20 256
30 65
52 68
8 173
175 293
173 175
229 264
18 122
244 249
17 189
295 299
183 254
27 199
140 153
10 283
66 150
146 156
192 253
193 293
197 266
227 269
72 83
73 189
121 144
178 283
113 188
122 167
81 109
72 157
32 161
260 279
197 249
134 248
88 230
2 129
122 216
25 189
74 80
161 249
67 146
218 283
100 229
146 151
43 56
201 208
188 218
139 188
130 176
176 256
8 239
1 65
222 286
7 254
216 257
15 206
40 71
135 278
3 179
173 218
76 77
283 294
14 68
42 151
185 267
65 157
3 232
229 235
70 152
3 202
125 238
14 65
127 147
259 283
236 256
111 207
47 153
41 80
63 125
211 213
160 218
20 199
42 190
224 253
9 296
132 160
16 183
11 239
47 58
91 281
215 225
183 277
167 208
12 23
216 252
134 288
170 289
113 115
80 223
76 170
88 292
197 252
68 260
25 192
154 188
78 89
225 299
144 211
142 240
97 207
18 183
27 65
51 62
219 229
228 256
113 219
222 284
202 250
138 162
125 206
136 160
110 114
99 244
216 265
77 207
174 300
206 286
179 199
219 233
99 138
261 263
85 103
8 26
75 160
213 248
21 295
138 153
175 215
19 210
227 264
44 94
126 141
143 222
199 266
16 160
250 289
108 276
121 147
169 186
104 212
76 291
131 249
149 224
220 285
4 112
214 253
177 248
129 243
247 249
16 165
65 125
166 278
99 103
168 299
115 209
263 277
169 286
17 21
150 186
20 223
12 190
153 236
24 99
113 249
71 260
18 225
253 282
22 130
8 242
114 119
148 217
33 74
26 105
260 287
61 103
13 83
35 299
113 131
199 202
75 151
39 42
233 249
212 250
111 247
8 259
97 289
158 240
59 137
128 278
43 117
10 70
118 209
257 264
35 68
8 91
173 258
17 216
125 161
114 123
189 250
34 102
45 70
148 201
170 228
166 186
16 215
146 186
52 56
7 22
130 145
29 48
74 144
72 162
195 227
87 200
3 254
260 262
235 292
188 285
157 215
253 261
109 148
287 298
77 244
96 109
266 283
122 251
76 209
49 116
148 241
3 205
91 250
111 147
146 269
250 298
167 283
43 272
45 50
26 260
182 231
217 270
170 251
256 299
18 275
172 249
88 106
52 161
6 156
68 267
168 208
87 201
59 116
71 299
248 274
227 246
77 80
83 174
84 125
223 260
37 70
84 291
46 217
5 197
2 23
4 130
62 67
154 179
63 140
110 173
166 286
186 238
216 238
207 253
173 281
7 251
265 285
267 271
122 157
165 248
162 222
98 289
178 253
12 267
255 256
52 65
62 94
186 289
84 240
133 159
141 240
38 161
62 153
7 214
92 120
2 26
33 43
86 240
101 248
116 296
152 160
3 192
249 270
115 116
92 257
190 279
177 278
134 136
45 117
28 154
186 195
140 148
122 154
39 73
34 104
245 298
213 215
100 259
101 250
105 116
7 235
88 224
73 116
79 134
231 261
2 17
132 202
256 288
87 117
16 253
37 130
14 208
146 202
212 215
47 61
23 247
215 280
117 136
24 124
33 134
85 113
3 289
13 252
179 253
26 241
9 272
66 147
153 208
79 133
216 276
90 114
263 288
17 186
69 180
135 209
296 298
108 119
42 155
12 294
81 116
76 188
182 188
76 103
30 71
120 260
18 260
118 217
33 83
131 150
59 125
153 233
87 134
27 244
47 253
120 290
139 246
50 74
28 149
232 285
171 215
190 268
23 283
56 64
170 190
64 84
7 182
208 241
102 216
170 235
122 274
90 91
51 157
133 145
25 61
21 198
93 243
64 137
86 109
129 215
239 260
44 73
170 218
145 299
117 147
173 271
60 61
291 299
168 283
265 283
18 72
221 285
151 170
82 150
196 211
17 74
172 264
36 51
107 247
76 299
121 244
204 216
175 264
45 51
231 288
188 200
84 209
89 91
115 121
209 298
95 291
124 174
48 107
20 87
18 280
224 256
199 254
82 114
83 217
148 283
8 269
146 205
213 263
256 281
92 148
53 126
230 248
199 220
38 125
125 142
207 244
148 210
81 107
120 249
86 200
35 151
197 234
210 283
67 134
125 145
134 141
76 86
160 192
143 162
103 106
45 300
18 223
88 233
98 276
36 127
178 294
54 262
168 173
2 16
15 23
173 209
196 248
5 123
65 143
243 290
163 283
155 300
183 204
44 139
131 151
198 278
32 68
70 131
170 173
52 59
37 222
91 192
44 45
130 185
3 241
45 68
122 140
36 217
208 257
173 225
221 260
42 51
211 215
10 233
62 134
217 275
55 68
151 189
88 266
188 254
131 190
11 26
168 207
38 121
162 168
144 190
89 209
7 201
215 271
229 244
126 276
168 190
114 129
3 79
36 61
134 256
37 69
153 197
235 256
173 251
187 207
190 256
35 296
147 157
241 250
122 240
43 148
13 165
121 256
117 240
226 231
170 241
180 253
90 102
33 82
127 151
26 211
56 103
43 103
160 211
31 296
208 295
208 265
31 47
240 252
153 159
131 149
161 180
128 147
114 202
248 256
69 156
116 222
123 125
143 238
22 121
39 45
90 150
14 16
3 182
76 181
197 288
36 54
126 159
173 264
26 298
168 285
99 117
17 141
32 149
122 293
57 300
128 214
250 256
5 209
56 228
46 126
171 260
294 299
266 285
225 256
1 234
28 162
232 260
111 175
128 148
5 300
7 258
106 158
199 299
151 152
211 237
151 251
208 210
191 208
146 251
88 92
222 273
49 148
83 148
47 295
109 131
98 214
12 242
249 285
227 230
85 246
82 300
183 184
13 234
2 268
128 156
242 250
20 57
199 241
237 282
105 134
7 289
156 158
135 250
7 290
24 130
16 177
25 250
15 61
180 252
16 105
87 258
178 216
169 250
256 280
163 208
79 126
140 240
41 122
217 251
193 256
39 295
227 296
30 123
45 52
45 95
150 151
153 185
113 289
244 285
114 134
4 5
249 271
170 260
70 208
173 227
53 116
117 289
73 244
196 215
128 153
279 299
73 117
35 272
208 240
145 151
184 256
88 169
108 150
22 177
22 179
59 142
23 271
7 164
211 249
208 220
59 213
67 158
165 285
85 121
66 152
56 217
28 295
42 146
37 128
188 264
18 202
140 222
56 299
252 283
17 217
34 141
206 285
113 178
11 61
145 146
204 248
21 243
56 68
22 223
196 240
130 186
40 44
13 249
43 140
21 283
63 269
156 159
23 25
173 257
270 278
110 120
127 174
186 215
82 131
4 11
20 248
156 285
93 271
138 149
169 263
250 287
73 160
254 290
57 161
84 276
218 227
114 120
12 114
146 222
183 289
105 174
8 27
47 71
114 178
92 185
248 287
42 129
50 62
175 231
172 229
5 291
149 236
56 94
191 283
170 278
147 222
7 20
80 88
161 238
219 256
77 112
170 209
183 205
100 249
186 232
17 103
164 278
63 161
208 290
145 153
185 215
62 300
43 147
196 263
149 176
20 166
21 201
186 234
206 260
8 294
166 216
135 186
255 260
235 249
196 249
192 263
81 159
56 132
35 217
5 199
8 199
77 231
103 153
92 222
199 224
215 252
18 147
102 185
170 239
229 236
210 240
74 114
18 182
99 160
70 148
122 156
112 121
175 260
188 244
100 189
148 240
229 246
269 286
207 265
10 295
74 183
176 229
42 161
15 113
194 217
47 272
123 267
128 211
28 40
2 183
197 277
6 182
1 100
61 148
190 246
22 210
191 199
7 280
29 137
21 292
51 158
135 240
190 269
169 249
139 250
208 270
81 122
215 286
238 248
111 222
168 240
26 133
215 237
63 114
285 286
4 13
174 237
183 213
88 268
83 130
229 234
23 169
211 269
55 58
233 248
94 114
15 267
105 221
18 34
15 63
38 180
8 283
129 278
13 264
205 215
219 253
91 231
32 47
40 294
30 115
64 148
169 187
53 62
78 100
245 249
26 182
106 111
27 156
216 224
173 246
130 279
21 277
133 206
250 279
171 217
212 260
106 151
257 299
165 237
89 107
66 149
122 162
175 216
62 170
107 217
26 162
181 211
18 210
121 146
101 193
109 112
8 247
36 49
297 298
63 76
129 206
111 246
204 217
58 122
283 290
84 256
12 186
237 261
56 283
156 208
216 281
169 216
174 227
160 268
44 290
24 100
90 246
3 296
55 80
33 132
242 263
170 259
113 208
185 207
148 286
40 128
13 107
7 212
207 277
134 154
72 141
21 166
181 248
88 105
55 272
215 235
161 283
76 283
52 144
157 160
91 265
193 215
109 217
293 298
188 203
260 299
25 26
190 203
173 252
256 276
80 138
170 233
207 269
265 286
55 114
175 240
118 240
53 272
32 117
115 254
160 244
164 211
107 221
52 83
37 50
237 266
6 17
3 81
96 222
85 102
229 251
152 211
194 249
166 211
90 298
193 240
121 195
214 217
122 132
126 156
98 235
84 109
40 152
258 298
38 64
113 114
70 145
85 249
83 178
9 24
99 223
51 137
3 14
187 249
100 186
197 248
81 125
128 269
211 222
63 145
8 208
89 177
6 153
9 248
134 195
173 228
21 274
41 129
76 267
229 243
59 283
34 152
150 267
239 240
162 240
161 199
58 68
157 176
103 148
25 49
257 286
101 115
173 230
45 151
43 65
106 276
2 300
95 231
169 267
85 159
176 222
157 194
21 222
27 196
187 256
27 124
178 290
153 170
116 157
202 216
91 147
111 250
90 188
135 148
231 276
37 141
42 145
41 138
130 139
19 70
242 286
14 198
171 188
8 263
99 239
183 233
210 216
42 300
35 72
10 194
88 274
90 216
122 142
49 146
11 286
232 290
154 296
31 38
160 278
104 217
253 280
31 135
186 246
7 225
75 115
51 115
68 92
3 110
248 277
250 258
133 217
117 160
232 256
154 223
207 227
18 196
9 226
254 256
49 129
35 61
8 226
30 114
203 285
115 261
93 238
221 286
8 93
192 267
77 110
229 285
157 224
3 25
278 295
213 249
209 216
70 253
102 276
8 206
54 55
57 74
207 246
229 265
3 211
176 296
276 291
153 202
15 190
24 223
56 141
70 143
199 267
28 51
82 161
22 101
160 183
22 115
281 297
144 217
186 201
76 276
217 300
9 177
94 249
105 110
95 256
238 263
228 229
89 223
5 156
26 146
86 114
160 257
3 271
78 80
74 156
97 103
177 197
78 240
23 181
50 222
27 70
59 292
172 227
102 137
129 131
49 295
177 183
102 169
51 128
101 119
283 296
173 233
224 249
22 87
26 97
11 98
7 160
56 82
76 153
106 179
240 259
170 279
120 251
90 231
91 291
199 271
170 210
76 222
195 240
93 113
3 259
208 228
175 250
47 73
201 248
35 126
12 175
183 244
154 175
269 292
79 262
87 160
114 142
16 116
133 149
86 113
83 107
197 242
193 199
98 105
59 261
84 219
82 198
71 160
238 283
240 271
164 267
115 262
25 283
165 229
41 62
61 143
253 262
40 132
21 23
227 252
37 136
188 281
47 66
211 221
168 178
154 229
34 157
4 193
211 217
222 298
37 134
15 48
131 167
123 160
2 199
172 237
99 152
48 64
115 122
56 129
125 156
122 185
86 97
93 154
49 68
163 267
112 162
44 114
41 71
34 36
197 246
88 261
12 161
76 102
237 274
271 283
147 173
44 123
7 253
96 101
95 269
1 102
66 134
170 286
89 105
89 188
42 148
126 240
57 103
24 229
87 89
59 121
8 86
106 222
59 253
194 278
192 217
166 188
48 79
259 290
197 278
174 186
99 135
196 256
59 182
23 282
13 145
138 217
153 190
198 299
102 111
267 297
102 290
86 116
22 253
89 138
1 276
279 300
257 294
9 18
109 118
132 168
134 156
197 247
102 118
184 229
113 278
119 215
92 116
266 267
129 227
27 88
223 240
68 97
218 231
197 287
36 147
173 234
211 247
98 100
138 146
130 204
267 300
256 262
153 174
49 71
218 267
31 55
267 284
24 78
99 276
172 217
60 139
146 227
12 248
276 290
78 118
32 152
119 231
131 183
228 283
31 45
72 143
264 268
49 136
20 214
271 286
205 250
178 267
10 114
82 285
179 227
256 286
161 251
206 250
133 279
58 138
78 177
145 160
152 167
217 245
3 267
230 263
3 177
50 111
181 208
173 284
169 208
91 226
163 250
187 246
160 300
55 136
216 282
17 37
47 67
13 275
191 197
147 151
84 288
107 288
2 166
70 72
106 175
91 130
96 119
25 286
88 245
25 34
37 74
136 153
116 152
187 227
42 156
18 276
13 22
136 180
109 134
16 186
62 121
180 251
8 95
208 271
218 256
231 246
29 38
215 292
66 74
269 297
23 177
102 213
258 263
6 227
9 61
127 160
185 197
24 189
108 225
46 54
107 293
21 197
230 253
97 249
6 297
183 225
3 210
17 63
177 249
51 113
52 80
94 234
36 37
79 280
170 184
7 104
99 118
116 135
87 244
147 293
183 209
45 47
23 163
103 104
75 159
85 162
9 262
240 276
11 199
45 190
197 280
253 254
156 162
93 119
3 257
24 195
84 299
59 296
183 284
199 242
193 197
180 281
185 188
146 160
260 270
96 263
268 285
178 184
48 122
84 91
51 69
56 159
183 262
253 274
130 169
244 267
171 190
124 181
87 204
21 181
108 212
227 276
229 254
44 146
29 130
95 209
180 193
173 232
175 283
103 281
126 149
125 137
248 281
58 272
13 105
246 268
109 173
83 209
55 126
14 234
11 87
7 44
249 251
74 161
12 238
27 168
62 131
58 62
252 298
28 68
104 211
111 221
100 154
48 49
102 207
89 286
123 227
26 147
88 204
73 151
77 174
174 270
5 134
4 114
11 283
188 246
44 87
197 265
4 229
12 219
185 298
7 198
242 283
118 137
126 174
4 177
134 174
108 262
16 78
86 217
24 207
57 156
199 226
117 144
162 238
188 243
202 297
9 270
33 70
206 267
117 124
258 286
163 237
56 223
17 34
199 265
160 199
69 300
35 180
3 247
40 50
185 217
205 237
132 283
234 249
8 99
12 197
126 184
159 195
117 216
20 292
97 111
218 249
173 206
159 199
183 297
24 101
54 119
176 186
177 188
227 248
148 199
60 64
76 284
38 149
47 68
14 296
87 222
185 237
116 240
65 138
64 209
56 58
186 253
198 297
10 276
181 199
62 81
24 261
186 241
10 196
122 235
170 274
126 145
13 209
186 236
252 290
160 273
183 222
119 239
178 190
211 248
40 114
99 137
182 260
160 161
37 157
122 150
68 107
48 62
102 282
22 175
91 283
166 190
11 68
187 248
180 267
133 269
12 121
193 233
164 197
83 109
19 223
195 285
188 227
24 267
39 71
135 205
169 207
214 295
238 295
29 158
102 214
9 166
20 259
267 295
67 260
4 111
135 297
148 168
90 247
182 278
19 87
133 243
98 216
248 257
179 269
7 279
217 237
86 188
10 54
72 135
98 120
65 160
127 177
78 216
173 283
24 214
44 79
41 127
148 170
35 148
129 291
39 62
43 47
258 278
153 260
130 149
250 274
165 199
28 52
40 68
43 80
160 209
126 134
117 199
263 284
46 134
24 298
1 233
63 155
122 300
188 279
3 262
146 159
220 227
124 160
60 147
211 254
215 268
4 77
84 119
184 190
11 208
52 299
184 235
115 263
59 244
83 119
246 290
98 203
119 156
188 272
33 211
208 242
102 298
24 67
261 283
264 285
183 240
166 229
102 151
180 207
177 231
88 279
17 295
176 211
37 46
42 44
96 223
23 266
192 248
234 285
215 218
10 267
40 211
69 74
208 281
277 298
23 167
25 56
261 278
77 116
183 258
119 238
17 143
116 120
170 255
70 155
59 227
42 128
175 237
229 241
201 253
1 110
110 116
15 132
175 299
160 259
197 232
221 237
51 70
45 61
64 142
100 276
135 189
232 249
88 294
224 286
75 102
175 217
8 286
253 266
220 267
100 118
215 234
218 285
134 246
81 100
13 26
184 192
231 271
33 138
28 34
70 140
102 196
142 236
188 259
46 293
94 134
86 248
101 240
126 157
87 251
70 144
170 176
48 138
197 296
199 261
102 157
80 117
129 147
159 300
67 157
44 97
208 226
190 248
217 229
121 246
26 191
256 259
3 265
88 255
41 132
267 276
120 160
125 150
5 260
234 298
181 300
92 106
199 255
24 192
38 52
62 66
59 138
182 217
249 281
13 169
78 246
101 174
45 126
44 120
21 59
33 208
18 156
140 269
168 188
188 265
8 236
154 256
204 215
148 251
9 275
135 293
253 286
223 237
83 115
81 95
152 213
164 227
215 277
115 137
3 18
113 286
199 249
17 137
10 250
15 269
54 103
136 251
237 258
119 206
33 156
130 134
74 292
65 141
23 228
26 203
183 275
212 290
263 266
10 183
193 278
263 292
168 263
203 253
67 73
108 229
46 52
9 88
127 267
153 160
103 262
117 248
43 74
194 250
239 285
48 133
6 13
141 162
134 143
103 117
184 285
17 269
242 248
35 52
171 256
248 278
24 215
13 211
237 265
281 283
43 142
188 271
4 107
114 147
181 263
211 241
12 165
240 281
145 188
85 101
76 249
40 73
131 291
148 150
170 237
112 174
208 223
227 263
25 115
224 229
20 23
199 262
198 284
95 202
287 290
33 180
249 283
124 291
164 249
5 269
220 260
3 185
269 291
161 186
45 76
50 65
21 286
211 262
28 66
167 267
161 294
226 260
88 277
96 102
18 76
235 278
26 221
25 37
99 169
87 257
35 144
25 68
186 222
13 248
131 163
227 290
45 211
23 171
108 291
250 266
227 300
121 194
245 253
73 192
3 86
15 262
20 93
199 281
240 253
38 58
102 237
17 40
192 285
249 255
235 260
272 278
154 249
197 206
38 190
15 228
188 191
18 198
32 35
89 174
64 98
114 148
8 25
170 185
83 113
156 183
211 252
93 244
184 299
167 200
16 199
248 284
65 170
45 114
162 209
119 273
34 106
59 186
143 174
87 246
91 142
37 109
174 253
80 100
37 211
117 123
148 191
31 36
213 298
170 280
24 249
56 137
53 65
47 197
7 243
168 253
190 240
251 291
23 298
114 157
99 174
138 236
60 66
143 240
69 160
6 197
76 215
3 26
237 272
151 240
131 166
40 238
41 158
109 196
24 197
105 153
44 91
167 276
163 278
74 82
212 249
26 198
130 138
193 216
193 230
88 96
103 171
237 279
64 125
73 145
22 261
113 186
57 80
3 100
149 222
245 260
207 274
2 297
148 223
143 291
108 147
79 138
12 166
5 114
135 153
251 290
183 247
17 31
211 280
89 189
61 69
167 290
99 202
188 241
20 153
68 250
99 154
108 271
146 236
203 246
207 282
112 146
90 105
117 217
56 295
109 188
3 35
148 285
31 65
215 250
256 297
267 285
185 290
132 209
160 279
164 240
88 166
62 235
64 69
80 85
186 274
122 123
171 295
160 238
154 186
220 286
85 99
31 162
219 298
79 160
10 201
68 115
176 227
217 226
24 156
79 224
177 286
3 13
148 269
28 49
42 61
65 87
140 160
15 159
169 248
84 300
134 142
44 158
68 76
197 225
213 237
18 135
70 137
27 100
73 200
8 230
252 285
256 269
126 147
199 201
30 46
27 34
221 240
21 47
163 286
73 114
102 134
64 126
89 244
28 75
94 242
254 299
190 286
3 4
65 67
43 299
40 59
42 75
8 231
207 259
122 153
51 141
160 178
188 283
95 249
183 221
164 231
87 154
1 40
5 61
10 181
172 208
4 99
33 59
80 174
13 90
23 284
95 266
155 276
187 260
34 148
28 41
88 163
95 151
202 207
100 117
27 95
133 155
163 217
196 285
87 259
82 90
154 267
237 287
89 100
103 199
187 272
47 225
193 208
45 59
72 147
18 191
82 121
37 137
98 270
99 157
205 290
114 139
35 114
279 290
104 185
227 267
95 118
211 223
207 261
160 228
96 130
57 151
29 146
215 246
18 159
133 144
95 267
38 68
227 261
89 178
23 246
90 141
200 231
90 100
152 282
127 298
184 259
124 227
4 221
81 174
8 264
48 229
13 283
20 66
13 164
73 127
68 104
17 200
96 114
64 288
12 183
7 222
64 208
23 290
201 250
7 168
53 103
74 146
93 101
40 298
15 54
62 256
192 256
8 188
188 238
207 218
23 262
148 279
114 256
146 206
183 198
70 299
103 249
68 240
232 263
257 267
116 119
62 71
248 283
211 259
8 94
18 216
31 59
40 46
99 131
70 91
183 190
231 242
59 285
211 258
229 239
121 133
208 288
40 60
26 247
2 269
79 299
237 267
215 222
197 224
32 73
275 290
183 212
111 286
144 153
263 294
98 106
110 290
190 245
12 156
227 241
139 147
82 276
96 163
68 99
171 216
178 229
164 263
25 210
63 149
95 134
8 195
32 60
67 123
3 10
253 278
106 195
9 212
3 292
65 73
19 47
233 285
130 249
125 153
286 288
63 74
76 234
123 126
237 256
109 235
102 164
237 246
105 189
9 172
102 138
166 283
169 197
248 258
8 219
86 95
239 248
56 189
161 264
190 282
249 284
225 248
227 228
115 151
116 148
40 65
103 172
22 131
11 211
209 230
207 245
23 88
256 257
120 133
125 140
26 250
119 187
153 184
63 137
179 283
3 120
226 263
18 61
44 52
37 148
1 62
22 249
169 199
113 196
40 122
91 261
167 186
215 216
23 119
35 160
9 164
55 75
34 65
44 63
5 188
87 240
32 56
6 101
237 241
127 299
266 286
33 209
42 47
76 164
115 132
172 199
111 139
138 159
173 245
91 118
97 147
34 69
24 175
188 228
84 266
198 215
281 299
90 207
36 68
14 211
246 249
24 221
243 285
45 65
179 286
199 206
88 272
38 117
115 219
35 67
18 143
32 62
13 230
76 195
213 267
263 281
228 264
213 286
176 290
98 130
268 283
34 45
8 100
84 104
137 278
46 116
229 259
294 298
21 200
19 283
108 116
83 271
145 209
108 231
134 190
133 205
173 266
160 276
187 190
121 151
131 141
82 263
207 235
93 146
2 189
177 267
34 158
178 248
114 117
84 172
87 284
170 203
94 110
276 278
116 124
167 227
82 209
114 127
115 256
188 219
1 261
231 236
137 160
3 102
88 102
94 186
20 76
131 252
48 72
88 200
63 134
65 285
206 283
93 100
3 163
115 188
134 173
115 131
152 222
166 208
229 261
88 198
44 137
262 298
108 299
89 156
56 190
120 271
3 24
180 238
111 177
11 229
115 194
280 285
113 151
190 300
146 295
191 260
28 126
228 231
68 71
199 288
89 229
85 105
72 272
7 115
102 291
244 256
188 266
248 270
71 75
7 23
50 126
173 187
91 272
88 192
117 132
129 295
174 258
29 70
145 240
147 186
92 178
64 157
174 232
40 62
76 78
37 140
139 148
189 257
250 270
275 298
211 229
54 56
108 188
123 256
12 72
3 172
165 217
119 220
69 190
253 288
35 295
4 10
234 237
122 297
62 64
129 276
240 258
91 300
31 35
86 241
208 268
91 229
11 27
253 255
34 59
16 227
201 263
273 290
260 267
8 281
65 215
168 295
10 286
87 256
130 168
103 151
94 111
53 74
90 288
165 253
97 260
7 195
207 273
89 147
101 237
11 237
1 88
211 251
263 293
18 138
12 129
14 156
37 139
119 188
90 94
143 227
211 271
34 194
5 180
1 244
94 258
173 280
46 65
78 103
112 116
36 300
186 194
26 101
205 217
200 227
45 127
73 81
21 193
293 299
29 74
54 62
208 273
180 236
8 237
112 229
183 299
88 291
206 208
268 290
120 291
60 148
34 117
231 256
76 110
111 211
206 263
211 289
24 247
87 174
200 290
122 135
134 263
165 208
83 86
112 290
119 287
72 124
121 186
211 264
119 183
96 99
34 145
248 251
7 264
190 275
78 195
229 273
13 269
65 135
106 273
81 278
189 190
8 183
104 117
3 80
94 147
226 267
241 267
1 106
91 237
134 186
286 298
38 222
63 82
17 66
51 135
190 263
99 283
100 267
38 51
190 199
239 294
61 122
86 101
189 211
176 260
216 285
109 286
103 240
217 259
17 255
111 248
163 199
28 61
133 138
188 245
239 283
99 146
201 286
178 197
74 294
140 180
1 114
116 146
7 27
137 138
18 56
197 207
27 131
203 298
70 199
98 102
76 123
250 277
191 285
56 72
17 121
67 149
61 146
217 286
17 294
57 235
26 27
153 180
267 280
161 205
105 114
47 53
58 180
28 160
229 272
178 263
107 116
248 266
76 149
122 213
89 202
9 235
49 55
83 158
88 228
198 260
16 87
27 248
216 267
131 147
197 244
5 121
177 263
23 220
43 155
82 160
108 290
17 27
38 84
129 202
66 157
54 138
207 264
86 88
88 130
180 266
190 220
102 117
204 286
15 37
176 208
148 206
2 137
57 69
91 112
132 185
199 205
143 209
124 194
25 196
7 234
14 62
173 199
186 244
145 156
49 157
202 237
246 278
3 230
40 140
165 283
79 218
29 129
162 275
180 216
130 209
197 268
34 68
47 75
17 39
25 223
16 271
168 291
207 225
251 253
59 196
182 256
224 231
56 67
209 240
26 80
30 50
96 120
93 272
10 100
144 150
155 198
43 71
211 253
135 222
4 22
153 176
37 56
82 89
174 208
66 69
89 114
15 84
34 100
90 189
55 156
195 207
54 65
63 295
184 253
145 267
24 216
211 255
25 277
94 263
41 47
5 208
170 230
32 158
3 74
228 253
83 105
25 204
16 286
128 251
136 144
12 277
42 299
108 250
44 51
76 272
82 110
142 162
55 79
90 184
161 297
145 162
88 238
31 69
5 122
104 260
107 118
26 189
55 159
180 257
197 202
51 162
79 249
74 300
11 118
62 215
61 211
203 207
2 8
76 146
24 182
34 71
90 177
117 267
216 277
93 259
114 152
148 194
17 44
243 256
170 214
61 65
80 113
243 260
10 56
229 287
72 146
192 229
139 222
35 235
3 178
154 276
73 74
35 190
272 290
88 133
186 256
197 204
7 282
21 199
260 281
138 152
161 233
219 290
267 275
40 283
269 294
274 290
216 284
229 262
213 216
31 158
189 208
76 100
2 299
5 249
262 286
83 262
23 193
153 158
91 200
42 64
100 291
237 251
152 227
199 251
32 142
133 275
16 208
38 63
217 246
15 122
38 66
211 214
70 136
52 62
207 256
227 232
134 224
158 162
184 215
256 291
27 183
47 122
100 240
253 289
183 296
126 209
134 160
82 291
12 241
165 211
126 127
135 199
34 131
1 87
20 68
81 101
116 211
27 197
16 88
157 227
215 267
173 200
22 170
187 263
76 112
129 134
126 129
67 127
40 125
128 180
99 148
24 246
27 245
97 98
148 174
65 140
96 174
139 240
30 148
271 298
122 137
37 124
35 138
174 278
123 190
153 161
197 298
243 253
99 133
113 199
215 279
139 153
251 278
17 46
1 253
63 71
7 207
6 23
132 172
206 231
274 283
237 271
233 286
170 220
8 282
29 186
14 197
25 183
251 283
240 272
149 275
128 205
13 111
195 278
94 265
186 269
111 262
61 70
70 123
59 149
27 87
86 102
102 130
93 223
219 240
261 290
170 192
176 207
153 278
77 103
134 176
119 286
66 140
127 156
186 261
24 297
52 141
89 119
200 250
238 249
200 217
141 147
14 56
207 215
98 209
3 108
24 227
125 292
183 271
61 73
188 225
133 176
60 146
73 126
77 115
216 255
91 123
121 130
35 47
88 212
34 38
194 286
20 255
132 211
8 17
7 163
56 213
5 214
188 197
157 186
138 140
80 159
274 298
70 135
11 253
12 256
3 269
99 279
72 123
91 131
131 285
3 21
43 136
7 229
24 231
174 274
43 146
183 195
158 267
146 150
114 170
273 285
70 126
91 262
52 160
156 209
183 259
144 157
160 174
227 268
184 249
23 235
107 262
32 42
104 118
26 285
70 102
37 62
210 253
59 61
192 199
16 283
67 70
187 290
169 253
76 79
99 262
63 83
35 134
110 276
89 145
37 112
129 174
148 254
13 147
93 159
17 49
110 222
86 162
71 162
183 189
25 213
129 151
272 295
217 231
50 116
13 87
21 250
226 256
102 188
197 229
45 291
10 241
78 132
174 246
160 240
170 191
200 253
157 185
215 260
158 180
4 104
16 291
230 286
79 85
91 275
76 117
50 61
24 260
227 243
212 278
200 208
123 209
89 214
20 173
171 222
76 108
79 183
117 291
197 290
157 223
52 70
216 226
48 144
174 217
227 229
131 205
92 160
39 269
165 286
4 169
8 56
79 114
22 107
205 249
208 251
225 231
78 85
171 253
131 204
79 103
244 290
47 291
212 298
73 103
11 84
74 124
146 149
48 63
270 285
151 159
45 103
59 140
296 300
173 198
131 154
184 197
203 229
108 118
135 156
208 267
27 213
236 299
154 247
30 136
7 84
85 195
255 290
93 109
46 151
38 148
181 290
24 185
231 280
18 248
168 248
26 108
116 276
78 173
24 295
89 149
187 240
193 231
82 189
84 258
3 82
170 193
117 263
253 296
160 214
148 196
160 294
153 253
63 162
103 108
109 222
23 174
12 196
225 260
70 197
245 290
30 69
35 127
85 107
4 180
76 130
119 279
184 185
12 223
15 178
9 258
100 122
131 196
89 94
25 101
24 115
126 150
201 283
53 60
263 297
28 47
11 278
125 236
68 72
162 206
23 153
75 113
151 223
128 199
183 269
134 269
135 138
262 267
83 99
5 13
229 233
39 83
208 259
14 131
204 278
40 142
38 147
135 162
250 285
7 52
180 246
13 263
19 170
59 69
260 276
63 106
200 283
182 240
48 162
133 141
151 157
6 277
55 138
117 119
171 229
237 247
13 78
220 250
233 253
104 147
6 194
79 269
125 141
202 253
43 114
63 156
152 295
246 248
118 262
50 72
7 9
114 208
148 175
18 236
228 250
28 127
11 183
202 256
33 130
192 208
86 216
173 275
75 121
106 130
173 285
84 94
71 144
4 85
160 281
253 259
98 223
195 260
88 90
216 274
179 249
240 245
133 174
45 54
197 274
89 161
183 245
112 278
118 119
172 186
8 284
20 208
188 255
108 117
47 55
173 269
198 237
23 222
191 217
114 293
115 189
92 119
91 141
219 263
43 125
33 146
27 267
66 141
214 286
59 127
129 170
85 231
183 237
199 296
225 267
32 134
4 153
92 113
25 197
12 272
9 218
115 203
42 154
102 233
4 14
70 158
80 137
59 134
251 299
130 213
195 263
176 215
67 142
163 231
26 216
229 230
182 183
110 278
114 299
141 160
164 188
32 132
128 146
174 188
260 264
17 169
173 279
32 137
173 205
88 109
81 138
134 144
88 179
200 207
168 183
195 249
179 260
105 132
27 161
81 160
225 298
208 266
104 223
25 199
40 278
44 60
173 204
80 106
122 149
79 290
29 35
29 150
30 129
142 211
105 283
95 119
57 73
198 227
48 114
129 199
109 250
203 227
249 272
7 13
49 110
238 250
122 299
148 183
125 240
27 185
186 228
91 96
76 180
234 297
116 132
122 237
134 211
199 209
90 273
39 160
150 222
133 134
160 215
152 275
263 264
66 158
67 152
9 163
9 249
49 56
197 222
215 224
13 188
229 252
166 267
197 272
2 261
234 286
44 148
179 263
239 253
7 35
139 300
183 187
144 300
46 147
151 205
27 269
153 154
85 188
13 256
1 274
132 297
68 229
217 221
34 119
30 162
18 185
171 283
180 215
254 267
199 259
59 72
216 225
142 300
137 156
183 279
278 300
15 52
163 188
10 11
105 249
2 54
80 291
129 283
71 129
220 222
52 73
122 294
61 162
3 275
260 269
148 158
82 157
95 98
195 286
121 175
182 215
257 285
240 289
134 227
170 223
76 80
140 156
85 184
46 63
2 214
7 256
14 283
61 68
50 161
173 277
201 229
102 223
14 170
147 154
146 155
155 253
78 84
190 216
199 268
55 61
216 235
30 45
20 41
76 232
148 213
166 256
217 281
106 180
56 117
56 244
9 206
76 179
110 217
73 300
91 296
12 70
253 295
95 228
66 142
2 190
174 290
183 196
239 250
188 253
33 62
74 87
65 127
66 129
23 225
189 240
113 192
50 134
30 135
165 224
159 293
131 275
21 84
129 222
86 192
144 146
160 197
13 231
139 288
170 273
180 255
76 177
216 220
264 286
11 24
128 295
161 170
102 210
107 133
48 160
60 299
91 157
280 286
28 37
237 244
165 202
194 298
158 220
249 269
3 72
193 286
93 107
231 252
7 86
14 199
119 299
17 134
174 184
148 149
4 295
15 202
88 182
87 105
8 24
61 132
51 82
137 146
235 290
253 260
276 298
197 237
95 244
83 189
99 124
216 268
217 271
118 216
148 208
14 26
150 240
67 130
27 189
47 72
155 185
123 185
136 297
171 208
186 287
242 278
184 240
87 247
67 74
197 217
152 214
59 235
109 174
223 229
53 73
8 248
80 104
32 95
180 199
126 136
111 195
101 114
116 117
187 197
111 148
196 231
164 248
94 133
173 180
218 240
144 199
36 57
267 269
93 108
126 185
74 227
95 103
15 164
7 75
231 253
26 177
135 284
112 222
112 209
71 90
104 188
257 283
78 83
207 228
130 233
23 254
195 248
175 199
186 273
87 226
7 16
96 244
38 160
5 9
225 263
149 267
122 151
9 286
9 267
115 135
17 50
256 292
5 8
129 236
75 130
227 237
61 137
10 189
148 155
18 299
248 279
249 267
144 206
165 186
194 197
241 253
170 180
88 193
235 250
130 196
134 157
187 253
83 126
198 295
19 114
36 180
80 189
12 182
241 256
70 124
32 157
180 250
263 291
79 216
59 294
18 132
38 61
55 117
111 179
131 158
249 282
190 284
48 175
79 96
211 286
215 251
9 178
129 138
83 270
197 213
229 238
180 218
238 300
184 290
190 214
176 199
7 87
28 63
16 132
88 225
199 257
237 257
88 95
92 94
166 237
20 29
157 189
153 162
207 217
38 75
15 245
78 111
135 194
122 207
124 144
246 256
20 216
7 237
96 108
44 62
27 130
225 250
83 150
227 299
37 123
68 207
22 90
67 126
4 296
87 98
123 297
153 300
4 27
167 207
133 204
114 292
17 153
78 248
129 156
207 238
197 236
73 138
256 267
24 184
216 253
13 237
78 247
30 155
231 287
170 226
231 241
23 165
39 122
29 162
52 82
7 246
97 250
208 255
73 180
21 115
153 198
202 298
82 116
7 122
41 124
46 61
92 107
55 299
189 215
70 283
147 149
90 108
58 295
267 277
29 157
228 260
8 270
147 263
114 137
171 173
238 294
89 160
65 150
43 150
4 76
154 184
209 250
7 227
220 283
100 116
125 149
79 88
170 271
148 280
228 278
199 210
38 105
60 158
88 112
201 211
180 221
263 270
148 264
86 103
47 114
244 278
133 196
35 41
133 276
190 213
28 161
7 236
136 206
253 265
134 140
161 193
118 120
3 279
27 238
215 289
35 116
104 276
2 148
114 217
253 257
102 195
54 131
67 137
221 248
105 175
175 188
48 68
80 151
217 223
147 195
172 211
103 217
52 60
87 261
223 286
103 110
59 158
137 240
254 298
134 153
123 138
130 202
256 287
35 109
116 299
64 108
100 160
26 180
29 143
17 157
214 285
21 62
183 291
240 243
99 150
188 287
110 160
70 129
44 100
122 144
10 72
202 217
114 143
4 214
48 161
93 130
198 256
87 277
26 248
267 282
35 49
214 231
201 285
17 62
103 296
20 34
101 173
113 212
216 275
181 216
79 93
241 249
7 247
73 231
76 240
102 264
231 284
191 286
85 150
267 293
211 265
64 123
42 58
66 80
87 164
141 236
83 85
255 283
111 132
80 91
98 278
216 244
77 249
10 223
177 285
2 84
190 230
90 221
87 182
213 256
165 249
189 285
211 216
190 215
105 291
70 120
186 211
58 71
63 69
34 189
15 209
70 142
214 260
46 72
98 226
108 217
247 256
236 253
197 216
183 286
94 231
47 269
173 226
225 296
32 36
186 226
19 115
80 157
114 297
279 297
98 265
117 271
15 56
109 111
54 60
102 261
39 56
249 261
121 267
170 261
80 140
16 218
216 279
197 223
129 233
88 160
133 154
12 53
173 184
82 135
63 122
137 209
227 272
61 189
260 295
73 157
118 174
98 271
149 215
97 160
228 285
207 232
7 15
240 299
68 70
187 216
17 99
32 44
116 137
7 66
63 65
173 210
7 248
77 260
119 138
81 225
44 155
215 221
8 15
91 166
52 116
122 229
27 102
98 248
68 75
51 68
55 151
7 210
214 249
82 140
89 225
20 119
160 170
131 162
32 143
154 177
33 63
252 299
2 213
282 283
99 201
194 267
104 250
88 110
165 215
18 292
117 126
190 249
49 134
22 250
216 261
145 193
74 120
44 77
105 115
38 144
24 196
210 231
127 144
227 245
50 117
61 149
65 300
180 224
63 141
60 151
17 23
18 84
8 252
77 128
69 211
188 223
104 115
26 102
241 290
89 276
240 277
160 206
45 149
7 177
102 255
12 185
7 41
171 227
22 294
145 273
11 21
79 186
253 291
92 114
17 228
5 290
73 267
224 248
82 92
26 81
48 58
159 296
146 276
93 225
141 206
163 215
23 195
157 295
226 237
79 111
62 159
113 258
7 68
97 134
60 267
143 156
111 152
152 233
151 156
41 134
207 254
34 155
148 160
257 263
137 190
92 209
119 120
249 293
81 82
246 263
249 268
29 136
59 208
130 251
23 78
207 284
30 77
171 231
119 184
130 154
91 276
29 140
102 114
139 193
46 138
82 130
38 211
42 74
107 122
9 246
13 85
10 268
152 232
46 161
207 278
191 264
87 209
201 249
284 290
256 265
1 9
225 286
171 237
187 250
64 74
196 229
216 242
56 154
56 127
211 227
93 102
115 248
248 269
4 18
188 275
41 42
207 226
62 296
226 249
125 196
173 276
159 273
208 282
78 116
216 256
78 231
65 68
176 217
226 227
12 255
128 209
219 248
71 148
59 63
277 290
130 264
37 47
207 220
88 113
175 253
112 247
231 289
23 24
23 270
12 26
14 267
98 99
271 285
3 196
116 136
217 261
166 215
2 267
184 188
39 102
3 261
10 213
193 285
56 75
126 132
152 260
102 116
45 57
38 47
109 116
260 268
189 216
211 285
256 271
116 163
28 131
198 300
55 57
54 74
1 277
115 211
173 259
108 243
126 190
184 278
216 234
113 229
168 286
126 158
117 120
15 172
111 180
173 182
73 253
295 300
182 186
8 225
122 202
1 17
237 259
215 281
12 297
230 267
49 82
112 221
153 224
61 157
18 67
87 210
109 160
208 296
41 74
216 287
254 286
221 253
40 123
35 154
235 299
38 138
30 104
129 153
134 278
26 99
113 226
251 256
121 273
221 256
106 140
122 129
79 173
231 239
142 222
206 278
24 183
17 127
222 253
202 249
2 158
107 127
174 284
37 155
204 249
108 111
113 235
284 298
90 193
80 217
129 133
60 68
47 64
209 247
88 97
194 219
25 208
130 174
186 237
51 73
4 293
70 291
164 253
179 180
133 190
77 117
115 125
44 229
70 211
237 243
209 278
17 166
295 298
34 135
186 210
18 268
160 258
198 240
128 206
225 283
90 293
18 26
13 199
222 299
215 266
47 49
69 147
119 267
9 174
228 298
81 151
133 150
67 150
130 240
248 260
163 253
23 273
188 209
26 261
269 290
15 150
78 298
163 240
65 124
63 157
7 58
120 132
143 190
173 239
283 284
48 151
4 288
176 250
186 259
129 167
5 34
65 197
60 67
221 231
181 264
41 48
39 48
4 132
147 269
21 189
15 119
130 190
23 56
285 290
14 297
102 156
68 216
215 255
85 120
186 227
2 205
25 155
174 195
108 211
208 230
15 198
16 89
137 180
9 87
149 209
35 300
170 244
182 237
35 56
35 65
11 59
117 225
183 185
80 105
24 277
8 79
78 110
185 256
35 50
128 134
24 62
66 71
166 199
134 217
26 95
83 97
217 258
132 222
9 264
51 59
90 217
227 240
205 256
93 174
192 215
121 142
44 108
59 136
166 253
46 68
127 217
173 178
241 248
87 196
169 283
44 135
190 224
83 111
137 283
292 300
99 130
174 264
62 75
117 142
62 292
101 103
122 138
182 207
69 125
103 112
75 82
45 115
207 270
117 152
182 227
87 166
228 290
50 146
116 143
17 122
99 143
180 205
39 68
78 119
120 229
220 229
9 251
8 177
165 216
260 272
227 295
166 170
146 215
39 130
17 65
44 61
250 284
37 59
16 295
122 131
116 130
115 140
152 206
102 166
118 276
13 93
147 159
49 127
7 223
97 188
87 270
253 275
38 49
134 152
37 80
209 285
185 231
104 186
208 233
267 274
56 65
61 128
70 151
43 81
183 203
207 224
21 272
15 34
18 63
10 26
121 290
188 298
171 199
1 11
65 153
9 170
214 227
78 88
84 131
79 115
98 146
11 231
14 47
203 250
81 94
225 293
161 168
34 139
138 176
153 235
60 62
161 209
79 83
122 233
88 263
28 146
135 147
109 289
2 133
256 298
210 285
231 273
275 285
33 160
204 231
152 187
122 238
94 151
44 143
142 184
186 245
83 151
164 183
91 271
113 267
17 235
152 184
230 243
217 263
100 103
33 125
7 114
148 205
59 71
40 141
218 286
102 103
7 82
175 208
180 235
58 207
35 51
250 268
79 202
203 290
183 261
38 41
125 147
17 298
1 199
181 253
178 286
13 282
84 88
163 170
199 231
218 237
17 214
217 274
122 145
36 148
148 204
3 280
163 183
149 151
87 110
236 287
162 176
8 256
81 99
107 184
174 212
186 251
190 255
158 160
134 276
35 59
68 130
130 183
56 157
119 122
20 170
134 222
129 256
227 270
33 40
95 207
257 291
119 186
162 236
248 280
62 122
89 197
168 231
9 273
80 86
2 108
247 248
99 249
85 283
112 231
188 288
123 151
11 256
183 202
124 138
180 220
197 200
186 267
37 147
101 256
48 89
25 194
18 269
195 250
8 267
160 260
250 288
62 114
113 185
267 272
188 234
186 219
65 136
11 188
14 78
200 211
55 217
145 249
89 249
76 264
187 298
102 240
16 246
49 95
135 244
217 249
104 289
176 216
267 279
188 273
96 97
234 256
56 291
129 144
124 236
265 298
3 20
122 275
113 160
175 180
237 262
229 281
125 159
110 122
169 211
192 197
239 286
151 186
233 278
144 162
222 225
134 296
115 185
59 129
87 119
197 276
272 298
87 228
152 224
117 212
2 70
111 155
36 65
17 59
78 221
104 114
128 222
88 168
33 114
250 264
196 237
104 189
207 258
227 273
188 277
221 263
7 21
35 62
80 248
7 269
157 174
56 59
80 142
213 217
36 162
30 48
179 250
155 160
240 270
37 122
249 275
211 243
93 104
205 208
103 256
249 274
20 200
92 100
95 115
173 208
82 158
2 285
79 251
232 248
119 197
206 217
122 252
80 126
7 277
99 203
229 270
179 248
147 273
18 128
71 72
185 227
90 132
137 267
89 207
74 126
7 204
47 235
1 197
190 272
79 220
3 164
50 156
182 285
183 281
73 121
26 172
115 237
172 256
20 221
134 209
134 151
76 104
170 229
54 69
29 82
80 211
170 300
172 290
220 298
18 114
45 122
59 60
77 209
174 199
45 180
29 124
131 139
89 169
153 186
174 215
9 279
208 247
150 236
7 190
122 148
8 78
294 300
187 299
173 219
288 293
26 201
43 145
173 288
56 145
118 244
7 278
174 296
239 263
240 275
190 261
106 121
188 235
27 298
82 222
226 248
210 211
23 216
44 80
120 211
31 123
95 111
45 159
43 50
178 188
64 71
248 259
181 249
8 74
90 99
167 260
104 231
225 285
11 179
138 238
51 140
122 159
99 181
202 300
153 238
61 135
161 196
180 286
112 240
149 296
24 286
226 283
270 286
87 212
23 279
20 114
216 230
83 142
116 129
194 285
84 270
48 75
39 47
9 173
113 299
190 280
73 216
108 132
208 293
36 53
69 72
249 265
189 199
168 249
2 11
146 147
186 204
114 155
23 187
77 134
205 283
103 130
210 248
33 126
7 173
182 229
133 227
99 209
171 240
142 147
38 40
102 170
139 209
19 215
191 230
35 79
178 207
76 134
154 250
59 210
33 67
23 265
182 190
23 168
40 147
66 136
106 110
99 197
16 242
49 128
25 114
103 143
197 228
38 146
128 267
21 74
95 217
140 186
68 102
5 273
35 70
20 192
43 141
101 117
77 98
199 264
247 278
132 190
17 223
8 165
34 56
130 143
211 228
111 258
121 126
121 134
147 236
43 134
107 195
67 141
141 151
247 283
3 276
36 40
183 260
149 202
36 89
63 147
59 233
8 288
26 78
13 238
40 94
96 104
108 173
37 45
30 59
9 288
32 70
22 85
70 256
92 174
170 172
192 237
21 213
69 157
89 136
121 293
213 283
184 250
130 142
30 55
74 170
73 203
109 271
36 138
24 186
11 234
17 48
38 59
138 156
208 249
81 156
263 290
114 149
199 232
75 126
110 291
280 283
117 128
172 295
263 279
23 242
84 95
215 278
34 124
91 289
97 114
76 106
3 221
89 116
241 260
201 216
123 156
144 251
186 295
183 263
65 148
119 131
183 231
83 222
150 300
5 186
3 234
98 244
259 260
79 188
130 194
4 291
70 293
178 211
12 293
50 151
99 284
70 127
90 229
55 62
1 223
234 253
11 173
131 251
207 211
36 160
167 216
88 196
31 68
247 260
125 217
68 101
40 214
237 276
209 290
188 269
9 208
58 137
222 240
147 153
231 255
87 198
212 227
89 99
127 190
253 267
82 250
22 297
264 279
79 80
61 142
91 189
207 271
24 87
183 241
25 269
180 280
197 233
90 101
15 222
143 297
79 199
152 236
91 132
232 283
224 295
209 229
115 181
167 285
13 86
82 223
226 285
25 261
88 254
83 96
70 297
217 254
18 54
216 232
152 296
180 249
78 175
159 238
49 81
260 261
1 86
256 261
74 121
30 141
76 183
181 186
32 91
173 189
82 115
3 27
173 268
48 67
16 236
278 285
108 152
265 267
168 267
87 260
107 186
12 189
178 278
6 99
19 74
46 49
25 282
48 126
123 147
237 269
28 32
31 71
17 126
120 147
148 184
206 248
11 190
100 196
247 285
42 67
248 267
79 132
164 285
129 160
211 282
41 140
199 245
229 289
249 257
130 161
183 243
8 298
167 203
22 188
108 134
191 299
33 154
3 220
71 147
132 151
197 282
22 193
209 224
89 106
11 215
13 106
183 276
208 280
88 185
88 177
9 242
116 217
16 216
122 126
208 264
3 97
16 184
173 273
1 296
3 251
65 137
188 220
37 38
84 185
105 119
199 282
19 277
73 119
38 162
35 203
113 166
238 278
216 222
240 262
36 131
69 149
97 125
85 95
12 295
76 95
100 114
253 271
44 159
88 269
7 106
91 197
38 65
105 118
92 122
197 270
83 93
7 245
102 159
38 300
115 290
49 140
263 295
4 246
7 205
91 117
97 174
256 279
83 88
38 209
278 286
108 249
195 253
62 208
45 120
148 248
66 130
172 190
250 269
89 113
208 232
108 131
256 272
214 283
139 146
195 208
55 70
193 299
231 268
86 291
21 293
213 253
217 240
147 209
115 284
125 168
43 123
4 122
23 74
216 283
76 89
227 297
155 174
56 57
26 82
189 253
236 249
3 45
112 125
190 197
214 278
65 147
77 87
148 190
79 300
112 119
212 216
15 299
38 127
7 172
187 199
34 128
29 46
48 190
23 218
106 112
4 175
122 232
144 299
155 162
12 213
123 202
188 276
186 300
201 278
111 145
94 117
211 261
175 227
224 290
153 249
15 16
264 278
43 211
125 130
7 76
114 199
80 237
121 269
91 160
128 133
85 97
250 276
74 272
80 108
109 115
177 283
71 134
78 288
231 282
70 73
57 160
249 258
186 284
84 108
188 270
27 40
21 26
201 260
19 267
92 278
50 147
91 119
217 262
251 294
97 173
7 24
6 115
173 176
77 86
18 245
40 42
101 217
26 184
165 190
170 187
208 236
102 194
138 139
8 12
167 221
13 208
275 299
68 117
37 158
225 227
91 233
128 144
119 211
76 127
7 102
79 281
103 118
217 287
183 264
94 226
115 200
145 288
91 116
189 227
49 124
112 113
134 146
13 94
184 237
107 117
111 265
94 262
82 185
13 24
98 109
33 39
141 235
207 257
9 220
7 228
69 186
97 290
93 196
59 102
23 27
7 232
167 248
28 144
197 240
241 263
141 153
48 267
83 216
208 214
13 102
109 249
211 288
197 245
30 122
186 198
107 119
5 215
42 160
12 290
62 69
144 278
102 241
208 216
256 282
183 218
229 253
240 244
122 268
104 132
4 108
207 214
85 116
76 131
256 258
215 223
188 282
109 244
45 62
62 91
77 96
144 181
56 142
12 57
227 293
133 240
197 205
106 117
121 131
57 59
149 199
86 99
52 69
263 267
86 174
223 256
152 255
192 286
170 299
141 144
216 254
286 287
12 76
33 57
34 81
28 65
186 209
90 175
67 132
53 70
198 291
119 263
120 166
62 199
117 156
88 94
156 196
124 156
93 248
17 128
2 172
79 148
91 114
153 274
185 208
88 280
24 70
154 217
239 269
35 121
187 229
7 120
224 300
201 267
99 194
160 251
22 153
181 297
97 166
65 128
19 153
186 199
178 291
118 185
30 94
197 209
80 115
130 140
13 284
230 250
7 99
91 110
114 211
81 262
30 140
255 285
23 258
181 285
177 240
179 188
169 298
200 263
281 298
104 229
72 148
190 237
128 162
167 170
3 224
67 69
99 213
170 188
119 199
134 237
90 162
186 192
48 57
22 296
37 60
219 230
45 156
79 206
17 225
82 221
12 192
130 159
106 131
160 198
105 214
19 23
175 256
21 170
73 112
86 94
199 233
253 258
8 10
219 231
117 262
89 222
8 275
77 114
131 202
132 146
48 260
44 138
180 217
43 62
30 74
168 300
87 203
30 113
124 162
223 253
12 204
192 278
145 147
197 271
122 152
154 193
122 125
263 269
69 138
214 248
177 253
35 63
132 291
222 236
115 170
181 188
90 107
89 132
40 55
217 265
207 285
20 258
119 282
43 46
148 156
3 168
185 190
56 140
102 115
115 250
142 153
101 110
215 241
119 283
217 285
240 279
78 222
207 262
45 138
145 177
78 160
106 288
117 275
143 153
237 281
278 289
123 134
209 249
224 237
159 217
285 291
186 254
124 186
24 193
6 267
61 159
82 172
64 150
85 104
131 209
88 194
34 146
142 275
81 148
82 181
217 256
114 239
114 162
34 142
80 119
51 142
166 285
56 131
87 224
26 113
55 125
133 236
88 164
248 298
4 121
88 117
60 126
76 186
133 152
196 250
183 239
130 158
78 90
162 183
26 200
82 244
175 183
154 244
112 132
115 228
112 217
79 118
57 65
36 43
77 211
229 257
199 219
29 71
49 269
99 129
12 296
7 200
188 221
45 217
17 57
245 263
44 59
81 114
79 86
161 278
125 157
103 109
175 249
170 275
90 116
173 185
89 129
31 80
49 65
115 157
138 147
18 186
93 97
48 83
23 224
196 290
59 128
34 154
60 180
4 7
223 227
29 73
167 263
73 93
6 7
34 250
13 163
24 121
93 105
170 277
197 219
114 151
169 260
83 118
155 227
80 240
237 288
178 298
106 247
82 136
249 264
157 243
226 298
129 146
8 163
144 292
134 145
132 174
188 256
189 263
117 166
9 187
40 217
76 97
61 136
19 197
95 147
21 254
88 89
42 65
90 106
210 250
69 106
282 290
86 104
119 208
126 227
273 283
99 114
29 122
204 207
76 118
237 255
155 222
4 127
73 217
98 154
246 283
7 166
107 112
42 53
220 240
169 231
215 229
11 88
10 153
92 95
16 21
148 218
205 286
3 88
199 204
57 144
186 212
3 191
150 156
215 233
87 286
12 115
98 259
59 152
142 251
76 173
160 172
124 224
54 70
221 278
160 291
116 118
131 137
170 238
6 8
202 296
49 62
1 293
120 188
67 156
7 100
180 283
74 186
49 114
2 251
219 249
17 149
15 186
61 186
189 217
242 249
29 55
100 110
9 266
128 160
191 229
2 185
44 140
96 105
175 186
199 273
71 112
216 259
11 298
213 240
37 71
168 211
114 135
89 260
153 298
104 207
183 210
6 11
208 239
148 222
133 170
25 62
199 286
11 263
183 230
27 261
225 253
199 217
126 154
186 262
114 126
28 180
80 110
3 243
7 59
4 109
148 202
195 217
34 82
121 122
49 50
151 269
157 209
211 270
237 284
139 190
144 156
2 198
189 286
18 214
204 283
13 187
113 265
9 184
30 124
18 115
132 133
275 286
162 300
54 186
236 285
127 240
86 244
57 122
7 31
232 267
36 63
2 130
173 287
10 13
185 299
10 272
3 193
73 149
83 156
152 168
97 212
190 205
88 221
170 296
193 253
27 277
65 299
49 150
113 159
119 194
169 188
2 4
148 261
87 178
130 285
208 219
3 175
85 163
288 290
49 59
76 190
16 188
115 130
12 209
16 167
91 154
116 140
131 213
43 139
267 281
10 210
62 82
152 153
38 108
48 158
89 283
193 229
45 99
17 300
95 114
176 283
106 177
45 116
208 246
131 142
205 240
115 198
33 161
94 290
53 138
238 290
91 92
24 177
90 159
137 170
131 145
65 75
172 173
35 90
30 82
27 182
227 279
85 177
109 212
50 211
33 222
207 279
174 248
173 212
215 282
107 180
113 269
84 100
7 185
40 158
160 176
152 174
35 38
42 59
92 115
128 227
198 285
3 19
5 183
140 151
89 247
152 298
110 131
81 87
182 250
41 150
283 298
105 181
8 197
128 131
190 287
216 299
143 267
190 192
70 75
95 172
174 283
235 263
236 237
84 239
84 162
130 260
44 188
257 298
120 250
245 248
4 184
13 220
203 211
176 237
248 264
44 67
174 211
37 146
114 158
227 278
96 160
37 142
219 247
33 64
101 298
245 250
207 234
256 274
93 235
114 169
19 131
12 245
122 127
204 208
125 152
174 226
68 147
122 160
85 290
202 215
8 102
1 99
181 260
31 128
134 300
27 256
88 211
11 170
234 240
176 190
131 274
211 240
189 248
67 143
190 257
88 251
92 146
243 250
94 148
263 280
138 296
211 245
48 59
64 141
63 146
52 74
190 251
95 185
186 255
167 249
88 271
122 173
203 248
168 278
224 260
26 109
54 116
167 197
23 252
34 48
255 267
24 180
90 119
199 239
29 145
162 199
166 231
25 81
2 3
197 279
175 263
16 230
181 183
179 229
189 283
70 150
108 114
70 215
208 250
132 148
208 217
183 252
95 160
76 109
188 280
130 150
2 157
276 285
43 124
56 300
183 219
130 253
7 197
69 121
21 284
211 266
59 299
84 296
179 240
220 253
190 198
106 259
1 215
102 229
21 203
125 251
183 272
264 280
170 243
2 244
6 223
49 123
50 138
113 158
217 277
163 229
180 243
42 66
62 141
103 133
11 99
16 194
80 107
5 85
56 61
129 130
13 253
45 72
79 157
18 68
193 217
38 126
252 260
16 187
95 237
120 186
252 256
68 188
20 130
131 148
59 75
170 291
25 130
250 259
24 250
70 122
48 145
129 240
149 153
12 168
131 159
14 17
173 194
88 276
83 146
152 156
49 87
113 260
8 104
2 128
101 147
18 190
44 66
160 185
27 232
13 20
231 267
208 245
42 267
102 154
199 213
83 89
228 249
59 64
45 82
237 254
224 246
236 248
87 276
232 237
12 210
147 229
248 253
190 222
2 102
29 69
215 220
81 88
169 290
19 59
62 294
91 179
206 290
87 103
2 278
127 148
16 27
217 244
136 222
51 91
125 144
186 281
298 299
73 147
131 155
204 240
21 99
12 216
235 240
48 70
21 131
170 247
256 260
106 137
187 237
151 153
65 91
164 250
85 94
250 283
32 124
110 237
29 269
138 142
152 162
81 120
108 222
113 143
33 68
37 154
83 112
30 33
190 285
32 125
192 260
228 267
20 196
188 247
68 248
97 131
83 224
51 132
34 132
178 256
216 280
35 74
73 190
102 189
89 246
2 272
222 269
21 244
20 58
250 273
87 172
150 153
290 298
38 93
119 168
8 273
43 157
23 232
226 250
91 163
6 26
86 108
44 211
88 223
44 104
170 211
104 173
1 124
174 288
235 248
7 95
256 266
131 208
130 135
119 249
187 208
170 236
214 256
93 116
2 7
76 107
126 137
249 256
76 84
209 227
40 69
199 250
174 234
20 54
43 45
184 263
77 81
197 267
214 215
107 291
245 283
17 52
55 67
132 147
138 222
5 16
157 190
5 184
183 188
221 283
285 293
166 207
202 232
39 55
29 156
99 231
78 179
160 275
250 275
270 298
124 134
195 267
166 290
122 170
84 237
60 150
17 165
98 101
231 247
1 204
44 78
86 146
121 162
203 263
199 236
200 240
211 274
186 271
17 67
82 154
181 296
148 244
3 250
22 273
125 135
175 248
18 57
201 207
16 24
45 134
240 256
117 135
11 22
110 223
86 107
269 298
186 280
215 300
36 161
224 298
201 240
70 128
167 190
87 265
4 6
88 214
111 231
80 192
18 238
145 250
216 271
163 190
16 282
13 286
170 257
147 256
25 182
84 192
48 112
74 293
102 190
44 141
163 207
170 265
174 256
8 81
50 68
60 138
88 116
203 217
43 128
37 135
141 148
199 216
197 294
168 197
113 138
28 70
190 278
44 126
151 260
11 220
151 283
103 183
119 174
183 248
9 27
87 271
10 91
260 266
18 133
177 190
25 100
278 279
73 96
102 267
187 283
120 286
16 290
188 215
83 133
11 285
148 187
41 89
17 30
126 267
153 251
152 274
110 262
190 260
234 248
124 211
80 114
35 216
17 68
10 277
99 189
218 260
65 296
93 276
163 173
13 100
16 195
197 255
279 283
33 148
204 285
80 130
95 117
192 283
208 221
25 87
132 267
90 271
76 227
23 87
142 299
50 160
236 263
87 122
23 175
17 18
26 209
188 261
253 263
217 242
110 119
7 267
76 133
120 262
170 216
84 116
18 249
37 48
241 285
113 225
217 243
20 44
81 113
3 287
64 73
243 286
134 180
139 299
186 208
1 238
7 216
179 285
59 291
106 116
88 218
120 131
179 215
5 285
219 237
88 281
60 63
3 281
131 236
9 205
197 198
90 250
82 83
18 189
47 227
165 170
12 172
80 132
32 74
192 298
133 215
16 264
45 74
102 165
76 246
208 278
56 115
81 158
163 197
211 230
24 48
55 74
126 161
22 156
188 196
78 139
215 244
172 248
190 196
76 165
28 156
84 154
113 296
64 286
109 260
131 138
114 133
252 263
158 222
158 209
38 152
160 272
211 231
44 48
71 121
185 186
181 215
25 227
155 186
156 295
142 183
139 195
32 140
231 265
2 146
99 119
91 267
194 207
90 180
37 129
151 206
190 277
148 215
32 38
132 292
128 151
89 175
102 135
45 94
35 58
238 256
233 290
9 285
199 225
217 253
81 103
15 237
207 283
78 256
181 291
231 270
42 127
7 293
61 125
12 221
190 259
291 298
227 271
141 300
95 189
177 180
6 210
113 129
6 250
20 262
17 139
186 214
100 214
117 129
199 284
45 67
37 150
185 248
116 134
56 277
197 243
193 237
63 128
266 298
54 73
42 139
125 129
3 101
24 114
154 194
128 283
9 215
237 280
216 243
216 221
240 274
173 241
82 85
46 67
217 235
186 283
17 54
215 295
91 249
116 145
183 257
103 122
160 248
31 140
148 157
104 251
61 93
12 188
142 209
197 291
240 254
160 175
178 292
8 171
89 120
101 229
225 237
23 259
79 291
15 185
208 209
88 235
78 122
7 250
76 216
160 193
58 186
177 276
119 154
188 211
67 125
202 299
278 283
51 150
50 75
217 220
11 113
148 161
45 267
55 134
166 250
125 126
65 291
250 257
105 117
194 229
188 226
127 175
76 167
158 300
90 120
162 224
173 270
239 256
8 176
155 211
7 211
102 119
33 52
87 235
14 200
131 157
183 292
15 244
230 290
278 282
48 249
30 38
253 273
182 286
131 206
106 159
33 144
95 286
211 287
76 122
93 181
132 293
23 206
217 280
46 156
18 234
230 260
42 72
260 298
91 260
172 215
56 74
217 276
99 172
18 146
229 267
235 237
15 181
206 299
54 80
91 135
116 174
35 156
77 217
12 130
58 70
69 126
111 298
38 240
227 250
84 161
3 225
9 167
34 204
277 285
19 186
218 299
53 55
70 147
82 249
79 205
3 95
217 225
199 212
21 45
183 236
152 283
24 269
153 299
70 162
160 296
152 241
144 158
26 286
119 291
5 67
9 20
125 139
73 143
127 153
255 286
225 300
227 294
126 224
16 84
35 66
166 263
127 138
101 112
108 154
173 213
5 126
7 238
110 200
192 216
56 84
260 283
112 120
89 221
156 256
60 159
87 116
34 140
141 199
148 216
4 294
97 217
63 81
103 280
136 147
91 299
115 154
98 262
17 154
190 218
34 186
82 280
160 171
59 141
18 206
48 130
127 188
209 283
153 213
212 240
82 219
18 172
88 273
47 181
186 243
208 286
61 147
216 289
186 233
12 163
208 276
56 122
79 217
197 250
180 187
102 197
20 40
113 140
68 114
90 103
1 256
81 130
24 244
260 277
129 238
9 195
111 113
94 229
12 58
221 227
227 251
191 298
7 138
24 292
11 115
175 207
149 206
127 293
197 201
154 162
153 194
73 188
93 263
251 297
172 183
17 32
148 193
38 151
183 229
106 119
244 250
88 148
102 244
7 17
9 99
254 264
109 117
147 160
130 198
122 161
163 298
72 142
67 140
51 56
43 137
9 17
118 299
252 267
7 105
131 225
126 140
70 296
3 212
6 170
8 120
141 146
26 104
147 193
158 199
29 47
156 251
84 174
87 185
227 281
36 67
56 66
65 66
196 260
17 272
19 102
22 26
56 168
133 147
211 219
277 295
2 135
216 262
80 109
180 196
240 255
183 266
48 52
72 140
22 290
33 51
25 238
138 227
137 153
90 142
89 157
77 222
88 107
289 290
9 234
63 135
285 296
177 237
28 30
88 191
83 94
106 160
91 178
168 292
220 299
55 161
211 238
247 286
154 156
157 240
229 247
103 178
67 147
113 251
21 100
170 294
95 239
248 276
33 47
16 18
93 120
31 56
229 268
75 77
111 288
77 276
178 296
32 141
107 110
198 208
45 160
66 83
93 99
90 286
109 189
210 286
25 153
17 292
168 227
227 265
78 145
81 132
283 286
22 246
190 210
276 283
91 183
245 288
108 207
265 290
44 286
208 212
222 248
203 216
10 197
126 142
20 189
1 201
248 272
125 158
170 202
148 227
110 189
51 60
60 75
7 37
5 296
16 197
24 166
274 278
215 240
88 264
16 20
119 130
50 240
199 258
28 53
51 71
10 244
226 286
140 162
173 183
177 217
180 272
9 124
240 280
76 160
29 33
106 221
207 219
173 254
70 115
41 70
115 279
186 239
97 116
74 140
36 52
91 258
240 300
2 233
103 131
13 112
175 285
22 74
99 161
38 116
23 188
211 272
180 188
188 268
100 140
95 178
44 186
173 202
199 276
8 97
183 214
5 193
50 112
8 167
32 33
187 188
30 81
90 278
58 74
164 290
183 282
178 299
118 160
36 159
161 272
88 298
32 59
88 195
269 295
78 193
91 259
143 236
87 189
4 263
166 248
258 283
70 139
59 161
30 102
61 155
113 147
131 299
16 292
198 250
173 247
108 115
173 177
4 292
27 223
113 271
253 269
100 207
9 211
197 254
148 198
56 272
154 298
42 43
217 266
11 25
221 290
114 141
40 155
16 54
3 106
170 174
38 44
87 262
74 299
107 159
22 295
1 59
119 195
170 171
65 145
122 143
130 197
13 180
63 139
33 37
29 141
81 102
34 125
36 70
231 275
114 172
102 161
83 87
215 254
105 193
228 237
175 286
120 217
14 59
203 215
116 155
17 20
84 87
169 278
161 232
160 252
44 81
13 225
156 240
7 97
21 196
56 150
57 68
88 210
122 130
170 240
116 131
1 131
147 158
216 233
212 263
190 209
133 140
210 227
1 23
170 245
20 43
20 65
150 209
150 160
91 225
117 149
21 194
264 290
173 235
6 189
174 255
237 285
12 99
84 102
110 151
27 59
66 145
191 253
184 293
70 292
68 156
62 72
234 269
171 180
49 142
75 132
118 222
186 299
152 202
85 221
199 235
191 256
121 153
79 119
137 162
102 232
155 224
186 202
72 128
111 259
217 248
2 210
22 292
113 288
169 170
31 62
122 139
21 114
29 50
10 248
237 253
88 99
62 295
26 91
213 227
135 160
23 191
13 215
122 141
64 149
41 83
164 174
230 285
50 154
44 156
180 184
149 279
168 256
37 117
133 139
208 258
18 208
7 191
199 280
285 287
276 300
161 298
115 231
73 102
198 246
147 167
82 229
60 70
26 173
83 258
3 166
172 188
23 61
17 296
14 238
16 284
170 290
23 253
12 276
22 244
266 278
88 176
135 146
123 130
203 249
181 256
104 291
160 237
49 74
248 268
33 119
126 146
104 111
143 292
31 150
200 298
41 65
103 288
89 135
33 267
37 44
102 286
131 197
110 130
1 56
218 248
45 66
10 130
32 48
94 217
83 154
130 275
92 101
147 246
119 269
38 54
85 142
195 199
33 116
191 227
251 298
53 300
45 161
187 278
215 275
7 285
44 49
202 229
3 218
161 269
204 253
4 19
59 145
124 251
2 76
259 286
50 67
33 151
85 108
74 97
23 186
44 55
215 263
26 195
74 208
170 205
271 290
25 215
26 288
170 266
87 254
3 200
51 148
102 283
180 289
107 193
34 62
47 50
81 162
199 234
91 164
186 187
36 154
56 269
181 231
3 174
92 105
54 71
68 231
215 262
1 227
170 201
16 237
42 134
113 298
249 287
14 70
172 231
214 216
120 173
186 224
160 295
28 57
223 263
28 134
160 269
186 279
203 272
21 183
122 124
225 229
46 75
30 145
191 249
64 134
108 153
183 295
12 261
16 26
9 22
176 240
196 253
17 58
186 272
120 174
256 290
95 130
117 278
7 194
89 240
15 93
190 221
201 215
88 205
113 132
13 233
37 68
58 73
200 237
4 95
267 286
230 278
79 190
65 139
126 199
156 161
197 251
97 130
106 193
47 48
26 179
102 201
43 48
79 153
142 148
120 240
255 263
66 68
36 146
197 295
15 76
130 146
23 26
7 116
136 211
250 271
204 237
131 233
105 223
207 281
117 185
70 285
99 170
114 132
136 146
103 146
199 214
259 263
115 204
140 146
156 217
143 146
38 103
6 114
103 224
76 115
113 116
40 45
163 285
196 217
62 63
7 151
1 115
102 140
56 130
61 129
99 163
60 154
208 297
80 144
148 167
38 130
41 59
188 192
86 120
166 217
11 91
180 186
186 268
243 298
74 283
130 232
115 244
3 235
170 186
10 185
169 183
91 219
12 47
173 221
216 241
17 244
9 236
125 127
204 250
227 292
210 263
161 162
89 290
181 197
3 99
191 215
95 276
170 264
176 180
134 138
4 79
125 199
15 205
115 298
10 274
267 278
172 197
88 252
68 161
188 204
257 260
48 157
78 117
157 278
40 47
3 214
189 229
28 74
190 244
171 267
160 189
76 161
79 112
94 96
59 143
81 83
124 276
25 198
83 138
188 205
8 116
65 162
258 290
116 209
102 236
194 208
16 75
136 199
249 266
197 238
164 173
207 236
63 150
39 151
104 133
134 236
206 216
107 246
143 199
240 273
79 297
78 98
8 114
186 206
97 251
16 248
28 29
197 218
106 115
117 196
50 70
208 225
74 199
216 218
12 28
263 268
1 70
180 287
104 200
43 70
159 267
9 227
129 224
97 118
105 229
50 190
84 262
133 158
12 16
46 59
268 299
253 264
190 289
173 181
253 281
208 284
71 138
173 255
183 290
191 267
218 263
28 190
67 145
156 197
126 300
99 221
31 48
115 238
134 158
15 196
3 22
34 244
84 99
146 152
59 139
173 244
16 211
68 94
160 202
13 173
3 228
1 269
124 133
230 283
172 298
11 74
173 191
117 150
170 254
281 285
173 265
72 103
171 285
164 190
181 207
101 286
76 231
3 5
240 284
59 135
146 154
182 197
4 240
103 202
220 256
147 148
188 202
173 197
62 285
186 221
21 267
108 133
125 222
116 123
4 15
12 35
20 183
135 144
229 242
34 44
166 227
131 214
47 186
44 109
225 240
31 33
33 53
139 236
40 74
61 123
231 243
246 286
229 269
115 299
8 292
34 87
17 41
267 294
194 216
280 299
70 149
82 103
99 278
173 223
103 114
102 147
66 143
18 193
3 288
24 248
173 289
55 63
102 182
133 291
194 283
110 156
112 114
150 211
21 151
99 123
190 228
127 195
8 77
145 175
33 48
87 280
196 283
93 95
42 62
256 294
7 203
13 227
161 194
199 207
65 142
68 69
198 216
190 211
141 251
76 256
5 221
8 290
148 153
216 247
177 216
3 167
9 225
17 131
174 265
44 260
237 277
59 162
250 253
28 43
19 297
130 133
20 104
3 186
170 288
147 170
233 283
33 162
10 113
125 143
83 100
80 95
229 275
34 122
88 101
7 199
174 287
76 82
104 249
284 285
106 244
53 71
183 293
11 197
171 249
133 143
130 300
203 256
194 199
183 268
88 213
11 249
98 224
192 211
23 172
67 129
197 214
170 204
159 247
183 223
9 115
24 90
231 235
181 298
88 175
190 223
190 231
87 88
39 144
131 140
56 139
62 151
231 279
219 285
36 64
42 141
130 208
47 214
131 186
234 263
22 189
206 227
68 77
131 238
231 258
211 242
84 124
19 94
231 272
57 70
46 58
212 286
105 112
256 268
112 188
87 118
84 113
7 170
40 134
94 216
19 201
68 134
3 61
264 299
87 229
155 199
7 29
24 285
35 186
170 194
47 51
119 229
138 157
22 195
16 153
23 170
253 290
216 288
263 276
198 286
198 267
180 185
163 186
260 289
23 179
126 236
208 289
21 215
11 12
102 285
207 230
43 68
8 82
182 199
9 224
108 112
121 299
112 147
196 208
191 207
209 264
244 283
76 282
116 142
5 185
13 260
55 180
122 283
190 264
39 60
85 145
52 269
102 231
61 80
164 186
173 272
88 111
128 240
39 70
202 227
83 265
1 208
81 185
177 215
20 26
42 158
8 107
208 231
147 221
234 250
186 276
188 190
135 211
4 68
73 129
246 276
253 279
124 126
113 250
222 246
7 32
227 238
215 217
248 252
137 199
91 98
55 121
113 163
127 221
96 100
237 270
211 284
59 248
4 113
139 206
133 300
178 183
207 243
89 153
50 299
18 205
229 279
16 273
143 148
37 156
77 89
249 289
77 88
3 33
197 226
131 152
205 278
199 272
82 96
40 137
101 134
31 134
113 164
27 204
12 147
183 294
208 269
179 256
193 207
108 146
227 286
130 148
186 200
19 194
83 117
17 129
59 126
66 155
3 219
152 256
298 300
52 122
45 53
75 91
79 98
9 12
283 287
101 121
89 180
68 81
7 221
83 101
190 219
134 273
26 276
57 71
145 293
90 104
70 146
194 268
90 195
58 116
168 229
119 172
189 207
215 274
12 148
173 236
293 300
4 186
47 256
17 29
164 260
130 147
11 62
4 8
173 193
105 222
180 227
73 222
209 263
240 265
160 263
170 269
144 152
36 85
173 214
183 228
143 147
246 267
80 290
222 264
27 115
83 114
160 299
17 53
7 276
103 107
45 58
79 89
177 250
16 25
170 252
118 290
167 217
55 90
68 82
12 233
196 216
88 167
73 113
119 205
254 285
1 283
119 248
88 100
37 55
231 283
107 160
44 46
91 214
131 235
215 242
186 270
99 111
46 47
32 128
229 256
192 240
17 211
215 243
212 248
60 144
151 161
56 180
124 130
3 7
130 243
178 273
55 160
34 95
65 283
188 201
16 19
182 208
200 248
25 102
84 120
199 243
157 162
225 249
176 299
195 222
13 232
180 212
114 118
183 193
10 238
127 146
200 249
22 147
94 103
4 9
61 124
41 46
43 59
74 115
137 300
132 138
56 151
185 286
174 194
78 86
86 148
45 81
115 172
3 272
76 90
84 97
128 170
150 162
222 231
133 199
152 264
186 265
208 287
190 290
114 128
165 227
246 250
67 162
281 296
190 273
14 292
2 87
78 294
218 298
126 162
122 225
28 189
39 69
68 91
86 159
98 296
69 116
16 17
85 260
132 273
87 223
215 299
85 256
98 196
127 256
54 144
114 115
26 175
37 73
116 300
29 62
243 283
163 290
139 199
65 126
2 138
208 235
250 267
49 60
152 170
160 181
123 222
268 298
116 125
167 240
98 108
95 174
20 186
120 130
214 229
217 289
27 227
199 293
131 133
211 244
249 276
76 94
54 154
148 276
15 249
201 217
112 298
133 249
197 275
25 244
43 60
279 286
208 213
88 118
109 132
1 232
157 296
183 242
76 248
6 213
201 237
188 284
97 112
222 256
209 256
2 119
291 300
5 250
170 219
160 224
133 142
94 240
125 151
273 293
103 191
3 161
152 238
161 293
103 211
119 151
236 286
37 84
79 84
38 74
22 213
244 248
131 272
147 156
18 70
267 270
121 250
148 182
36 139
183 192
96 103
151 154
72 117
77 83
8 49
6 62
160 191
16 297
216 270
102 238
19 256
9 188
32 55
65 293
13 216
260 284
51 55
190 252
4 256
207 233
30 70
119 132
65 69
200 215
82 210
184 258
24 238
10 59
21 248
227 233
243 300
141 209
252 253
223 248
16 219
166 173
105 263
228 240
66 146
46 190
12 63
263 289
139 151
9 282
108 278
183 265
7 181
16 269
16 115
168 170
26 223
64 143
73 162
22 70
193 248
28 44
74 99
41 45
142 269
209 253
55 72
103 144
197 235
3 15
235 283
186 217
69 269
40 81
7 244
269 299
111 290
250 280
169 256
83 98
130 155
1 132
236 278
16 285
121 221
193 250
65 121
63 68
65 253
173 192
89 97
208 234
68 173
28 186
26 188
185 253
213 250
71 146
85 189
11 273
1 210
146 283
205 207
64 70
14 66
47 52
105 244
263 272
95 262
110 178
134 221
98 288
24 276
186 266
88 120
71 126
97 117
71 89
215 257
231 274
93 186
261 285
264 283
36 41
91 251
6 87
12 65
145 221
153 204
99 260
90 95
128 236
141 267
179 290
7 215
59 276
16 22
73 156
14 294
171 207
152 215
227 244
36 74
68 237
74 137
244 260
113 117
79 275
136 156
23 54
13 17
11 248
4 20
121 138
63 73
24 200
240 267
4 12
165 267
148 268
183 186
80 102
6 148
29 56
6 283
169 173
123 133
63 136
135 269
116 147
161 225
9 100
90 260
216 245
119 190
122 269
195 283
46 64
250 272
126 269
165 173
76 91
134 162
85 114
172 286
26 103
219 250
101 116
173 262
127 246
72 150
6 204
190 233
207 252
84 281
205 211
38 267
62 103
123 296
194 253
197 241
212 217
69 122
120 235
229 232
2 181
199 222
13 48
234 283
197 210
18 242
55 267
227 274
3 236
77 148
13 121
125 264
2 141
59 272
116 158
11 17
176 285
79 150
118 189
115 216
59 222
132 295
99 200
277 288
133 151
180 268
88 220
102 250
34 60
177 208
71 74
42 159
93 290
78 92
46 57
15 189
97 262
142 151
142 146
123 148
152 205
86 119
34 46
170 217
210 249
25 161
50 58
131 278
84 228
119 160
15 225
149 174
222 290
139 260
10 215
87 221
139 256
34 73
69 159
18 233
176 253
38 67
92 103
2 161
227 242
197 262
50 162
219 227
236 283
144 159
106 184
13 287
101 132
32 135
174 240
23 173
144 148
42 52
36 134
104 160
107 174
157 236
233 298
126 238
42 180
12 13
11 19
159 250
215 238
217 227
74 166
36 66
18 85
7 274
170 250
200 285
220 263
160 236
20 72
8 186
180 229
28 297
32 45
229 298
181 217
192 249
174 190
26 121
208 263
88 181
89 239
89 162
73 248
95 116
145 222
103 105
91 212
110 281
248 289
114 266
250 265
66 70
8 110
178 297
2 209
53 68
77 93
107 111
92 109
77 125
7 12
10 47
207 241
54 160
34 129
260 282
125 269
41 152
217 273
115 278
133 224
142 160
12 194
49 70
7 242
6 291
55 190
17 173
87 181
84 114
3 87
171 296
107 173
133 135
89 104
108 174
29 68
48 51
81 105
167 215
26 120
15 39
178 215
117 122
184 289
237 275
172 260
231 266
25 156
229 283
38 72
223 250
146 185
148 253
21 278
87 219
70 71
199 279
223 249
84 106
101 186
154 195
124 131
29 139
190 236
36 58
18 141
41 211
182 263
185 283
199 237
264 267
21 247
1 156
110 113
188 213
206 207
88 115
96 116
34 134
41 155
200 286
179 267
17 92
79 90
28 64
198 264
25 185
251 292
100 119
263 265
98 104
235 253
201 290
137 151
117 251
230 256
59 160
33 75
173 238
119 241
20 61
136 267
146 296
147 288
25 274
84 151
292 299
189 267
50 66
240 290
237 273
101 207
115 291
180 223
98 217
9 165
18 244
99 132
88 247
30 137
263 271
29 60
170 281
36 149
221 250
121 193
197 239
184 207
27 194
80 185
9 169
9 15
110 154
5 253
234 260
181 278
177 199
185 199
18 169
164 237
44 56
59 146
4 198
7 208
64 222
10 269
11 216
259 298
16 170
30 134
83 84
167 173
49 155
216 219
121 223
89 273
80 94
152 166
13 89
147 207
83 240
114 125
44 50
126 180
224 240
10 261
93 299
111 256
40 70
50 148
186 225
44 75
249 259
203 278
65 227
186 258
161 235
89 217
195 216
80 92
7 261
31 83
285 295
147 155
137 269
203 283
184 186
173 278
186 278
190 232
7 196
213 231
151 217
12 292
190 238
77 111
63 272
232 250
7 176
230 231
5 78
94 188
25 58
172 267
12 244
133 202
250 254
149 240
217 236
60 156
100 235
98 258
126 153
248 255
140 211
169 240
134 159
68 263
44 57
41 50
100 115
217 250
85 125
79 117
249 288
164 283
77 132
238 267
86 209
45 132
89 250
93 114
34 74
89 124
3 208
83 131
31 73
156 299
169 215
121 148
77 92
39 50
21 216
160 217
155 156
198 249
103 291
63 142
34 136
32 83
196 199
66 135
1 4
174 233
237 300
5 17
76 116
115 222
134 148
9 230
47 208
48 300
92 102
27 201
180 198
21 238
8 22
116 149
182 216
173 282
185 250
197 259
278 290
3 68
93 135
47 285
90 223
66 148
215 293
69 131
72 136
91 196
79 279
171 197
143 144
202 283
278 299
168 216
2 236
234 267
210 267
208 237
106 246
279 285
42 54
73 139
7 283
281 286
24 173
272 286
90 97
91 93
20 277
130 144
150 180
113 291
219 286
57 83
247 253
125 160
121 185
160 223
172 216
20 36
41 44
209 248
173 196
44 115
138 209
26 170
59 183
170 196
44 144
68 73
139 179
165 231
34 267
16 263
203 208
82 84
190 204
180 279
23 285
210 256
8 115
9 298
215 297
197 261
208 272
88 246
9 252
122 264
170 248
187 267
99 266
38 156
211 235
65 146
40 48
25 233
27 297
33 147
237 245
73 122
12 284
190 241
17 136
103 225
274 286
131 300
81 108
3 12
193 249
60 269
18 123
164 208
58 131
22 283
116 156
205 253
145 246
215 219
186 230
205 298
43 156
98 174
180 192
236 250
18 228
103 176
182 267
206 215
159 160
101 221
24 288
260 285
198 199
13 170
121 217
174 197
133 157
33 186
152 240
122 199
82 111
227 255
212 231
82 233
25 95
2 238
47 69
59 170
12 68
44 70
231 259
2 186
39 59
190 270
121 177
82 163
21 245
95 211
217 222
30 42
113 259
2 140
109 114
53 59
34 149
160 216
217 299
16 99
34 269
43 44
168 296
231 277
131 215
41 123
97 211
154 231
243 278
138 278
116 154
155 238
4 173
72 149
8 108
4 17
43 162
256 289
261 286
67 139
190 212
107 256
170 262
111 119
219 283
80 244
119 290
28 138
153 269
40 150
179 190
114 154
109 276
34 137
77 118
3 295
195 256
240 251
169 229
272 283
51 123
108 129
19 183
154 284
7 286
188 278
52 151
97 110
206 237
183 238
138 186
148 256
148 189
216 273
167 229
96 189
190 266
82 147
4 207
202 267
34 213
155 184
80 90
128 138
157 269
82 260
199 287
212 256
188 193
183 226
154 260
205 267
40 56
172 263
229 266
7 213
156 190
173 222
139 144
189 256
184 194
245 278
160 239
160 162
167 188
212 253
22 208
44 99
115 120
15 75
214 267
23 184
23 257
89 300
12 199
104 112
83 95
67 124
175 197
79 211
190 229
90 179
87 272
79 267
132 248
1 94
32 148
218 229
76 101
59 144
102 242
151 158
188 239
2 228
66 122
50 64
5 11
10 23
122 146
23 275
163 249
62 73
6 215
144 155
26 88
231 251
181 292
23 59
72 155
206 249
70 138
109 119
199 246
139 184
80 82
20 297
127 193
195 231
132 134
13 186
23 72
35 53
59 155
109 192
95 229
70 227
108 283
191 216
34 114
91 115
59 67
184 260
12 173
11 86
185 263
249 277
78 96
152 249
94 160
72 73
106 189
114 285
105 159
250 255
165 290
44 58
26 87
190 239
162 190
3 227
46 51
82 241
172 250
210 237
33 65
55 66
216 228
60 72
189 231
58 69
119 216
75 103
174 299
16 294
170 292
3 165
30 143
154 269
134 139
39 65
186 275
227 236
6 244
2 223
28 62
9 104
86 132
151 222
124 148
124 185
31 60
11 186
167 231
4 16
3 246
80 93
181 286
186 242
215 270
58 151
216 223
112 122
80 133
188 217
99 149
186 235
217 283
232 278
166 249
160 290
111 229
25 117
134 175
105 276
186 190
248 299
59 68
34 150
36 116
30 44
79 81
119 159
133 264
62 272
133 256
205 260
45 162
12 146
170 225
25 121
36 39
103 174
102 110
217 278
10 102
152 218
93 251
72 74
217 268
92 262
76 114
43 135
1 194
125 136
217 282
8 187
86 203
256 300
204 260
202 278
283 299
105 256
139 267
65 256
173 224
29 80
241 283
32 50
15 216
4 273
156 227
180 195
59 189
165 240
30 36
215 290
145 195
88 209
183 232
146 157
108 140
135 151
4 131
209 260
229 288
102 112
56 121
4 23
114 215
196 267
205 231
225 278
223 267
12 54
6 102
195 197
153 272
143 224
4 283
160 186
269 285
216 269
12 274
40 129
65 144
7 108
139 177
20 238
224 250
3 171
88 171
80 81
15 67
115 267
250 281
99 116
205 285
156 170
196 207
193 267
29 128
147 162
64 144
2 276
59 73
143 151
156 206
59 204
190 274
83 288
213 229
123 131
169 198
282 286
190 202
110 216
130 141
31 50
133 211
11 171
115 173
253 294
194 260
28 103
65 155
7 56
174 179
104 110
183 288
34 115
190 254
43 143
44 152
96 161
160 267
227 239
162 227
62 253
47 299
170 270
18 124
7 209
240 266
164 256
122 155
253 277
94 291
81 220
88 289
89 215
34 223
186 196
217 232
186 193
46 66
232 240
20 211
111 193
24 89
144 297
24 294
134 202
25 211
20 122
187 297
100 271
8 14
115 210
49 137
72 134
58 80
73 161
133 167
64 247
68 269
256 273
186 223
222 272
16 100
104 262
190 250
77 85
6 253
94 116
59 124
1 8
147 216
8 80
105 260
1 3
136 148
27 233
254 278
1 189
126 135
48 103
134 135
33 117
86 125
230 237
246 285
33 269
122 133
80 112
76 300
171 298
22 231
41 149
36 144
59 194
121 184
59 216
207 267
205 216
8 109
46 148
214 250
119 227
234 290
9 289
186 277
7 72
177 207
119 264
8 179
104 119
114 150
63 158
79 286
1 298
23 35
23 287
46 70
9 21
15 251
227 234
27 215
189 290
262 285
134 184
44 64
10 62
117 141
42 57
13 167
163 263
222 278
12 82
126 152
59 256
42 272
12 154
41 69
190 235
229 255
48 299
256 275
190 225
9 216
32 155
166 174
84 156
138 154
106 203
35 146
66 73
195 290
153 196
130 236
219 260
51 65
250 261
152 276
25 272
242 260
115 213
7 188
8 178
175 229
9 265
6 47
25 256
99 185
84 181
79 236
35 40
246 260
87 114
242 290
88 275
188 233
238 286
18 75
39 46
11 290
232 286
131 146
118 223
217 241
197 212
19 286
10 232
61 74
114 116
105 184
217 218
88 241
165 250
161 295
69 139
170 258
249 253
99 214
235 285
139 160
6 199
130 278
40 131
13 174
7 233
3 266
9 181
44 74
207 255
227 262
33 127
180 245
11 184
18 49
44 240
40 124
12 201
67 71
121 188
87 291
134 293
68 87
183 207
154 221
100 111
231 257
177 211
13 14
272 285
115 233
176 231
7 230
99 250
30 157
76 87
162 243
208 252
163 174
157 222
197 203
180 258
9 186
153 205
15 238
226 240
59 153
89 195
211 276
156 236
94 259
24 245
128 130
24 107
3 206
88 206
6 16
155 269
267 273
115 119
12 200
59 215
23 251
217 284
242 253
83 226
216 251
92 281
81 91
55 64
206 240
29 135
131 269
152 220
215 265
246 287
208 279
147 217
6 130
292 298
38 122
3 270
45 64
235 297
86 100
193 290
130 274
83 211
76 199
170 232
217 260
26 229
210 260
77 173
3 294
186 205
190 200
137 211
11 20
4 248
106 145
185 249
122 196
134 229
