heur051_n_300_m_20122
9 221
206 291
116 127
193 195
226 266
21 224
81 180
240 257
185 266
156 258
2 114
184 291
238 240
220 236
120 270
156 232
278 292
88 184
68 297
174 201
100 109
183 251
224 299
54 192
176 264
153 285
108 284
51 61
187 254
60 220
55 95
189 193
97 224
84 103
160 262
100 125
55 141
283 292
94 140
84 140
52 66
278 287
241 278
145 215
181 192
164 266
195 221
177 186
50 300
186 247
182 238
143 176
157 262
177 241
199 221
33 260
184 210
31 234
19 99
6 74
119 192
30 62
53 229
205 259
176 189
22 112
8 224
148 249
91 186
109 280
160 200
269 273
224 225
186 213
102 300
145 163
172 269
99 206
141 288
270 283
119 298
67 289
150 214
112 195
233 269
143 275
157 201
2 33
46 186
232 266
177 212
4 176
184 247
167 225
30 56
63 268
139 272
255 266
214 257
18 33
112 251
59 101
66 292
273 277
10 220
97 119
218 219
214 265
106 120
79 187
34 120
35 96
95 142
184 213
10 19
166 240
223 245
207 208
95 133
47 220
36 59
84 273
154 283
112 135
117 157
135 187
113 139
15 59
179 221
75 141
153 171
163 248
162 217
217 239
124 139
117 139
221 232
184 286
290 291
173 253
58 99
174 236
220 238
3 195
24 66
16 95
171 195
109 220
105 298
58 107
206 247
33 111
169 237
99 141
148 260
177 260
285 297
116 141
127 282
182 264
50 288
103 229
25 237
7 186
35 104
138 280
162 174
174 239
170 189
156 181
95 299
74 131
237 242
83 275
28 192
64 270
61 141
30 99
156 283
12 20
12 107
203 284
59 83
95 143
293 294
176 238
215 226
138 213
260 265
201 247
168 260
13 19
59 84
22 187
296 299
176 249
164 229
58 142
13 84
19 270
233 246
280 282
42 220
184 208
86 139
170 195
74 279
76 120
247 266
205 225
170 206
204 242
162 205
178 220
89 186
205 239
200 243
204 243
55 172
33 61
24 104
102 206
4 270
163 176
95 135
155 260
54 59
51 124
111 184
108 141
212 287
2 271
49 284
16 104
214 221
161 229
42 176
261 264
283 285
189 202
33 177
158 252
55 247
83 120
181 266
39 289
229 245
199 289
116 187
125 221
182 219
99 198
35 43
70 141
215 248
33 136
18 110
217 252
216 266
19 126
120 224
175 205
183 201
43 66
273 299
93 94
132 192
48 74
33 54
187 214
13 18
78 176
33 213
6 154
220 228
96 224
163 245
66 185
172 178
165 260
151 187
180 247
168 215
67 221
136 187
88 139
55 128
192 250
171 284
35 39
27 186
212 267
49 94
152 208
168 266
265 266
12 268
184 267
126 221
268 281
36 237
50 127
89 224
5 176
64 295
35 76
187 235
249 262
148 232
183 200
69 232
15 72
148 238
180 240
112 115
84 138
50 282
154 277
208 260
159 266
174 259
37 220
58 83
147 180
105 299
43 120
72 274
173 203
199 285
276 287
62 280
97 132
161 190
22 221
182 249
85 237
55 291
80 97
37 143
220 230
100 270
144 237
52 55
47 97
4 58
2 288
159 180
172 238
180 182
21 294
30 49
186 197
40 285
47 127
220 231
54 260
169 223
155 165
182 187
29 242
168 180
13 139
180 265
12 77
186 189
199 228
215 247
33 207
118 141
59 270
18 88
184 216
66 91
47 300
112 204
58 65
176 247
188 230
220 232
65 84
58 60
32 243
215 258
2 9
179 186
152 176
35 106
35 69
148 180
32 242
196 212
30 127
79 289
51 94
127 130
224 268
87 184
173 211
44 72
105 237
209 245
186 264
33 293
258 285
155 261
95 125
150 152
87 120
90 176
35 282
81 284
228 263
58 298
15 19
71 120
80 186
33 263
127 143
219 266
27 97
85 154
114 221
254 259
70 74
188 224
69 289
22 127
77 237
156 238
163 205
107 115
93 291
43 221
170 282
174 223
220 264
88 104
15 51
133 270
74 75
51 74
18 201
12 78
176 225
6 186
30 89
270 297
196 222
208 238
204 211
158 293
155 214
252 284
121 139
185 264
33 92
163 216
15 95
191 240
66 92
92 184
153 247
53 298
98 112
147 215
9 176
82 141
242 251
161 202
62 297
243 251
162 191
191 239
170 182
47 237
58 114
154 248
1 186
59 81
53 97
103 154
173 231
2 294
186 231
185 229
33 35
18 68
68 120
207 221
73 115
101 111
158 184
212 283
285 300
24 97
180 262
51 125
231 281
185 212
197 220
75 94
166 246
152 237
106 141
23 280
22 289
192 225
151 209
195 220
130 206
110 229
12 17
102 176
179 237
192 219
193 204
118 234
18 137
187 203
77 186
269 272
52 127
56 100
200 255
199 260
33 277
237 264
184 231
149 223
18 81
236 260
41 55
10 95
10 297
153 254
71 180
42 224
219 220
143 206
181 182
112 234
62 291
154 224
152 204
26 33
64 94
17 279
125 244
146 209
151 195
2 36
112 126
7 74
189 260
99 218
181 229
55 65
12 269
274 285
222 267
162 254
239 254
190 195
97 276
177 222
167 175
250 262
59 111
189 237
30 267
155 293
288 295
189 219
184 227
7 154
55 109
93 176
150 207
34 55
156 160
139 292
212 237
161 267
41 297
181 240
152 185
79 221
173 256
147 161
72 111
33 281
84 122
154 169
206 256
20 84
16 58
23 154
38 186
51 102
225 291
47 187
24 59
201 227
207 209
66 133
155 201
12 137
119 300
51 134
51 126
59 85
195 237
248 285
53 187
184 242
55 133
92 220
74 122
99 100
220 249
50 192
176 218
9 19
188 206
213 294
100 185
116 294
261 267
107 237
160 165
274 291
30 180
95 109
60 221
131 220
59 92
26 192
13 184
237 289
2 98
57 289
272 289
65 74
51 121
233 236
8 18
225 232
223 231
195 255
120 176
182 221
100 143
47 260
7 206
189 249
139 180
200 258
163 260
173 243
40 120
173 242
82 192
135 300
207 251
50 97
192 207
87 139
18 129
214 219
133 283
277 286
237 268
180 191
48 186
199 277
57 192
18 83
232 233
282 291
255 265
28 72
69 267
72 122
13 206
154 242
200 229
30 110
184 262
1 280
202 214
86 213
63 154
103 187
252 255
248 254
146 214
146 180
203 237
156 167
27 104
132 180
84 121
146 153
163 227
8 19
33 248
169 200
99 186
55 100
179 246
187 294
54 94
20 187
30 142
21 66
6 220
261 269
62 120
180 254
112 136
125 172
50 224
277 283
166 260
29 289
175 210
112 140
151 214
213 225
163 287
12 33
47 273
59 132
94 118
23 180
7 112
191 211
160 293
185 201
15 224
114 186
155 204
230 266
67 224
18 283
92 104
60 74
237 294
146 182
277 278
99 153
74 113
115 164
156 194
12 85
53 139
178 262
41 192
227 285
115 192
41 287
150 224
243 281
152 189
12 135
13 55
158 289
144 192
10 186
23 120
39 139
127 171
282 289
159 240
31 229
138 284
33 38
50 186
150 266
158 195
161 217
5 19
208 256
120 273
63 72
207 287
186 203
228 255
114 288
152 195
30 279
115 289
159 162
159 239
154 172
29 84
2 91
51 81
69 84
175 267
50 115
2 93
18 91
136 229
185 223
55 129
12 61
99 243
19 78
208 254
127 154
152 251
2 57
161 167
175 257
126 176
74 106
235 281
83 192
216 240
185 258
72 75
39 115
166 241
28 59
112 133
238 277
56 120
65 260
211 277
8 55
266 272
169 182
150 229
250 252
110 180
185 282
71 297
82 104
53 127
40 284
162 216
216 239
165 219
288 291
278 298
104 286
24 127
132 141
111 114
156 230
70 192
183 220
99 178
3 187
78 224
151 192
224 236
41 139
18 140
137 284
206 233
4 51
207 223
269 282
184 225
224 289
65 72
52 97
11 18
158 228
94 106
162 234
234 239
39 192
177 290
114 220
3 252
13 289
138 237
167 204
36 208
51 86
43 192
169 214
46 74
240 242
262 283
172 272
284 297
40 224
217 228
86 163
41 112
7 18
146 161
148 267
187 212
185 285
209 231
141 185
174 222
199 252
163 219
243 288
61 270
30 297
186 250
96 237
33 89
148 219
248 262
168 175
242 288
160 173
161 221
122 280
35 80
76 111
242 261
18 87
152 277
95 287
39 74
283 291
233 251
212 257
243 261
247 262
149 221
180 248
269 288
151 215
65 280
289 294
58 67
193 266
104 140
40 100
15 58
223 232
35 57
154 207
59 90
66 286
9 260
20 278
168 222
63 267
99 192
203 291
98 139
92 237
129 298
172 207
17 19
144 222
49 112
230 261
26 72
80 84
29 66
56 220
139 281
39 94
36 252
28 33
194 222
283 297
94 130
121 286
4 97
125 291
244 277
3 162
172 177
184 270
166 180
171 209
158 185
60 280
59 268
46 283
73 221
165 245
129 141
35 135
164 222
94 143
154 163
206 223
15 221
99 115
161 181
149 201
74 138
1 30
203 297
157 276
199 223
92 97
261 287
151 252
85 289
32 120
139 143
74 130
98 186
22 260
53 72
215 245
69 185
179 259
82 112
170 293
9 72
81 104
224 251
21 141
122 284
39 297
62 112
199 297
99 155
211 212
269 278
188 232
20 260
50 286
223 247
150 254
201 226
35 97
139 185
74 143
109 229
99 139
146 184
174 277
206 258
119 237
75 280
61 269
33 66
154 165
105 278
156 186
181 187
1 120
104 105
170 222
198 209
289 292
185 278
216 229
176 230
161 179
270 293
178 281
99 144
285 294
200 226
138 283
26 100
147 277
33 181
35 54
50 180
152 161
178 186
122 224
138 282
27 72
146 223
194 215
127 131
25 284
19 69
160 187
105 186
49 237
191 262
186 218
2 274
29 59
220 261
66 112
210 215
16 97
59 280
119 139
144 240
231 254
269 274
215 272
188 199
190 262
42 221
75 260
158 262
154 285
1 284
201 272
167 192
40 237
159 268
28 104
112 265
94 98
20 241
200 210
178 240
184 199
169 192
129 176
92 186
116 260
200 230
1 260
148 245
158 277
96 112
160 266
18 23
187 215
30 76
118 265
19 96
207 212
153 206
19 79
98 213
49 104
213 290
77 298
40 187
101 260
153 157
112 283
26 74
192 194
181 237
1 184
125 270
169 204
41 237
205 251
158 281
170 175
254 260
221 238
153 164
210 261
112 138
72 80
112 223
192 196
117 284
165 177
184 205
184 266
149 180
162 264
239 264
180 263
47 104
255 262
120 124
168 237
275 283
124 220
174 268
153 263
18 272
76 184
145 261
177 266
221 222
282 292
57 154
66 123
246 253
7 284
26 94
26 186
178 266
83 180
3 104
169 185
181 185
180 202
11 58
33 95
191 237
18 35
43 171
99 195
148 151
214 233
256 285
94 102
144 161
228 247
189 205
61 84
193 225
35 44
29 72
72 79
228 248
169 269
97 124
2 88
154 289
164 176
197 260
89 95
154 201
65 224
64 192
145 182
198 293
201 277
26 127
19 43
77 286
19 56
178 260
21 55
175 220
17 280
68 74
93 139
94 107
232 288
58 108
84 135
195 210
55 85
33 240
42 270
182 253
74 102
30 60
184 228
193 258
143 298
273 286
196 269
22 59
219 267
286 290
154 189
283 289
11 275
30 73
19 76
153 229
30 105
21 139
231 262
22 72
234 266
186 257
6 95
190 201
189 210
58 103
172 283
226 228
19 291
184 251
30 61
231 285
185 209
51 97
185 222
18 46
157 251
118 289
92 127
32 58
131 176
213 295
206 251
161 250
221 267
16 220
251 267
4 237
224 252
84 224
187 242
8 84
111 164
53 184
197 208
18 298
166 281
165 179
89 281
160 222
177 204
48 280
56 95
155 208
83 141
9 84
37 237
46 224
129 252
173 174
33 44
208 211
9 58
285 289
18 37
21 186
131 260
176 248
160 221
278 291
78 184
119 270
211 263
95 110
50 51
33 115
209 217
33 41
212 229
44 187
205 229
238 281
206 264
101 224
193 291
161 242
55 116
88 286
173 217
1 139
43 55
63 281
116 139
84 105
209 237
222 237
74 101
31 74
69 187
157 284
165 180
148 207
201 256
166 228
269 283
282 285
149 156
204 229
233 260
39 66
94 112
220 248
12 62
185 245
200 216
187 198
168 186
51 114
41 141
208 248
186 191
2 131
204 254
189 206
275 296
12 128
140 289
84 118
193 262
283 288
166 223
183 246
200 265
39 120
139 298
38 237
200 205
155 180
32 139
148 186
277 292
63 221
48 66
33 49
31 94
171 186
179 236
59 224
159 200
104 271
77 94
68 112
252 268
10 12
3 51
188 242
12 34
19 68
63 187
179 207
119 260
222 227
35 83
46 120
18 119
184 218
193 275
215 230
126 280
58 64
180 183
106 139
100 124
171 228
72 91
67 284
170 267
251 260
163 178
100 113
267 268
149 162
50 104
149 239
94 292
49 141
27 180
201 231
12 133
68 221
180 214
201 218
25 104
182 248
171 220
179 208
59 91
144 187
215 231
200 247
187 196
30 47
63 294
124 187
55 77
22 280
12 117
43 94
59 103
160 225
54 298
152 252
148 211
218 266
289 295
105 286
30 107
154 254
181 236
41 221
33 124
254 277
74 111
2 6
223 244
182 283
215 232
26 66
167 237
40 192
221 247
12 87
59 115
115 286
113 280
125 242
73 111
150 165
171 176
20 270
176 181
74 90
20 139
107 139
15 112
180 261
2 109
83 284
4 94
219 259
182 211
226 229
3 242
42 260
172 253
150 206
147 184
29 94
100 112
165 207
26 141
148 152
39 221
153 207
222 234
104 127
33 109
127 176
206 253
3 157
182 226
188 198
179 185
158 172
184 234
49 120
35 73
112 262
248 261
42 284
206 255
176 183
79 120
145 172
180 231
149 251
33 96
91 297
190 206
59 76
153 177
176 197
215 264
17 284
40 66
179 252
154 196
189 213
128 186
102 141
66 113
155 236
208 243
151 162
158 188
151 239
172 198
51 104
224 267
34 260
99 263
190 283
38 154
180 259
108 226
174 192
180 241
2 90
72 299
147 220
163 181
188 257
162 249
239 249
51 79
94 289
2 121
201 234
62 286
55 207
59 123
165 232
69 127
30 35
164 215
227 277
137 154
224 259
158 223
219 262
147 192
143 289
64 229
163 244
204 227
30 57
221 242
213 289
41 120
226 261
222 250
197 215
12 39
222 224
172 265
168 172
11 95
33 58
272 296
28 176
180 228
176 263
122 221
213 238
146 262
130 289
184 214
180 256
92 192
26 59
195 230
225 297
156 185
82 94
154 212
77 84
165 197
146 175
198 221
74 117
184 298
164 225
97 286
162 237
237 239
18 47
39 206
165 206
144 186
275 287
273 298
127 291
85 224
116 206
6 51
170 246
173 179
34 35
71 154
154 246
111 187
85 112
163 192
221 249
15 33
57 284
152 163
102 224
75 286
197 221
115 280
89 176
226 241
263 287
6 59
218 252
149 241
77 139
82 284
138 141
147 189
67 72
26 30
35 133
112 280
225 255
221 265
138 269
287 296
94 119
16 229
97 271
162 167
167 239
154 262
99 207
198 281
191 251
34 94
126 139
146 176
221 244
10 84
215 249
262 263
148 243
84 275
165 203
28 58
12 84
18 77
135 206
132 184
63 286
210 229
190 208
9 59
159 221
80 139
12 286
81 186
35 271
162 185
12 71
185 239
196 220
62 298
72 137
153 167
12 291
169 225
102 284
181 221
143 294
95 293
25 97
202 260
85 229
19 91
144 252
124 289
180 269
23 176
48 100
135 229
99 204
55 165
273 292
93 289
55 152
180 219
183 206
237 238
17 97
151 261
166 251
213 285
145 187
25 139
189 233
75 221
164 212
104 116
86 175
35 78
92 284
25 120
120 135
154 191
184 209
169 285
142 224
88 154
83 132
18 89
245 285
42 95
177 200
184 252
209 211
82 100
110 220
92 300
165 221
160 208
13 120
200 264
150 252
19 26
241 245
139 271
58 299
104 129
37 184
221 246
209 226
256 277
235 252
103 120
192 201
84 101
185 251
122 180
59 110
55 283
84 107
162 207
207 239
25 186
7 19
30 68
182 213
202 240
162 196
196 239
18 78
156 157
144 209
185 220
81 127
129 186
167 259
100 131
30 75
79 100
19 132
39 270
161 191
187 217
19 279
66 88
100 123
180 264
207 266
192 193
184 191
81 97
253 293
162 230
220 252
25 260
230 239
55 204
12 89
18 27
168 214
14 260
175 178
104 113
40 104
224 288
203 294
145 148
56 186
4 84
177 229
155 209
19 86
4 141
88 187
192 252
58 130
111 176
13 141
12 81
105 176
185 271
60 289
150 246
180 200
73 97
271 295
97 105
118 229
12 142
58 79
127 296
18 107
125 155
50 141
44 95
23 84
201 254
251 287
165 218
167 223
135 180
51 89
144 225
97 115
190 281
2 113
14 72
281 291
289 298
58 135
43 84
236 267
77 97
127 134
189 197
59 78
173 190
185 216
25 295
230 246
3 59
100 128
225 226
214 245
150 193
37 289
203 240
176 267
169 222
189 191
127 133
172 254
103 221
162 267
239 267
77 184
229 258
162 211
211 239
147 237
118 139
185 265
211 225
19 27
145 204
6 100
154 236
89 112
72 109
192 230
141 289
224 283
155 175
19 24
161 255
22 141
106 289
264 277
28 141
177 252
123 284
24 112
159 185
183 215
199 240
173 220
160 285
99 190
18 50
213 272
263 283
137 260
116 192
130 224
207 222
192 231
18 101
105 279
49 97
206 244
2 15
7 260
72 110
19 63
184 233
176 200
66 76
204 210
32 199
37 180
13 33
227 266
106 192
56 260
5 139
100 134
36 94
71 127
248 294
94 137
235 251
55 254
127 128
176 234
158 237
116 289
156 198
30 185
97 291
144 262
33 133
162 220
220 239
121 154
154 259
71 97
75 112
220 235
182 245
156 253
222 249
150 212
208 229
181 225
103 206
147 175
171 277
2 83
210 223
152 258
63 95
51 116
1 51
45 237
153 169
173 267
58 126
99 112
66 137
110 184
174 200
185 240
38 224
153 264
79 237
76 289
166 266
6 284
186 252
45 139
10 30
52 154
74 224
51 273
58 118
82 226
187 209
157 192
227 260
187 222
69 237
132 284
32 164
168 187
156 257
46 127
229 240
94 185
137 297
95 260
68 186
210 252
145 184
165 183
20 295
259 267
113 154
66 106
204 263
40 277
7 297
40 112
156 248
194 259
41 224
145 260
82 184
161 231
179 225
222 283
84 93
216 236
30 88
154 159
176 262
204 256
2 136
97 107
203 270
178 237
80 120
146 172
14 58
166 172
19 285
184 272
40 139
87 186
142 206
67 154
212 255
59 66
25 59
9 33
139 213
103 289
71 275
185 214
200 256
74 89
247 255
24 30
111 260
168 192
199 270
57 186
188 210
52 120
33 72
57 84
77 229
192 203
26 154
94 286
22 55
93 199
11 267
91 220
28 284
6 221
32 176
115 229
131 284
104 130
199 200
48 224
244 254
12 60
145 185
2 61
181 200
166 277
12 119
188 194
79 229
58 102
162 202
202 239
178 208
10 284
97 135
154 199
104 143
185 213
192 227
207 268
148 233
156 203
208 218
140 297
170 221
26 224
200 203
164 201
82 132
51 122
175 243
185 260
272 293
185 194
177 184
68 84
88 284
188 207
175 190
237 252
59 122
271 296
158 241
170 200
223 235
55 262
156 199
109 186
48 154
74 288
241 242
164 200
12 224
150 223
18 130
195 229
189 238
73 154
168 185
59 65
233 252
105 127
7 224
85 100
199 229
66 138
128 187
85 141
222 232
170 212
242 285
159 246
280 290
112 118
174 189
187 230
213 260
81 206
191 241
19 118
165 255
210 251
161 206
250 251
149 281
161 227
14 184
202 208
185 287
290 300
7 192
113 127
83 104
83 176
41 270
100 224
202 221
83 184
184 217
149 186
165 263
167 182
146 212
207 229
246 265
168 269
269 275
78 112
85 186
268 282
55 266
118 282
267 283
5 297
36 186
7 127
101 284
33 187
249 252
97 133
64 139
87 192
152 209
156 171
68 270
2 45
269 287
117 192
216 246
248 293
30 65
34 127
247 277
30 52
175 293
62 139
180 230
229 264
18 122
156 166
161 184
18 28
27 237
34 97
146 156
236 257
100 105
158 260
192 253
176 254
49 72
197 266
227 269
72 83
176 236
49 139
187 252
203 261
285 292
2 129
175 258
74 80
241 273
236 254
161 249
162 245
239 245
34 51
58 111
130 176
176 256
193 201
163 235
175 184
146 266
2 47
251 263
18 254
173 218
145 200
62 127
283 294
71 176
185 267
3 232
229 235
86 284
168 228
259 283
45 187
236 256
35 122
80 280
113 284
35 101
160 218
160 233
144 228
47 58
7 139
198 201
167 208
33 122
12 23
35 108
162 171
171 239
216 252
98 221
76 243
16 55
70 180
14 280
194 252
210 222
125 219
112 200
20 59
34 112
197 252
154 188
25 192
3 30
222 254
213 271
156 270
19 34
157 161
243 259
4 220
51 62
115 139
19 135
219 229
228 256
83 291
196 252
110 192
125 206
117 252
243 294
2 118
270 273
179 268
112 156
87 100
75 157
43 112
55 158
155 228
151 293
151 173
51 130
33 94
150 221
293 296
261 263
198 261
37 104
12 29
199 294
66 289
166 287
221 245
44 94
114 287
126 141
70 97
145 192
43 220
199 266
192 269
51 143
64 297
121 220
169 186
72 81
123 270
193 277
109 270
204 218
4 112
120 180
214 253
166 175
55 99
281 294
2 29
62 284
102 104
44 284
100 133
150 186
271 289
71 260
134 220
159 260
150 281
148 217
33 74
195 202
136 300
200 242
233 249
212 250
59 137
158 240
200 219
100 292
35 68
77 220
123 154
173 258
71 284
189 250
49 267
132 186
53 206
170 228
166 186
31 220
146 186
59 298
198 241
66 125
156 180
195 227
188 285
44 184
260 262
161 230
157 215
253 261
27 187
287 298
232 294
266 283
16 176
225 270
14 139
128 139
179 261
163 226
270 275
146 269
54 72
149 229
12 298
110 270
26 260
30 117
58 93
182 231
170 251
72 185
19 124
81 297
221 289
203 288
105 192
87 104
172 249
147 208
38 95
168 208
59 116
151 221
201 206
227 246
280 291
84 125
241 265
168 241
223 260
20 112
52 280
2 23
68 184
154 179
222 233
218 222
18 25
88 270
186 238
150 225
43 187
165 248
142 270
65 95
98 289
69 120
172 244
159 241
195 211
152 223
122 206
173 186
62 94
92 120
2 26
64 72
172 206
32 185
33 43
149 188
8 192
58 292
239 241
46 141
281 289
3 192
187 234
189 192
177 278
150 176
79 141
115 152
140 206
28 154
109 141
186 195
2 42
167 185
172 219
122 154
34 104
163 232
45 141
67 280
97 126
54 58
64 280
88 224
129 192
142 154
163 254
136 141
231 261
10 104
2 17
205 221
144 195
234 261
67 97
185 189
9 237
159 206
33 134
3 289
188 229
10 58
220 284
66 288
17 186
34 278
296 298
176 194
59 286
12 294
229 250
41 104
177 201
30 71
206 265
18 260
33 83
87 206
59 125
99 127
70 284
185 195
291 293
153 233
32 237
51 111
124 184
268 291
184 196
50 74
165 176
117 184
171 215
232 285
139 286
154 235
182 255
76 293
64 84
208 241
123 186
31 141
93 237
107 220
171 252
101 184
221 241
173 216
28 237
161 192
204 247
162 260
239 260
156 287
163 185
30 280
291 299
112 224
179 281
265 283
12 21
81 298
86 201
279 282
36 51
17 74
172 264
138 260
155 173
154 158
18 105
180 203
34 221
14 284
204 216
156 168
175 264
184 255
45 51
1 237
144 261
37 58
238 266
2 85
291 297
95 291
89 298
164 182
220 268
113 180
126 187
148 283
33 118
40 72
18 41
256 281
218 251
30 40
196 225
72 89
147 176
199 220
159 212
67 187
148 210
206 235
71 224
2 75
134 141
160 192
200 245
90 289
36 127
143 185
156 237
168 173
176 205
2 16
159 204
212 265
55 240
41 51
154 253
123 224
163 283
26 220
74 79
103 192
44 139
183 204
144 214
184 261
149 228
155 229
13 267
170 173
176 201
52 59
91 192
161 169
239 287
201 257
208 257
42 51
94 124
211 215
26 289
282 300
220 234
109 278
20 229
55 68
158 161
151 189
3 285
154 222
48 94
188 254
119 221
30 103
99 219
162 168
168 239
192 202
141 154
106 224
191 258
187 189
198 212
164 220
178 251
166 236
97 294
187 207
60 300
100 138
150 293
172 230
241 250
95 206
178 187
202 262
153 265
77 104
19 125
164 251
160 184
166 176
223 254
17 33
153 191
180 253
56 297
170 241
33 82
97 206
208 265
212 242
153 159
161 180
170 285
129 234
35 268
119 294
50 187
98 220
49 289
202 246
175 185
53 192
139 280
153 181
173 264
26 298
168 285
159 208
17 141
163 187
177 262
171 260
225 256
17 237
185 238
232 260
15 30
144 281
107 242
211 237
151 251
208 210
191 208
146 251
19 109
249 285
183 184
2 268
54 229
276 277
145 165
231 293
24 220
213 262
118 281
7 289
156 158
38 206
180 252
118 186
217 251
192 259
237 293
30 123
45 95
153 185
170 260
58 128
173 227
168 259
196 215
149 195
69 270
191 259
184 256
46 221
64 184
78 237
153 217
35 42
59 142
68 225
112 137
208 220
59 213
171 262
143 186
181 204
82 297
35 82
21 229
209 244
188 264
138 224
158 266
141 272
57 141
255 259
34 141
75 279
40 58
204 248
20 120
31 100
130 186
196 240
232 241
210 266
225 241
115 206
63 269
33 77
181 209
156 159
61 176
173 257
270 278
36 187
110 120
224 280
186 215
283 295
203 238
185 293
160 201
150 173
117 270
169 251
213 222
35 102
33 36
156 265
176 252
71 221
19 140
88 180
114 120
12 114
146 222
268 295
12 279
169 195
293 295
23 141
158 163
226 297
125 284
36 258
18 36
24 35
175 231
39 220
156 216
172 229
210 262
51 72
149 236
56 94
191 283
95 180
3 152
77 112
161 238
149 200
102 139
50 272
170 209
185 230
186 232
49 221
145 153
41 154
201 297
204 221
185 215
191 212
154 280
58 78
32 100
149 176
86 234
145 173
63 66
54 95
186 234
33 91
135 186
255 260
169 246
147 185
192 263
195 224
95 136
13 104
103 127
230 240
133 221
199 224
85 127
162 170
170 239
229 236
112 180
218 246
74 114
192 255
196 266
210 240
33 199
112 121
17 100
52 187
5 59
175 260
188 244
104 135
193 261
229 246
4 35
269 286
218 236
162 265
239 265
43 242
164 204
189 224
52 192
175 234
53 275
32 280
11 141
1 100
23 58
154 197
190 246
19 101
7 280
97 120
235 246
190 269
33 112
156 220
51 85
63 192
168 240
274 296
215 237
38 120
188 249
285 286
165 235
174 237
229 234
70 84
211 269
55 58
203 204
94 114
245 266
106 220
18 34
105 221
38 180
254 296
100 289
205 215
57 220
33 143
29 51
30 115
202 285
169 187
128 192
172 257
78 100
90 284
124 270
154 208
159 281
167 293
3 139
225 234
151 204
60 297
185 279
91 104
226 291
133 206
179 277
212 260
82 264
237 240
37 284
166 195
219 244
165 237
275 293
81 221
285 298
175 216
95 138
73 297
109 112
84 111
1 127
57 176
49 185
52 184
12 140
128 289
204 217
286 289
33 254
157 237
69 192
58 122
163 243
283 290
20 206
108 203
237 261
66 224
29 284
6 97
24 100
77 154
157 173
150 261
192 213
64 104
60 120
41 275
55 80
186 216
194 212
170 259
185 207
14 112
209 232
200 260
162 221
221 239
178 185
207 277
73 276
22 94
215 235
259 265
10 184
161 283
55 237
275 278
293 298
188 203
136 186
224 269
127 141
237 249
59 82
170 233
182 287
45 270
207 269
214 237
55 114
66 297
154 233
22 220
66 103
51 57
27 291
159 259
78 260
154 202
237 266
17 221
125 224
98 176
166 200
229 251
54 104
151 237
193 240
214 217
201 242
84 109
136 286
201 219
104 142
185 243
16 72
51 137
187 249
16 139
135 270
154 230
82 234
20 55
25 221
6 94
54 220
75 139
147 212
229 243
161 258
35 130
25 112
99 193
161 199
58 68
2 56
157 176
2 43
50 293
173 230
156 243
50 268
226 236
2 300
35 85
61 104
113 206
176 222
205 212
111 192
18 79
66 85
64 187
187 256
78 280
19 88
218 259
47 275
158 269
72 102
37 141
27 192
279 291
156 210
130 139
57 94
19 70
185 252
151 185
171 188
99 162
81 176
213 269
165 247
177 277
158 261
11 286
221 291
186 246
58 124
27 154
13 97
30 79
15 120
29 30
35 202
248 277
171 206
58 125
221 259
163 211
154 223
164 293
59 80
80 270
148 229
156 178
181 272
32 284
12 125
150 220
103 260
35 61
176 198
65 229
30 114
112 259
184 232
99 265
196 261
54 237
92 139
98 237
51 278
153 250
2 99
178 246
14 154
33 123
209 216
36 201
17 120
154 157
202 277
8 206
54 55
57 74
229 265
59 77
207 246
147 172
264 294
94 131
276 291
153 202
198 252
213 266
95 127
56 141
199 267
200 206
28 51
30 106
81 154
38 139
281 297
29 184
198 220
195 226
151 172
224 277
228 229
187 231
66 293
209 257
4 72
97 103
156 179
100 137
59 292
44 289
12 15
172 227
144 201
156 263
107 270
39 187
12 64
192 218
51 128
283 296
157 182
40 260
173 233
26 97
19 122
47 294
77 221
76 153
151 277
30 271
26 139
89 297
169 228
194 204
119 284
162 178
178 239
175 250
19 65
120 154
201 248
266 269
194 269
35 126
18 220
154 175
269 292
149 266
19 185
292 296
55 241
6 66
213 270
58 268
142 297
222 244
157 282
12 56
206 243
165 229
6 104
47 66
227 252
104 221
253 262
271 273
211 221
53 180
74 93
212 224
58 112
172 243
280 296
212 245
145 214
172 237
202 251
277 297
99 152
75 220
128 176
155 203
175 226
86 97
104 126
162 179
93 154
179 239
28 280
163 267
112 162
112 239
19 60
197 246
240 264
147 173
148 178
271 283
98 260
66 134
80 206
50 176
195 205
185 233
52 72
65 97
103 237
95 242
175 245
214 238
12 120
59 121
167 261
66 77
35 139
244 246
192 217
111 141
41 97
18 237
166 188
146 188
20 95
174 186
87 187
187 255
30 34
153 190
57 270
151 163
163 180
18 55
9 18
64 127
33 101
204 213
254 287
266 267
58 129
32 206
68 97
197 287
244 262
149 154
24 94
173 234
101 187
33 284
98 100
75 97
149 277
19 106
220 225
203 260
267 300
195 247
256 262
153 174
238 261
19 25
31 55
172 217
60 139
210 221
180 190
140 224
276 290
51 192
46 284
228 283
72 143
264 268
163 202
223 226
195 258
206 250
18 31
3 267
35 55
223 287
149 212
167 251
63 97
221 257
50 111
189 247
181 208
169 208
187 246
163 250
55 136
72 130
201 270
202 238
98 280
188 250
284 296
47 184
70 72
13 59
24 74
90 127
194 195
33 176
200 218
37 74
58 105
111 284
141 279
283 300
187 227
136 180
163 177
18 276
142 192
61 72
16 186
22 176
148 250
78 206
180 251
21 104
202 212
8 95
179 184
139 224
231 246
206 228
269 297
258 263
257 281
156 193
86 141
112 243
69 141
105 273
185 197
203 236
102 184
163 213
225 287
6 297
48 220
129 139
33 141
183 225
286 296
51 113
141 274
178 241
170 184
33 99
7 104
26 187
147 293
183 209
37 94
103 104
94 126
80 229
169 236
55 293
74 96
3 66
137 298
157 220
185 188
47 192
128 141
260 270
268 285
10 18
178 184
219 223
84 91
51 69
210 293
183 262
32 225
178 228
59 108
153 218
229 254
97 122
144 266
180 193
173 232
73 224
206 218
93 229
103 281
19 20
153 288
248 281
195 218
58 272
55 126
249 251
63 186
228 232
57 58
178 206
94 268
76 139
58 62
213 284
89 286
127 242
95 123
155 266
72 133
218 238
212 235
4 229
48 55
156 169
33 86
185 298
242 283
196 277
188 237
200 233
59 86
178 189
162 238
238 239
55 243
33 70
12 122
188 243
201 203
195 265
202 297
16 289
163 237
74 109
177 293
20 218
2 123
55 234
42 94
161 245
35 180
177 189
221 255
185 217
205 237
213 220
276 282
12 197
126 184
159 195
40 186
78 95
236 244
97 111
30 80
173 206
218 249
163 218
222 245
212 220
177 188
26 51
148 199
76 284
231 240
213 251
185 237
199 283
65 138
9 154
39 97
186 253
56 58
47 229
234 277
186 241
72 276
186 236
157 221
183 222
11 30
145 251
52 260
182 260
160 161
43 260
187 248
94 109
180 267
12 121
188 227
59 106
75 104
162 169
169 239
117 187
48 206
67 260
148 168
98 184
19 87
187 210
204 269
19 64
189 254
254 270
217 237
19 136
72 135
47 94
98 120
240 260
244 259
62 220
173 283
182 247
41 127
148 170
107 176
242 300
118 293
153 260
51 66
112 215
165 199
20 154
100 274
160 209
272 273
41 280
225 235
105 287
18 109
152 165
222 235
122 300
196 293
40 176
220 227
73 285
150 184
72 113
136 139
187 265
84 119
198 206
184 190
2 142
184 235
73 299
280 287
204 205
179 266
140 260
213 292
163 198
102 298
208 242
264 285
199 215
183 240
166 229
261 283
180 207
161 187
264 266
166 293
33 265
176 211
28 112
151 184
192 248
138 287
24 141
174 228
215 218
111 289
171 172
92 206
69 74
143 184
277 298
54 84
200 267
116 120
226 269
175 237
201 253
143 229
72 107
90 154
155 240
30 98
160 259
23 104
60 94
88 186
51 70
252 293
224 270
14 33
243 262
130 184
247 261
38 270
73 284
100 276
53 176
68 187
199 208
58 96
212 230
70 186
211 220
175 217
8 286
50 100
253 266
220 267
16 221
100 118
28 275
215 234
218 285
81 100
8 72
281 300
33 138
14 187
79 260
21 176
60 284
137 139
94 134
178 200
2 279
170 176
9 112
13 58
199 261
169 259
72 116
44 97
208 226
136 260
217 229
256 259
3 265
87 220
192 198
104 122
61 229
5 260
94 121
144 220
24 192
243 252
104 272
62 66
143 154
59 138
50 287
182 217
180 213
30 101
42 84
30 31
51 78
249 281
44 220
74 77
44 120
48 95
21 59
29 100
22 270
51 98
33 208
55 281
144 285
168 188
188 265
148 221
154 256
185 221
19 85
134 284
223 237
17 84
232 277
48 141
198 204
81 95
51 53
172 203
164 262
65 221
74 134
208 283
3 18
61 120
112 148
161 218
168 189
51 67
228 233
292 293
237 258
119 206
74 292
65 141
144 246
32 262
263 266
147 285
165 269
193 278
216 237
189 287
53 95
148 242
112 165
43 74
162 285
135 286
232 261
92 221
153 178
168 195
245 252
35 52
70 100
38 268
167 180
164 281
237 265
281 283
91 95
101 300
176 204
15 97
71 184
107 187
148 257
53 284
99 224
73 176
79 184
203 266
16 120
19 84
157 204
211 241
145 188
240 281
72 297
94 276
148 150
170 237
156 254
159 237
175 181
160 180
4 74
224 229
199 262
51 176
287 290
32 267
205 252
238 260
3 185
269 291
161 186
1 154
146 261
158 229
211 262
55 259
28 66
154 183
226 260
175 244
18 76
251 269
72 77
142 187
60 192
270 288
26 221
99 169
21 289
186 222
196 221
175 224
196 251
287 291
165 254
250 266
109 269
154 266
45 184
18 102
73 192
131 289
148 265
184 297
55 154
163 191
236 245
240 253
154 167
38 58
59 62
201 269
102 237
235 260
77 95
272 278
188 191
28 270
32 35
43 224
62 275
127 273
129 280
58 61
30 116
148 287
35 36
18 24
170 185
156 183
211 252
148 192
148 159
74 125
104 298
184 299
74 81
18 118
167 200
35 289
275 281
60 206
103 284
5 276
136 298
101 294
55 261
151 182
80 100
110 187
29 280
24 55
148 191
3 112
163 168
213 298
94 108
213 296
228 265
94 272
31 289
157 208
139 220
18 103
55 89
175 203
51 180
125 262
147 182
16 112
14 127
60 184
60 66
1 35
114 157
23 298
13 221
190 240
108 213
77 100
159 228
53 280
19 134
151 240
43 270
94 125
144 260
45 192
30 299
220 291
120 126
19 224
47 141
74 82
212 249
14 192
193 230
80 286
78 141
146 201
83 187
113 186
3 100
149 222
245 260
2 297
177 236
36 284
273 289
176 266
68 192
19 117
144 200
159 223
13 74
4 55
14 51
67 176
171 185
146 236
30 87
22 120
4 66
223 230
203 246
154 228
138 234
19 142
3 35
191 223
35 269
156 207
215 250
223 265
267 285
11 120
146 189
159 262
169 180
46 289
164 240
42 97
97 272
91 94
277 289
118 252
155 225
182 233
15 18
76 192
155 200
182 242
123 206
86 294
175 198
68 115
66 116
176 227
79 224
6 12
52 176
224 282
84 300
178 225
197 225
213 237
18 135
205 220
27 100
77 206
59 109
88 127
48 84
75 270
256 269
110 206
199 201
30 46
10 206
221 240
18 117
119 176
274 282
153 242
1 33
204 264
254 299
74 91
192 214
26 58
72 271
51 105
40 59
16 280
3 284
118 237
156 255
38 288
176 251
207 259
51 141
157 246
183 221
91 120
87 154
100 142
51 88
12 110
15 104
147 262
33 59
33 129
127 129
23 284
37 51
257 261
223 264
100 117
27 95
144 259
62 206
163 217
69 95
196 285
161 256
184 275
194 209
154 267
127 224
89 100
237 287
272 277
100 101
8 127
82 258
187 272
95 108
12 123
150 277
95 282
45 59
184 268
12 32
55 287
57 187
154 257
126 229
192 234
99 157
98 270
51 119
171 204
114 139
257 277
74 86
35 114
279 290
104 185
193 220
95 118
166 261
114 187
211 223
207 261
212 247
202 293
160 228
90 139
82 190
163 270
59 112
71 298
19 82
81 229
227 261
217 293
90 141
200 231
90 100
84 123
184 259
160 220
257 259
4 221
48 229
220 224
20 66
125 243
171 189
73 127
68 104
20 35
85 180
184 223
201 250
182 257
162 213
289 296
194 262
40 298
149 208
176 182
232 268
192 256
70 237
236 265
188 238
74 142
158 173
115 127
60 127
206 212
141 276
18 266
146 206
166 222
8 94
211 259
31 59
142 260
99 240
75 269
250 293
162 229
176 265
229 239
62 192
185 191
227 259
183 212
275 290
35 89
182 220
80 224
154 164
223 293
107 148
56 206
227 241
107 206
178 229
84 128
154 168
95 134
110 260
9 66
100 132
201 300
12 229
94 142
19 47
161 257
206 232
63 74
180 297
237 256
6 141
2 69
84 98
6 84
237 246
110 284
145 236
86 95
162 248
161 264
239 248
63 84
33 90
225 248
227 228
173 207
158 165
209 230
154 255
120 133
119 187
150 215
166 212
19 29
3 120
18 61
195 238
179 283
228 243
135 141
52 221
9 141
187 269
52 84
56 184
55 142
167 186
215 216
167 246
73 206
136 237
180 225
55 75
150 269
166 204
19 45
100 288
209 233
19 77
158 215
237 241
20 220
193 228
33 209
257 269
245 293
153 211
223 243
172 199
111 139
173 245
209 238
198 215
281 299
59 154
55 56
60 294
246 249
24 221
223 234
2 32
13 280
185 246
117 224
199 206
131 224
35 67
202 281
191 236
18 143
224 261
53 221
228 264
213 267
213 286
35 110
268 283
270 280
8 100
84 104
66 110
137 184
229 259
65 112
91 280
214 294
145 209
95 99
159 251
156 202
187 190
25 35
131 141
228 234
25 289
31 112
187 224
18 39
81 184
95 278
30 292
203 206
178 223
127 272
156 250
152 229
138 293
195 243
3 263
2 82
18 62
87 284
1 176
57 127
94 110
276 278
19 55
100 299
114 127
188 219
82 127
231 236
99 236
91 100
184 279
172 232
48 72
176 232
11 213
20 290
74 123
27 112
93 100
281 288
191 200
185 292
149 172
171 251
16 51
152 222
166 208
148 234
229 261
219 293
206 245
12 132
29 95
180 238
11 229
156 164
280 285
213 241
46 187
191 260
163 291
66 121
228 231
89 229
55 98
60 275
72 272
39 104
73 186
245 277
103 270
62 224
206 226
173 187
66 78
88 192
150 189
12 73
147 186
145 240
73 281
146 229
73 272
71 139
206 266
12 91
189 257
192 244
96 139
7 187
211 229
162 258
239 258
55 96
55 108
95 284
34 220
126 237
18 21
113 237
136 221
165 217
119 220
30 41
5 97
69 190
184 226
21 260
150 195
122 297
234 237
95 122
91 300
95 101
240 258
31 35
105 296
168 236
18 96
115 297
165 258
22 298
83 294
91 229
53 154
195 257
167 187
34 59
155 192
201 263
260 267
20 33
203 300
80 221
41 260
22 97
131 192
94 111
53 74
165 253
2 27
97 260
16 141
101 237
226 270
50 221
154 170
65 154
11 237
55 104
211 251
263 293
18 138
12 129
68 100
51 95
132 187
37 139
90 94
187 218
192 262
154 209
179 182
112 116
30 131
63 184
244 251
185 196
204 235
82 175
186 194
277 287
45 127
200 227
189 220
29 74
293 299
163 164
180 236
8 237
60 97
30 120
178 277
88 291
206 208
245 251
32 190
120 291
268 290
290 293
181 251
206 263
38 187
118 300
148 166
244 266
166 185
84 86
155 223
87 180
109 184
152 225
72 124
146 173
121 186
192 242
101 104
31 104
49 260
238 258
13 30
248 251
195 264
79 97
2 134
174 261
94 271
291 292
57 224
275 291
92 280
189 190
201 210
220 289
47 154
206 236
23 237
198 222
79 127
91 237
108 224
180 208
134 186
77 176
2 35
205 209
22 192
17 66
51 135
181 252
102 186
38 51
41 184
68 289
240 248
192 289
189 211
109 286
64 260
6 192
93 138
217 259
18 64
179 187
81 139
163 199
188 245
239 283
201 286
221 230
60 237
2 31
138 270
185 205
244 252
18 56
236 238
250 277
74 271
191 285
56 72
35 71
55 208
172 218
241 287
167 236
165 174
17 294
153 180
174 241
189 255
161 205
148 169
159 285
173 263
29 220
279 289
81 84
103 186
189 203
248 266
192 209
69 284
49 55
46 298
19 274
138 292
198 260
47 279
191 228
223 294
287 292
155 259
36 242
262 287
104 184
187 251
23 220
228 244
268 296
181 293
100 136
294 295
38 84
13 254
195 269
112 172
180 266
94 129
190 220
114 192
176 208
148 206
2 137
164 189
91 112
282 294
228 258
123 192
181 228
90 192
173 199
56 104
176 241
186 244
145 156
202 237
203 289
192 272
165 283
43 97
103 139
180 216
104 109
147 187
218 261
105 290
12 101
185 232
106 187
33 243
33 231
92 260
147 206
45 55
33 170
80 127
207 225
43 127
63 284
182 206
251 253
182 256
62 176
241 281
74 127
223 224
158 259
26 35
30 50
96 120
189 221
10 100
82 176
19 44
51 118
156 249
74 129
153 176
99 208
284 291
174 208
66 69
15 84
89 154
34 100
252 258
52 284
157 212
143 221
195 207
127 136
2 92
14 104
184 253
191 293
177 225
159 277
203 267
22 229
12 134
3 74
228 253
182 194
16 286
51 80
44 51
130 221
185 202
42 237
145 252
55 79
82 281
90 184
145 162
145 239
213 287
55 159
180 257
175 194
2 8
222 247
112 220
216 277
200 224
172 194
148 194
277 296
38 283
170 214
76 224
51 52
243 260
78 278
9 97
204 245
144 173
55 265
67 100
76 187
84 286
215 227
164 277
73 74
64 180
186 256
272 290
83 260
47 221
288 289
25 234
182 192
161 233
19 119
55 81
269 294
274 290
132 221
161 234
204 265
229 262
30 63
172 210
76 100
72 90
70 221
2 299
164 269
241 294
82 288
39 184
230 244
153 158
214 226
218 220
5 55
100 291
237 251
57 221
177 261
5 66
136 280
172 202
199 251
19 52
49 270
25 229
217 246
61 154
27 127
33 255
163 247
255 293
69 104
181 214
38 66
211 214
117 232
32 169
4 139
134 224
238 262
165 230
158 162
16 94
54 66
184 215
158 239
42 186
95 157
32 208
95 107
165 211
126 127
165 191
40 154
145 228
175 254
1 229
215 267
192 235
45 104
209 234
77 224
206 230
76 112
19 287
67 127
14 141
97 98
30 96
148 174
39 72
187 201
238 246
35 138
241 243
4 100
33 165
29 281
212 243
178 221
84 139
11 55
33 152
146 192
165 184
67 112
12 80
55 264
274 283
170 220
29 186
156 191
15 55
40 270
112 266
144 215
251 283
115 180
127 229
178 222
176 224
53 224
158 200
219 240
170 192
176 207
19 92
258 260
157 184
55 140
161 174
134 176
119 286
66 140
151 236
204 220
186 261
65 100
11 192
52 141
43 100
121 284
33 215
144 269
200 250
89 187
200 217
153 203
4 280
207 215
163 194
12 83
200 202
157 260
78 284
166 209
8 154
35 47
107 169
114 294
174 185
250 260
160 195
188 197
25 84
157 186
102 220
19 46
18 229
72 123
14 19
179 209
7 229
187 258
55 184
288 296
183 195
273 285
34 58
56 229
43 104
18 243
183 259
184 249
107 262
104 118
59 61
99 187
210 212
192 199
60 100
145 266
163 233
72 93
35 134
165 185
37 112
64 206
148 254
114 270
276 281
19 37
132 289
183 189
272 295
172 224
35 77
242 268
171 241
197 229
66 117
174 246
160 240
54 176
157 185
200 253
236 258
215 260
158 180
4 104
10 139
36 95
28 35
91 275
22 58
13 213
123 127
155 163
152 221
10 120
2 39
171 222
172 193
164 187
12 106
45 100
155 206
110 112
157 223
35 100
105 268
207 237
227 229
19 110
33 42
16 66
18 291
93 184
157 241
278 297
19 51
138 299
161 207
160 261
157 273
247 252
84 117
164 252
35 283
79 192
225 231
245 246
27 94
155 277
19 73
154 278
11 84
142 298
74 124
270 285
59 140
135 221
173 198
5 30
131 154
149 261
296 300
184 197
203 229
208 267
30 136
154 247
7 84
74 298
221 224
176 202
33 60
228 235
127 206
220 266
31 127
187 240
193 231
176 212
1 97
5 141
42 112
170 193
210 246
160 214
148 196
67 120
12 113
188 231
42 192
153 253
10 260
101 275
129 221
185 247
225 260
191 225
105 141
178 192
58 136
118 213
30 69
8 112
147 214
4 180
184 185
51 58
76 220
174 187
32 166
100 122
89 94
269 270
204 226
24 115
213 261
116 221
123 260
9 127
68 72
162 206
206 239
32 97
151 223
128 199
4 59
183 269
262 267
149 182
229 233
168 221
30 83
232 252
204 278
65 206
58 92
32 127
151 246
250 285
18 271
180 246
128 270
147 261
4 187
59 69
34 270
5 12
19 21
200 283
133 141
157 252
107 146
235 262
55 138
171 229
237 247
21 112
28 97
220 250
72 280
4 33
125 141
19 53
4 120
120 192
17 95
246 248
151 262
228 250
210 228
28 127
103 220
33 130
192 208
147 240
66 109
128 154
65 187
126 192
85 187
129 284
74 291
23 33
84 94
202 228
152 289
253 259
195 260
240 245
13 51
2 292
99 234
44 154
268 277
95 295
206 219
143 220
65 120
172 186
195 219
8 284
188 255
68 139
47 55
198 237
10 127
178 269
104 274
66 86
100 121
91 141
104 224
233 261
130 220
59 127
19 40
154 178
115 281
206 238
183 237
225 267
12 272
80 298
2 38
13 127
57 66
258 277
14 221
47 298
59 134
19 107
4 260
176 215
195 263
163 231
229 230
182 183
265 270
114 299
2 52
164 188
75 100
174 188
105 284
260 264
82 212
64 176
270 279
173 205
95 96
36 120
52 94
74 269
200 207
179 260
195 249
25 30
240 269
164 184
285 288
225 298
108 265
176 223
7 270
107 199
36 230
242 299
29 35
175 176
82 265
105 283
30 129
64 186
73 283
95 119
154 238
2 22
234 259
50 298
49 51
200 232
148 183
220 246
186 228
31 187
122 237
154 218
176 193
199 209
103 184
243 266
150 222
160 215
203 259
59 79
24 72
66 158
223 258
110 221
197 222
215 224
101 297
33 185
252 254
229 252
72 85
116 237
222 257
200 241
95 124
112 241
7 35
162 253
239 253
129 203
139 300
74 116
35 143
44 192
51 64
183 187
153 154
13 72
184 202
68 229
132 297
217 221
1 84
172 176
22 104
180 215
66 105
112 128
145 225
157 272
128 242
58 106
199 259
216 225
184 200
20 283
241 264
74 136
146 204
278 300
285 299
2 54
45 229
55 97
126 297
134 297
161 244
18 45
259 264
220 222
163 193
122 294
201 235
82 157
148 158
95 98
257 285
268 270
170 223
184 212
74 78
153 166
148 247
85 184
55 127
87 237
164 209
84 289
152 180
201 229
192 222
65 294
280 289
47 84
147 154
78 84
140 229
218 281
287 299
33 172
55 61
276 289
30 45
76 232
270 296
148 213
44 237
217 281
159 225
27 270
9 206
72 99
12 70
73 300
187 225
66 142
254 262
2 13
162 250
239 250
28 187
97 101
31 97
123 237
188 253
33 62
167 212
58 271
74 87
2 286
107 202
65 127
168 225
225 265
66 129
159 229
113 192
30 135
165 224
167 281
74 83
159 293
21 84
143 260
232 259
35 75
161 164
139 288
271 293
114 224
152 200
180 255
61 94
218 262
11 270
58 76
161 170
84 133
237 244
236 242
165 202
141 142
183 208
167 277
158 220
93 107
3 72
231 252
52 186
111 270
146 277
174 184
154 232
74 133
10 35
151 228
148 149
153 199
16 260
169 277
176 242
51 82
158 251
205 281
253 260
158 192
179 228
33 110
152 201
197 237
216 268
4 289
19 22
5 229
146 259
94 135
47 72
150 240
16 127
230 236
19 48
204 238
203 222
171 208
194 277
25 55
19 31
132 139
241 252
184 240
33 56
67 74
186 263
18 116
152 214
223 229
101 192
174 220
46 100
80 176
32 95
80 104
180 199
97 274
172 242
187 197
102 180
118 275
74 297
12 118
94 133
173 180
218 240
49 176
185 244
2 112
95 103
148 255
177 281
23 139
180 226
176 179
97 281
135 284
99 259
6 33
112 222
225 245
207 228
195 248
163 234
175 199
153 232
62 74
225 263
25 176
128 220
75 176
253 285
53 286
227 237
5 224
148 155
104 128
18 299
181 262
154 243
66 98
249 267
144 206
165 186
170 180
241 253
36 100
31 139
187 253
19 114
58 88
116 224
54 224
58 89
175 211
180 250
241 256
177 221
110 141
2 81
18 132
107 120
55 117
19 138
33 145
190 284
137 270
18 113
41 176
83 270
84 136
229 238
180 218
112 246
190 214
205 277
176 199
224 262
9 284
62 186
120 272
163 238
156 205
265 282
10 192
237 257
88 95
40 127
92 94
166 237
198 214
19 50
157 189
7 55
26 84
121 294
146 162
146 239
50 94
56 221
127 157
60 176
246 256
7 237
225 250
33 131
152 285
123 297
122 192
65 220
149 204
30 298
23 30
273 274
153 193
50 237
135 275
152 262
46 139
33 191
110 186
137 224
12 14
53 104
197 236
24 184
122 220
64 220
66 127
231 241
19 113
33 139
28 220
208 255
118 284
166 192
12 40
165 194
115 124
202 298
153 198
84 92
13 298
161 220
65 176
59 288
267 277
228 260
146 246
203 241
87 141
164 236
171 173
157 214
62 237
142 186
182 198
153 234
40 300
122 176
209 250
72 119
220 283
100 116
40 229
161 178
69 97
249 260
179 195
88 112
201 211
144 176
148 264
16 224
84 126
222 243
35 41
223 238
143 237
201 282
67 84
136 206
118 120
33 87
161 193
172 226
158 204
35 116
137 229
156 174
144 208
162 181
1 297
181 239
116 297
104 276
33 285
191 281
167 228
30 288
221 248
18 224
163 179
55 94
2 48
193 222
130 237
2 49
217 223
147 195
35 118
179 206
172 211
167 269
35 109
26 180
138 272
58 134
22 95
161 237
198 200
148 263
121 176
104 121
240 243
268 278
155 262
166 259
44 100
10 72
177 195
151 241
186 248
230 251
48 221
3 213
106 284
35 49
73 120
8 58
11 163
34 289
201 285
187 257
214 231
155 182
61 100
162 180
180 239
163 242
161 183
145 154
241 249
92 187
154 166
280 281
116 284
212 234
95 105
243 287
42 58
219 261
221 226
246 258
37 224
66 80
140 184
55 157
163 210
212 233
39 51
18 134
177 285
2 84
30 268
90 221
137 192
165 249
189 285
190 215
144 182
70 120
186 211
87 127
278 281
58 71
57 72
36 254
100 135
233 277
214 260
59 114
17 104
46 72
9 95
191 214
236 253
129 230
173 226
126 206
44 127
85 270
40 281
186 226
291 296
175 187
58 113
159 294
226 281
33 203
221 262
181 259
192 254
57 95
12 24
19 98
112 161
161 247
249 261
170 261
213 221
109 224
240 263
197 223
12 53
173 184
49 281
23 66
157 165
126 260
64 112
195 196
149 215
63 300
12 98
16 206
168 261
261 265
12 44
187 216
251 264
191 261
7 66
18 131
46 184
64 221
175 179
12 55
77 260
173 210
61 184
28 95
125 237
230 293
206 234
120 123
215 221
168 209
185 204
176 255
49 220
122 229
159 261
33 184
17 260
138 192
66 279
51 68
77 284
153 192
196 209
88 237
173 248
214 249
255 261
181 261
145 277
46 270
107 158
93 220
154 177
33 63
282 283
39 95
159 187
35 92
99 201
278 294
185 226
142 229
19 57
70 94
14 18
40 97
184 230
55 228
18 292
71 294
157 188
33 182
58 82
172 258
33 159
148 176
35 107
216 261
41 300
232 255
189 198
105 115
31 58
52 224
92 141
116 275
73 104
164 261
180 224
63 141
153 210
18 84
13 95
120 128
55 223
127 180
130 229
104 115
160 206
191 195
2 89
161 166
79 186
6 18
73 267
17 55
48 58
162 219
219 239
124 221
55 193
132 280
117 221
35 124
226 237
277 291
221 261
112 291
77 127
97 134
223 233
121 127
198 228
111 152
18 60
209 267
109 187
151 156
148 160
83 139
119 120
249 293
154 161
139 276
246 263
97 121
158 175
209 219
18 73
30 77
102 192
119 184
204 230
130 154
82 169
42 74
170 215
159 188
151 259
201 249
72 126
149 285
284 290
194 228
171 237
187 250
64 74
196 229
82 213
155 220
26 300
56 127
56 154
230 241
2 110
81 141
22 184
4 18
287 293
248 269
7 94
26 284
295 297
15 139
176 228
79 95
203 287
130 270
282 288
12 50
49 184
176 217
59 63
10 94
277 290
207 220
175 253
12 26
185 291
18 106
23 270
271 285
52 298
155 189
187 211
22 281
217 261
188 216
167 184
166 215
234 236
184 188
84 112
152 260
138 281
232 284
187 226
120 142
25 280
254 282
189 216
211 285
120 278
118 280
54 74
55 57
123 171
135 184
20 180
113 229
117 120
214 254
111 180
55 82
169 201
181 201
55 91
182 186
58 274
279 287
10 74
74 118
24 237
12 297
237 259
51 129
140 220
37 127
148 230
149 293
185 261
51 107
20 51
6 112
153 224
25 51
66 115
115 184
169 293
18 67
22 30
89 280
115 176
161 277
140 192
54 221
246 264
18 53
41 74
66 108
216 287
273 294
221 253
53 237
55 102
57 184
15 192
143 293
95 294
251 256
221 256
154 185
162 231
231 239
55 163
17 127
49 100
31 66
222 253
202 249
230 252
107 127
225 247
211 260
204 249
152 188
51 296
58 127
111 154
96 127
209 247
88 97
116 180
114 193
185 259
17 192
95 120
51 73
83 237
220 241
179 180
213 276
44 229
55 92
243 272
220 259
237 243
140 237
242 272
182 185
186 210
5 298
44 112
198 240
225 283
18 26
200 238
137 187
146 221
193 209
242 279
87 112
19 121
86 226
248 260
163 253
269 290
18 99
160 182
12 138
152 267
6 206
167 209
222 263
47 139
7 58
187 243
120 132
33 137
135 280
235 241
41 100
235 236
94 113
234 246
176 250
206 269
156 231
186 259
180 194
221 231
32 171
12 22
251 270
37 260
30 286
285 290
162 187
187 239
52 206
17 35
97 278
215 255
85 120
186 227
46 94
174 195
191 192
208 230
44 224
94 299
162 194
194 239
149 209
35 300
17 184
274 293
83 220
182 237
212 294
184 269
182 243
35 56
151 175
35 65
11 59
49 229
157 266
17 206
183 185
262 265
84 284
42 184
254 293
19 293
154 251
185 256
35 50
58 132
66 71
196 259
67 192
194 200
47 100
26 95
83 97
217 258
144 241
58 288
99 254
205 246
89 141
227 240
192 215
118 157
59 136
11 33
178 252
99 215
173 178
113 176
2 126
241 248
210 214
83 127
160 246
167 252
118 242
37 120
28 206
203 269
281 282
120 297
51 93
188 260
105 120
105 220
182 207
71 84
103 112
184 238
30 43
102 270
53 100
182 227
95 126
180 205
30 112
174 175
202 259
165 216
112 189
39 229
146 215
194 223
116 220
120 125
156 229
171 192
220 233
55 123
152 206
144 180
151 229
115 140
74 274
49 127
87 270
185 231
104 186
169 212
208 233
176 246
134 187
154 234
18 63
206 222
192 233
281 292
214 227
84 131
79 115
19 41
80 141
36 115
97 128
4 298
81 94
182 205
34 139
161 168
138 176
153 235
97 268
109 289
2 133
240 247
174 225
210 285
114 176
62 97
23 260
275 285
33 160
204 231
10 141
152 187
202 261
142 184
18 265
167 219
31 51
186 245
152 184
82 282
59 96
39 224
19 75
100 103
33 125
55 130
148 205
59 71
95 113
40 141
161 171
236 269
10 221
21 33
180 235
147 223
183 261
231 237
17 298
3 84
84 88
163 170
38 104
30 138
28 300
159 236
154 216
37 97
61 280
163 183
179 201
18 69
236 287
158 225
35 105
162 176
176 239
89 206
200 244
100 268
107 184
174 212
186 251
163 206
35 59
162 235
19 49
235 239
5 74
201 264
144 229
41 58
51 131
159 176
33 97
147 252
33 40
168 277
147 259
119 186
64 95
150 200
2 108
142 280
22 35
19 80
5 100
75 278
29 58
197 200
186 267
32 51
31 176
48 176
18 269
195 250
160 260
108 139
182 202
9 35
154 182
177 209
188 234
186 219
200 211
146 228
64 284
255 277
185 234
8 297
49 95
161 210
95 224
86 157
74 103
176 216
96 97
172 192
94 115
252 269
154 171
185 284
72 129
147 228
228 242
175 180
237 262
219 228
192 197
151 186
154 240
47 286
144 162
144 239
18 22
55 253
124 176
175 202
59 129
12 43
154 204
2 70
93 169
171 259
192 200
17 59
78 221
14 180
5 127
33 114
196 237
95 213
175 230
162 210
84 142
221 263
210 239
50 270
35 62
56 59
30 48
283 293
277 279
240 270
242 252
189 243
93 104
113 297
205 208
202 220
41 95
10 55
92 100
95 115
39 154
102 221
247 259
21 192
180 189
10 66
206 217
176 259
135 224
122 298
113 141
40 95
84 89
163 221
45 220
18 128
15 154
71 72
74 126
185 227
255 281
185 262
32 220
5 51
33 234
127 135
33 135
30 291
213 259
138 268
79 220
183 281
144 189
115 237
112 214
184 243
172 256
21 51
20 221
165 178
119 127
70 187
157 225
76 104
61 95
251 265
33 200
162 226
226 239
37 100
141 299
86 212
170 300
14 186
84 110
127 260
18 114
157 275
59 60
131 139
158 208
176 210
280 293
98 192
127 186
174 215
61 224
208 247
67 104
53 120
150 236
173 219
91 221
288 293
127 140
157 287
215 253
1 220
19 38
58 109
35 123
18 93
162 263
239 263
163 257
38 112
156 247
172 221
190 261
112 182
168 252
195 245
252 265
188 235
97 140
205 206
12 48
1 192
157 175
20 141
120 211
95 111
40 51
95 274
62 84
44 84
178 188
212 213
8 74
213 279
248 259
62 104
167 260
35 87
55 101
120 282
57 100
144 184
120 140
51 140
21 94
189 245
164 221
49 278
161 196
112 240
234 294
270 286
273 288
156 226
194 285
35 131
115 187
67 237
214 235
135 139
19 130
69 72
16 59
12 46
189 199
47 280
2 11
186 204
97 127
220 251
23 187
132 237
33 126
182 229
38 97
171 240
187 194
165 171
150 237
35 79
185 192
154 250
270 292
33 67
66 102
182 190
2 21
118 127
66 136
21 74
197 228
11 94
35 136
140 186
34 187
221 234
230 287
52 100
43 141
35 70
20 192
226 259
144 154
55 113
211 228
166 262
147 236
193 223
200 221
194 246
67 141
107 171
184 211
63 206
176 191
294 296
5 120
12 75
247 283
154 226
183 260
65 270
187 195
184 236
152 175
232 275
40 94
96 104
19 83
55 171
120 138
141 224
191 252
170 172
69 157
52 112
156 244
132 220
213 283
184 250
30 55
148 179
241 261
171 214
38 59
185 254
208 249
18 90
190 293
201 258
280 283
224 272
2 60
84 95
91 289
97 114
27 221
3 221
70 112
178 204
76 280
95 137
201 216
144 251
122 184
215 283
105 288
2 80
5 186
232 236
3 234
259 260
233 262
96 201
145 212
4 291
53 186
41 206
70 127
12 67
31 224
90 229
55 62
112 190
138 297
123 229
225 254
218 277
207 211
127 132
176 214
187 264
33 73
54 100
104 134
247 260
58 133
51 92
195 203
201 265
12 126
57 104
188 269
25 72
58 137
147 153
212 227
225 257
115 141
143 187
183 241
159 201
59 130
55 71
200 235
143 297
34 206
152 236
29 112
232 283
209 229
131 180
149 161
167 285
226 285
203 209
164 195
137 237
70 297
18 54
236 264
180 249
51 99
35 48
58 276
99 120
157 283
35 86
71 94
73 220
260 261
74 121
256 261
114 300
184 265
18 142
181 186
23 51
150 187
35 291
74 112
169 209
46 112
278 285
108 152
87 260
107 186
33 259
159 184
237 269
30 109
219 269
148 184
206 248
149 237
222 287
13 270
164 285
159 222
184 281
112 139
289 300
8 298
167 203
35 288
241 247
174 262
82 146
33 154
110 176
23 127
35 290
107 141
20 100
31 120
66 114
209 224
72 87
271 282
192 245
208 264
61 112
3 97
16 184
73 286
193 212
163 230
174 260
2 132
188 220
84 130
19 54
12 136
75 184
216 222
97 125
50 285
158 201
85 95
14 220
76 95
24 33
100 114
193 200
160 204
37 176
30 128
149 192
84 143
30 90
206 254
19 292
165 257
149 185
174 176
107 244
80 220
38 300
18 65
55 120
89 139
187 266
33 102
278 286
97 99
159 163
254 297
179 251
149 220
100 106
195 253
206 257
25 224
45 120
66 130
148 248
172 190
250 269
34 286
221 228
14 176
208 232
169 262
55 70
179 220
40 206
177 258
193 214
28 229
139 142
217 240
163 265
147 209
269 300
115 284
109 139
200 234
41 284
281 290
23 74
6 224
40 184
19 133
69 213
29 154
216 283
214 263
189 253
161 254
236 249
112 125
80 187
148 190
2 78
112 134
221 251
57 237
63 176
112 119
212 216
57 112
38 127
150 188
65 284
187 199
92 176
106 112
145 201
214 247
78 269
155 162
220 244
155 239
260 263
167 176
109 284
34 284
165 220
95 106
82 199
94 117
211 261
14 55
175 227
51 77
201 213
80 237
24 176
74 108
85 97
242 277
74 272
181 220
147 163
177 283
243 277
36 97
104 120
148 220
178 236
235 269
84 108
201 260
127 202
33 193
194 201
217 262
89 192
1 294
202 209
71 270
209 218
173 176
258 266
49 154
33 106
161 177
176 178
15 94
160 212
13 192
26 184
165 190
170 187
55 124
77 141
138 139
192 261
8 12
104 292
167 221
7 30
29 187
225 227
76 127
168 201
201 275
163 220
45 221
36 224
233 270
22 206
112 113
189 227
54 120
13 94
91 97
33 39
64 154
9 220
21 221
182 244
34 66
19 105
69 186
69 100
155 221
232 287
59 102
19 111
147 244
168 293
165 226
197 240
241 263
30 126
135 154
256 293
30 122
95 184
186 198
15 74
17 112
58 101
18 125
98 229
12 111
95 102
208 216
37 270
50 260
2 116
175 269
229 253
178 214
178 209
240 244
104 132
132 176
155 215
207 214
52 139
51 294
58 140
53 220
201 273
204 244
92 286
227 293
12 57
33 76
24 95
265 288
171 187
237 250
206 262
6 127
57 59
263 267
61 221
213 275
223 256
72 84
216 254
286 287
33 57
12 76
106 127
186 209
236 247
45 206
166 220
88 94
156 196
74 119
88 280
185 208
154 217
10 51
2 68
185 193
35 121
178 261
108 234
185 280
131 184
7 120
224 300
160 251
186 199
104 125
44 176
245 262
197 209
36 141
12 93
13 284
137 141
104 268
30 140
33 229
206 252
255 285
181 285
19 62
177 240
185 198
179 188
200 263
281 298
53 260
220 281
190 237
179 200
252 257
167 170
3 224
99 213
170 188
105 282
134 237
185 225
158 214
37 206
203 299
140 141
79 206
33 163
19 23
21 154
5 58
81 260
175 256
91 176
73 112
86 94
72 131
106 186
11 224
110 224
233 240
123 220
27 51
48 260
180 217
30 113
223 253
175 192
277 280
154 193
62 229
263 269
5 95
35 63
214 248
22 33
112 142
181 188
144 277
84 90
277 300
99 147
40 55
130 180
15 270
207 285
225 289
212 238
185 190
33 212
59 274
210 281
102 280
73 95
217 285
33 149
6 184
207 262
19 89
106 288
232 246
237 281
278 289
209 249
224 237
77 192
123 187
143 180
233 266
172 205
285 291
124 186
87 95
85 104
80 260
29 127
55 225
151 176
193 198
66 299
154 181
51 142
81 192
162 255
33 84
239 255
146 285
67 281
198 236
39 237
208 227
166 285
273 300
87 224
276 295
29 97
120 137
55 125
94 99
76 186
162 183
183 239
150 175
158 176
221 293
175 183
154 244
93 260
112 132
126 186
162 198
198 239
45 224
43 237
54 187
51 83
73 237
229 257
18 279
158 236
184 292
168 212
175 265
49 269
12 27
220 255
95 140
46 237
224 294
188 221
93 127
50 139
44 59
148 224
153 227
175 249
157 291
201 245
203 252
173 185
123 184
81 237
93 97
23 224
226 244
59 128
76 288
157 229
10 33
223 227
64 66
89 127
188 263
156 192
63 220
169 260
246 255
86 265
33 217
95 131
59 70
161 226
2 10
163 256
266 287
114 213
97 123
176 233
32 226
67 95
18 44
188 256
189 263
125 214
184 244
9 187
76 97
31 84
228 254
224 279
268 269
36 243
49 66
33 88
167 201
203 223
180 222
35 95
196 262
86 104
273 283
165 282
117 295
204 207
203 214
145 208
155 222
4 127
98 154
156 211
235 266
107 112
181 277
137 221
6 260
220 240
230 254
215 229
35 137
86 127
203 282
41 285
82 171
92 95
156 235
105 300
148 218
185 218
287 288
237 263
146 220
125 261
199 204
186 212
150 156
185 288
12 115
215 233
67 229
161 248
211 294
74 110
68 224
196 281
160 172
124 224
30 86
175 221
156 184
152 212
198 259
92 154
8 221
226 246
209 221
49 192
7 100
35 276
55 122
289 299
74 186
32 84
38 220
18 274
15 186
169 266
61 186
189 217
94 123
129 201
206 259
29 55
149 189
14 298
100 110
191 229
2 185
72 78
71 112
175 186
89 260
96 297
216 259
166 184
213 240
189 258
242 266
154 198
107 226
33 103
268 289
123 213
164 259
225 253
126 154
186 262
289 293
28 180
26 297
171 223
3 243
7 59
2 143
195 217
148 202
146 260
171 184
75 127
30 125
237 284
88 141
157 209
144 156
13 187
21 30
9 184
143 287
63 104
30 124
18 115
128 237
54 186
95 234
166 182
148 258
2 130
124 229
173 287
185 299
118 192
62 100
107 225
88 221
273 279
33 244
85 206
169 188
2 4
2 44
1 19
177 192
208 219
11 206
3 175
49 59
288 290
12 127
165 196
91 154
1 55
43 139
169 189
17 229
191 222
218 228
72 92
30 37
20 284
152 153
93 180
28 120
193 229
203 220
95 114
163 258
141 297
171 225
205 240
73 229
49 242
35 90
30 82
129 265
180 204
9 74
163 184
169 184
174 204
156 177
12 88
198 223
157 180
60 229
209 265
215 282
61 260
50 184
15 229
84 100
178 212
221 243
160 176
62 95
35 38
42 59
35 142
198 285
3 19
129 270
146 241
176 203
138 271
184 203
13 154
149 262
268 273
15 289
74 84
182 250
224 287
283 298
159 209
192 224
190 287
161 203
205 293
45 176
190 192
174 283
245 294
236 237
10 180
130 260
236 243
202 223
211 293
162 164
164 239
58 279
192 266
4 184
274 287
58 121
29 176
13 220
33 98
177 206
223 257
35 128
18 43
138 286
198 224
176 243
121 300
162 218
72 118
218 239
109 221
75 95
33 64
43 72
101 298
153 255
114 169
19 131
95 273
122 127
60 224
269 276
202 215
54 284
104 123
181 260
159 161
203 225
164 193
47 176
162 203
80 184
69 112
212 218
135 192
201 238
144 293
73 270
234 240
176 190
158 246
211 240
189 248
158 186
10 289
155 252
39 100
138 294
164 175
271 291
138 296
19 35
48 59
21 95
24 120
153 294
64 141
52 74
186 255
190 251
95 185
33 113
82 214
99 179
83 206
204 233
224 260
137 206
181 246
161 197
193 203
162 199
199 239
2 3
175 263
73 100
179 229
161 216
163 169
51 117
48 187
208 250
251 258
208 217
183 252
61 192
58 110
198 229
284 295
43 176
276 285
114 260
150 163
21 284
211 266
59 299
84 296
155 161
175 255
220 253
179 240
102 229
290 297
205 270
1 58
42 289
138 221
85 284
53 291
62 141
42 66
163 229
180 243
16 33
153 221
75 187
217 277
273 281
14 74
149 165
184 300
45 72
182 258
39 127
4 224
252 260
25 220
16 187
120 186
252 256
196 228
59 75
250 259
40 288
149 153
143 192
192 241
51 90
221 236
173 194
33 142
152 156
73 282
128 224
8 104
113 260
94 136
154 205
2 128
46 260
89 237
92 229
44 66
160 185
35 278
162 232
232 239
195 213
224 241
208 245
152 246
130 192
2 50
73 293
78 94
102 154
172 213
270 294
109 154
228 249
59 64
214 230
279 281
237 254
224 246
236 248
232 237
77 270
12 90
201 220
147 229
156 245
177 214
190 222
286 291
11 221
2 102
71 286
272 281
171 261
18 108
215 220
111 206
19 59
127 283
206 289
134 270
201 230
51 91
186 281
15 100
84 137
56 237
235 240
120 141
30 78
2 117
4 242
256 260
136 184
150 241
151 153
147 201
55 107
33 55
85 94
54 141
110 237
152 162
154 225
81 120
152 239
165 264
31 284
33 68
211 236
28 100
37 154
83 112
174 214
30 33
190 285
277 299
47 270
228 267
188 247
63 127
189 230
97 131
35 119
146 281
51 132
19 129
35 74
184 264
144 172
101 220
222 269
35 284
20 58
47 206
151 165
290 298
136 284
43 157
122 187
222 242
219 222
20 30
44 104
165 238
27 55
165 187
19 108
8 59
200 287
7 95
256 266
11 51
142 176
184 189
67 94
193 272
55 111
11 66
69 176
109 206
187 208
170 236
2 7
214 256
155 172
134 260
19 67
163 264
76 84
37 229
209 227
33 236
94 297
184 263
228 230
17 291
35 94
172 184
107 291
231 260
209 243
55 67
124 141
33 71
150 260
58 123
15 66
5 184
16 74
183 188
187 236
170 208
184 195
10 154
33 120
39 55
187 261
2 96
168 281
174 182
213 297
22 237
2 71
270 298
11 127
69 220
198 251
195 267
76 212
16 154
2 122
12 112
174 266
35 285
48 97
68 141
228 238
36 84
145 223
32 270
90 186
199 236
18 82
2 62
181 281
151 180
171 281
94 132
93 192
148 244
169 176
115 275
175 248
270 277
168 262
18 57
174 180
201 207
68 220
40 220
165 256
98 171
125 169
240 256
112 157
178 201
106 297
168 182
182 265
18 121
269 298
186 280
126 284
148 197
41 186
35 46
17 94
12 278
187 247
48 120
80 192
196 200
82 270
42 55
163 190
82 139
157 228
48 112
44 141
163 207
119 180
215 256
114 254
71 141
48 284
151 260
192 204
11 220
31 180
97 138
149 214
185 242
36 297
185 219
260 266
18 133
25 100
265 294
243 284
278 279
196 204
187 283
12 102
148 187
17 176
61 206
17 30
274 289
192 205
138 298
192 212
104 124
190 260
218 260
173 249
146 225
275 277
13 100
82 148
33 79
279 283
33 148
165 181
60 84
95 117
165 272
208 221
49 186
232 251
18 20
2 111
38 229
270 276
1 74
169 175
144 236
236 263
17 18
209 255
277 282
18 32
180 234
76 297
111 127
18 29
84 116
160 163
93 270
241 285
133 290
119 275
15 187
163 255
2 51
116 280
186 208
134 180
254 271
213 214
238 251
243 246
139 299
179 285
39 141
59 291
12 96
120 131
100 126
151 201
179 215
70 104
252 264
219 237
278 293
213 282
35 81
3 281
206 214
17 51
165 170
234 251
229 249
32 74
204 206
9 139
46 154
45 74
104 131
92 298
22 100
9 30
5 35
182 191
85 176
2 127
8 139
173 260
63 298
61 66
163 197
122 186
55 74
21 58
189 194
188 196
78 139
148 231
172 248
11 100
109 260
149 259
164 185
206 224
178 285
218 241
149 252
10 229
2 40
163 196
252 263
158 222
158 209
175 219
25 297
175 242
12 37
29 104
160 272
50 95
162 242
239 242
192 238
18 80
185 186
181 215
154 200
155 186
167 195
79 94
63 278
180 210
72 125
27 184
90 180
151 206
190 277
32 94
66 75
33 280
45 94
27 120
144 185
35 58
198 277
161 219
177 187
199 225
41 187
50 55
15 237
29 224
87 97
42 127
133 192
143 268
190 259
108 120
6 120
291 298
193 252
278 288
177 180
17 139
186 214
154 210
33 34
192 232
132 206
141 280
24 224
185 248
150 228
188 248
35 140
193 237
48 104
51 87
131 221
33 100
214 264
42 139
12 49
154 194
228 257
216 221
12 288
265 291
18 112
72 132
186 283
287 294
155 285
33 235
148 157
146 200
76 265
157 206
240 254
160 175
129 208
15 141
166 214
11 260
16 300
5 220
89 120
211 246
59 271
101 229
192 223
33 121
225 237
118 218
26 112
3 158
171 200
114 277
119 154
212 232
161 281
5 192
238 242
121 187
278 283
18 52
11 97
220 223
149 225
179 212
138 220
66 272
217 220
55 134
254 261
65 291
194 229
237 248
136 176
201 233
192 228
94 180
90 120
87 176
27 224
162 224
224 239
121 279
161 263
189 265
8 176
162 256
239 256
155 211
33 52
2 14
2 86
161 253
30 38
265 287
58 86
131 206
192 265
12 143
143 281
171 236
97 142
218 293
233 293
23 206
91 260
42 72
230 260
18 234
200 213
56 74
99 172
18 146
15 127
229 267
13 155
241 277
76 242
181 189
159 192
12 130
17 224
132 154
51 112
58 70
202 266
271 287
5 237
66 96
129 180
168 204
195 244
139 234
51 103
53 55
3 95
217 225
12 103
149 163
199 212
183 236
75 84
48 270
152 283
101 270
152 241
55 198
50 84
181 195
2 124
287 289
125 139
59 133
73 143
27 229
222 229
227 294
16 84
126 224
19 120
101 112
127 138
35 66
30 130
173 213
12 92
56 84
192 216
112 120
89 221
156 256
58 75
148 216
35 60
103 280
115 154
112 284
17 154
144 223
196 223
54 112
149 184
270 274
203 262
191 206
83 186
18 206
224 238
93 221
2 37
209 283
42 100
196 214
186 243
2 115
186 233
51 138
21 184
51 76
27 139
106 242
86 242
187 219
221 227
128 184
99 183
145 186
227 251
246 257
175 207
149 206
154 162
154 239
165 198
148 185
251 297
145 176
149 173
172 183
148 193
183 229
31 185
72 142
77 187
234 262
51 56
120 129
29 221
269 279
109 127
155 188
121 275
279 296
192 291
8 120
12 207
41 286
26 104
147 193
219 236
25 33
50 59
38 141
53 112
56 66
65 66
185 255
227 281
196 260
118 297
19 102
127 297
11 139
2 25
2 135
11 72
216 262
180 196
240 255
183 266
18 136
72 140
150 172
33 51
144 188
56 187
97 297
285 296
289 290
24 270
123 280
225 244
177 237
28 30
83 94
51 106
101 280
55 161
6 55
8 51
105 297
145 189
2 67
154 156
157 240
229 247
163 224
118 243
84 96
2 64
31 237
86 190
33 80
184 219
55 132
191 204
175 247
21 100
33 47
18 98
16 18
93 120
66 291
51 297
110 289
27 58
30 91
124 154
32 141
70 224
198 208
58 117
30 93
53 270
113 220
66 83
93 99
17 275
25 127
128 229
9 297
202 270
14 237
283 286
212 221
276 283
112 141
171 221
156 176
222 248
65 104
111 291
30 54
41 94
196 236
179 223
177 185
148 227
51 60
106 176
155 237
274 278
58 81
41 220
15 176
35 103
43 58
134 206
261 270
224 247
176 196
19 90
51 71
59 93
109 237
173 183
51 96
143 286
29 33
106 221
173 254
168 184
187 223
162 186
186 239
70 229
97 116
74 140
61 127
22 284
28 55
203 254
55 131
13 112
22 74
192 236
200 220
23 55
44 186
57 120
180 188
100 140
36 265
270 282
173 202
165 234
8 97
183 214
154 261
50 112
73 269
290 294
148 154
32 33
97 129
118 224
30 81
173 250
141 292
185 228
96 187
72 96
212 258
83 229
82 120
32 59
87 281
1 221
39 112
284 287
96 192
145 206
19 128
70 139
182 230
12 36
30 102
262 264
35 113
214 287
173 247
161 176
173 177
55 88
194 225
100 120
198 225
253 269
187 233
127 137
185 236
123 141
148 198
154 298
217 266
150 251
150 161
232 291
114 141
74 92
60 104
214 269
21 97
76 221
66 107
116 186
74 299
1 59
105 271
176 185
97 113
143 278
24 58
251 257
185 257
254 266
1 12
12 116
42 120
182 224
63 139
33 37
29 141
4 206
125 148
215 254
228 237
18 38
150 185
220 257
203 215
242 262
202 225
84 87
161 232
160 252
7 97
161 198
170 240
9 192
209 235
212 263
190 209
201 294
189 235
38 55
35 298
7 220
80 154
150 209
95 128
145 161
225 230
282 299
173 235
237 285
86 152
12 99
84 102
27 59
184 293
258 259
14 100
244 284
19 42
62 72
171 180
151 281
175 238
85 221
164 172
2 79
104 106
94 279
18 51
159 215
195 235
18 71
219 252
72 128
186 202
221 266
175 218
58 91
155 224
64 237
282 293
138 267
270 300
138 206
160 241
55 110
161 260
122 139
230 262
237 253
193 259
174 294
28 84
86 230
180 211
201 221
122 141
146 195
121 229
152 261
230 285
50 154
6 289
56 192
6 35
21 187
14 286
276 296
94 274
133 139
208 258
18 208
172 255
13 176
186 188
285 287
57 229
2 106
2 34
55 86
193 268
198 246
75 284
20 237
75 192
149 187
19 81
70 176
272 282
16 284
108 297
63 224
51 101
56 289
12 276
88 176
187 204
56 284
174 221
169 172
160 237
49 74
71 104
99 270
59 99
61 187
120 134
33 119
30 274
104 111
138 275
139 265
55 222
175 206
50 229
15 184
161 185
153 220
125 208
70 220
27 141
98 297
102 286
75 224
35 98
45 66
10 176
152 182
83 154
179 193
94 138
159 252
147 246
195 199
33 116
251 298
53 300
119 141
182 210
202 229
37 186
55 87
159 214
161 269
204 253
174 281
1 2
66 87
4 19
189 234
2 76
5 94
5 84
27 33
70 154
185 200
44 55
23 186
16 35
176 195
215 263
63 293
271 290
112 130
3 200
170 266
162 193
180 289
193 239
175 232
169 221
99 176
79 154
221 264
2 289
195 234
101 141
170 201
16 237
91 294
113 298
249 287
140 187
172 231
214 216
112 143
186 224
191 266
121 270
223 263
86 224
139 297
209 269
160 229
203 272
164 214
225 229
23 95
61 97
162 247
239 247
30 51
176 240
17 58
95 130
167 220
190 221
185 297
216 260
221 235
64 100
169 281
200 237
4 95
267 286
50 132
96 213
218 221
65 139
69 293
197 251
58 85
97 130
72 88
241 257
146 240
126 294
66 99
33 46
23 97
62 260
48 289
158 212
66 68
255 263
59 119
86 252
97 143
74 98
204 219
104 136
204 237
207 281
168 176
63 280
219 277
114 132
274 277
199 214
171 201
259 263
28 224
156 217
5 187
44 180
78 104
103 224
210 236
45 97
30 84
21 127
154 211
203 221
60 154
164 228
148 167
24 206
41 59
279 293
94 120
1 112
101 176
14 120
188 192
25 154
59 118
78 187
86 120
18 86
58 297
74 283
3 190
120 158
170 186
12 47
173 221
216 241
194 236
18 40
41 72
125 127
204 250
105 224
129 229
74 278
172 234
35 64
60 95
55 220
22 84
191 215
95 276
139 291
125 199
145 259
36 221
267 278
172 197
155 251
257 260
66 132
157 278
273 291
52 58
214 220
182 218
189 229
97 288
28 74
160 189
36 112
79 112
8 229
129 213
109 120
130 187
94 96
58 84
59 143
32 112
118 221
188 205
45 112
275 282
103 269
194 208
249 266
207 236
164 173
218 265
2 77
175 196
35 224
165 168
1 224
104 133
206 216
12 25
176 257
144 165
268 293
37 95
106 115
18 286
171 246
34 280
211 281
129 154
172 181
12 28
11 289
73 141
38 221
35 141
12 42
21 234
129 224
97 118
82 272
105 229
140 176
28 94
12 16
46 59
98 206
12 271
271 281
94 122
173 181
253 281
238 252
173 255
125 232
17 220
287 297
47 74
161 213
63 260
222 265
169 220
156 197
55 139
29 237
126 300
163 203
159 173
273 276
259 287
84 99
14 30
19 61
41 201
70 289
244 293
65 94
45 297
110 139
55 69
49 58
68 94
74 107
270 272
6 229
11 74
173 191
143 283
163 167
72 103
52 237
201 243
173 265
132 229
171 285
98 187
50 220
112 228
101 286
59 135
140 221
172 179
194 266
220 293
146 154
182 197
91 127
220 256
147 148
176 258
33 178
188 202
173 197
105 154
76 268
182 234
74 128
22 269
184 248
166 225
105 269
125 222
20 183
12 35
269 289
56 224
63 289
229 242
32 202
47 186
58 119
31 33
33 53
69 94
225 233
2 73
2 105
20 127
40 74
184 257
146 252
156 242
145 229
12 31
73 287
180 233
66 143
152 186
152 173
191 201
167 266
55 63
160 277
187 245
112 114
161 224
1 104
187 205
72 279
153 168
48 184
57 242
190 228
164 192
145 175
94 128
33 48
109 176
90 206
67 220
280 295
120 122
87 280
64 120
219 251
161 194
97 102
79 295
33 174
199 207
82 243
127 289
2 101
184 198
82 242
62 270
143 280
131 229
5 221
151 193
165 210
97 136
54 286
2 107
78 127
86 297
150 208
240 249
19 297
94 101
20 104
143 300
66 90
47 95
133 220
33 162
33 107
141 268
33 157
156 233
83 100
32 104
80 95
147 225
78 97
6 139
226 251
172 187
174 287
183 293
144 224
238 287
35 293
14 95
85 220
151 225
98 224
42 104
192 211
172 180
105 275
125 176
197 214
265 284
290 299
182 232
257 293
19 116
235 277
135 220
170 204
183 223
171 266
175 191
180 181
90 270
190 223
38 100
88 229
56 139
135 298
209 254
76 141
42 141
131 186
155 281
214 244
206 227
180 244
24 187
192 264
189 242
5 284
84 124
231 272
84 115
46 58
41 84
105 112
66 128
112 188
84 280
84 113
55 179
3 127
19 36
18 120
61 220
242 282
2 28
87 229
137 280
78 220
30 67
47 51
180 197
102 187
74 276
119 229
179 214
30 64
99 217
33 221
178 182
30 121
195 242
146 187
123 139
180 185
163 186
175 177
260 289
167 222
120 139
6 72
136 220
78 192
120 136
11 12
34 84
187 228
100 130
31 186
24 51
9 224
51 270
182 199
108 112
187 202
31 206
36 203
152 192
196 208
222 238
209 264
269 280
31 281
75 120
25 94
121 192
13 260
55 180
71 280
11 284
186 240
10 97
177 246
95 298
175 213
98 127
95 296
192 195
164 186
91 187
35 206
172 245
173 237
164 241
159 288
177 215
6 30
63 270
208 231
184 246
147 221
31 184
134 192
188 190
226 262
55 182
62 221
271 278
66 82
215 217
248 252
39 260
55 121
96 100
237 270
167 206
71 100
214 218
12 105
25 74
55 78
69 234
247 251
3 33
66 101
9 229
148 226
144 204
265 278
282 287
137 176
102 260
220 269
32 255
157 259
172 220
158 238
66 131
120 187
28 260
40 280
184 284
154 155
186 200
23 112
40 84
48 139
59 126
3 219
223 255
70 206
156 187
60 141
9 12
122 270
182 254
145 180
7 221
145 293
90 104
166 252
58 116
168 229
206 209
221 233
232 262
189 207
212 226
91 139
194 221
293 300
4 186
46 229
16 180
226 252
164 260
228 245
205 236
139 270
24 139
63 185
156 267
173 193
157 288
113 221
180 227
52 220
58 87
209 263
240 265
1 187
111 158
183 228
246 267
196 201
226 277
222 264
83 114
121 141
84 129
45 58
6 180
5 112
170 252
20 97
55 90
155 212
162 192
192 239
37 66
233 281
3 188
254 285
30 108
88 100
117 241
108 199
147 251
8 141
121 224
89 275
215 242
229 256
2 46
192 240
32 258
215 243
219 221
212 248
271 277
140 270
21 206
56 180
71 229
158 189
151 161
194 240
40 268
28 184
48 192
144 212
55 209
203 279
34 95
102 127
8 66
157 299
16 19
146 293
200 248
269 271
19 103
157 162
157 239
225 249
165 243
99 188
180 212
152 228
200 249
165 242
214 224
202 236
80 284
63 275
40 299
193 206
94 103
43 59
97 106
159 175
74 115
54 184
185 286
140 154
273 280
86 148
245 261
26 237
183 285
84 97
201 205
150 162
150 239
222 231
95 176
30 133
151 200
181 184
9 120
19 289
138 288
272 284
74 76
186 265
208 287
165 227
51 224
246 250
151 285
33 50
205 266
179 204
281 296
106 229
187 200
96 221
90 294
206 225
2 87
48 237
159 186
169 261
19 271
79 270
112 173
229 231
191 221
85 260
47 59
116 229
147 266
219 225
114 115
5 270
116 300
100 102
135 260
192 247
243 283
14 84
2 138
6 187
185 203
208 235
5 18
45 84
89 220
167 240
120 130
20 186
156 213
214 229
38 94
217 289
199 293
33 93
76 94
54 127
78 286
22 224
221 252
201 217
78 270
214 242
192 258
112 127
112 298
213 246
214 243
93 187
28 289
235 261
208 213
135 176
37 221
5 154
34 176
201 237
97 112
100 107
2 119
291 300
209 256
222 256
176 209
229 291
19 123
12 79
246 247
30 269
156 234
273 293
165 205
66 93
35 91
55 189
166 187
59 117
37 84
76 229
31 95
100 272
79 84
154 190
38 74
47 284
147 156
205 214
18 70
252 281
193 251
121 206
66 276
193 221
36 139
131 237
183 192
82 216
270 271
209 258
151 154
19 71
165 233
27 220
91 184
100 279
5 104
122 260
150 182
25 141
187 262
16 297
225 264
72 294
150 259
31 72
72 101
32 55
12 108
101 139
128 221
51 55
190 252
174 209
30 70
11 112
201 202
63 94
184 258
10 59
131 187
66 120
12 45
273 297
252 253
223 248
55 105
172 196
179 262
166 173
172 235
110 286
14 229
23 100
12 63
205 261
14 300
10 187
219 281
13 66
89 184
66 89
67 270
69 154
74 99
6 19
13 35
209 253
38 260
164 223
175 294
186 217
154 173
148 235
71 237
156 218
269 299
112 124
169 206
58 98
147 204
154 174
66 81
99 252
121 221
30 32
179 189
163 171
153 248
89 97
173 192
293 297
208 234
28 186
53 58
157 200
146 148
185 253
146 283
55 119
205 207
14 66
6 237
193 236
154 258
18 127
134 221
47 290
148 177
186 266
88 120
12 109
97 117
213 218
54 139
220 254
146 165
215 257
93 186
105 206
12 65
156 264
55 269
145 221
27 35
99 260
180 232
7 141
90 95
189 218
27 66
71 95
144 221
58 291
203 251
265 268
158 182
2 55
59 276
51 63
85 192
152 215
181 222
220 265
199 291
72 112
185 187
12 86
36 74
68 237
74 137
212 219
155 246
138 279
142 221
282 298
153 226
76 206
281 287
240 267
4 12
165 267
66 126
1 206
164 180
192 210
51 108
61 284
159 220
183 186
17 270
101 127
178 195
169 173
112 261
22 139
38 115
182 203
9 100
55 218
90 260
25 66
16 192
158 187
184 245
78 120
174 285
104 288
90 237
19 32
154 215
30 276
204 234
161 265
161 211
166 189
64 298
120 121
59 113
207 252
46 95
137 186
68 95
51 100
145 220
206 210
66 271
197 241
102 120
212 217
64 97
90 187
229 232
92 224
199 222
185 276
2 41
154 297
234 283
18 297
146 208
174 293
59 272
46 55
230 294
99 200
241 244
171 175
11 176
277 288
51 75
88 220
125 289
35 287
177 208
44 221
71 74
38 298
100 127
19 112
55 173
50 58
27 30
33 108
196 246
35 45
77 289
181 241
87 221
224 284
39 186
171 182
176 253
53 94
33 69
35 117
197 262
54 97
57 139
244 287
111 199
236 283
106 184
126 289
134 289
174 240
206 211
144 148
33 266
95 129
12 51
221 223
95 132
62 279
60 112
145 237
291 294
157 236
55 135
12 13
32 72
254 276
2 24
142 237
33 249
11 19
18 85
66 79
176 226
174 229
36 66
27 289
215 238
290 292
146 237
220 263
160 236
20 72
8 186
112 236
28 297
108 158
242 254
2 65
192 249
53 66
56 112
48 127
162 166
166 239
208 263
34 224
42 297
1 95
178 259
95 116
115 260
145 222
31 260
110 281
144 163
66 70
9 94
12 69
165 213
172 247
30 295
220 262
195 232
2 53
7 12
207 241
229 248
194 237
219 246
258 261
209 287
220 226
195 198
284 293
3 58
133 224
166 269
55 183
1 72
104 279
55 190
84 114
200 254
214 293
45 154
15 220
191 255
89 104
192 226
35 99
48 51
27 260
167 215
26 120
10 237
12 124
38 192
189 232
178 215
234 241
22 51
172 260
231 266
213 268
172 191
9 55
54 180
84 85
38 72
184 201
223 250
58 120
146 185
148 253
165 169
238 259
223 249
84 106
112 129
101 186
154 195
29 139
36 58
190 236
95 112
214 258
23 94
54 297
220 294
182 263
199 237
151 212
165 167
115 128
185 283
27 176
188 213
286 293
117 220
3 283
126 275
46 84
168 251
100 119
98 104
69 221
175 235
39 84
224 278
177 228
33 75
41 66
191 246
238 293
168 220
189 267
207 260
66 118
50 66
161 243
2 120
1 270
115 291
180 223
7 51
55 118
194 251
234 284
99 132
30 137
189 226
209 242
30 132
221 250
162 197
117 127
197 239
157 300
124 127
154 264
184 207
111 112
121 280
147 165
110 154
194 214
28 139
149 246
33 128
234 260
237 283
55 76
185 199
164 237
168 246
41 294
30 134
191 220
83 84
148 181
165 166
100 108
167 173
214 232
34 72
23 192
162 244
239 244
80 94
153 243
138 276
118 288
126 180
40 279
224 240
108 294
156 260
144 175
43 51
186 225
6 176
249 259
50 283
59 89
178 293
186 258
161 235
29 192
202 204
40 221
14 94
195 216
148 203
203 283
258 281
195 206
209 210
12 292
194 261
139 268
193 246
58 77
7 176
220 247
29 229
25 58
172 267
152 154
204 224
149 240
217 236
92 180
35 286
208 253
169 240
55 288
23 229
67 184
34 184
100 115
3 94
37 192
153 256
18 180
272 287
26 176
220 258
148 164
82 252
159 182
174 251
238 267
67 206
90 220
184 282
34 74
152 259
59 98
8 30
96 141
46 206
198 266
1 18
55 106
68 127
169 215
236 281
12 131
111 220
30 118
72 98
155 156
165 244
65 237
73 288
36 93
117 218
81 112
172 174
101 206
66 135
33 45
178 180
123 176
156 241
6 58
147 260
180 198
73 94
60 288
86 112
71 220
2 63
182 216
185 250
119 280
68 171
74 88
197 259
182 184
127 213
201 224
18 289
72 136
162 233
233 239
133 237
88 243
181 223
167 214
36 192
202 283
158 170
278 299
70 260
234 267
55 73
208 237
272 291
105 139
279 285
94 127
73 139
32 214
112 117
281 286
115 171
90 97
33 81
150 180
45 289
153 231
196 206
55 60
95 220
157 163
97 279
22 66
71 186
112 175
184 254
160 223
172 216
44 115
173 196
209 248
206 261
168 223
53 141
36 289
287 300
157 195
184 224
81 187
51 136
165 231
82 84
49 224
203 208
190 204
185 235
30 92
37 72
197 261
145 262
187 267
99 266
84 290
82 95
14 35
202 222
167 189
296 297
237 245
281 284
190 241
93 112
159 172
149 260
244 261
3 12
33 175
193 249
60 269
224 276
18 123
164 208
92 112
58 131
85 139
215 219
145 246
186 230
27 206
43 184
63 112
116 184
79 104
19 299
36 266
66 124
236 250
103 176
182 267
20 74
61 289
236 255
206 215
72 268
101 221
203 212
30 85
169 252
117 235
19 28
38 184
223 242
33 186
127 142
152 240
116 270
212 231
185 281
25 95
65 186
100 129
12 68
233 259
46 280
33 140
231 259
230 277
39 59
97 180
141 291
156 224
74 132
11 187
184 288
160 188
210 277
217 222
30 42
2 140
158 221
179 192
53 59
16 30
177 182
148 237
26 206
20 94
230 259
45 186
276 293
231 277
154 231
95 271
138 278
174 252
116 154
71 206
58 115
96 206
204 257
18 42
33 291
157 172
67 139
190 212
225 243
170 262
176 245
110 127
278 280
225 242
67 298
112 287
270 299
2 103
164 165
8 280
114 154
113 120
30 39
66 274
195 256
72 288
165 192
169 229
51 123
272 283
201 244
184 241
21 120
188 278
21 220
97 110
158 294
4 154
164 246
268 287
138 186
148 256
167 229
190 266
19 127
155 184
154 227
7 184
212 264
142 220
212 256
188 193
114 206
38 293
229 266
39 58
5 33
221 225
56 97
27 84
156 190
189 256
184 194
51 110
160 162
289 297
160 239
55 103
212 253
167 188
84 141
30 119
101 120
213 236
26 275
14 224
23 184
104 112
97 109
83 95
177 220
2 5
175 197
258 262
112 123
27 74
189 244
190 229
18 92
63 237
157 277
273 275
19 137
180 242
1 94
32 148
218 229
93 206
84 134
26 55
58 224
159 189
112 212
176 213
33 78
89 284
105 272
66 122
59 87
214 234
177 251
255 270
273 287
163 249
8 220
282 297
124 237
65 289
231 251
23 59
234 252
206 249
242 259
59 131
176 177
70 95
107 143
199 246
14 97
20 297
18 126
72 115
58 90
133 272
195 231
215 269
13 186
23 72
35 53
34 192
109 192
207 240
195 233
108 283
94 224
59 67
3 141
36 55
185 263
249 277
72 105
32 66
72 73
224 266
114 285
43 95
19 39
65 192
44 58
52 95
269 296
59 279
68 176
73 298
162 190
47 224
195 254
46 51
190 239
91 284
152 266
172 250
63 283
210 237
33 65
55 66
216 228
60 72
189 196
189 231
58 69
35 88
133 187
209 213
173 229
30 143
251 254
134 139
12 38
124 192
2 125
227 236
9 104
151 222
214 255
257 266
58 143
70 184
171 269
95 121
186 242
205 228
1 66
216 223
179 222
112 122
106 237
188 217
187 238
34 237
86 199
186 235
111 229
105 276
85 280
186 190
251 255
166 201
59 68
54 206
66 119
91 224
30 44
129 187
172 287
36 213
33 195
205 260
35 37
170 225
55 174
218 223
35 125
115 220
192 243
147 200
102 275
51 291
5 72
168 200
175 233
74 286
41 254
185 210
8 187
86 203
204 260
283 299
185 211
205 262
58 63
220 242
8 35
257 262
7 180
220 243
3 55
153 187
116 176
158 285
191 277
33 189
173 224
241 283
104 154
270 281
138 187
150 262
8 33
42 187
76 262
180 195
50 120
156 227
89 294
192 251
30 36
69 224
60 260
145 195
112 163
136 154
213 233
191 209
209 260
84 132
11 35
102 112
17 72
46 104
17 187
86 283
86 164
177 259
12 54
153 237
15 35
31 221
195 197
42 206
264 287
153 272
162 184
184 239
73 187
33 264
162 257
160 186
105 187
239 257
216 269
12 274
274 281
218 225
63 100
104 270
198 262
180 209
9 51
3 171
93 284
250 281
204 232
205 285
156 170
69 169
60 187
176 291
105 285
29 120
97 137
113 187
62 154
147 162
65 180
147 239
2 276
176 235
156 206
107 232
175 193
94 288
277 294
222 241
275 289
76 176
213 229
282 286
130 141
11 171
82 293
194 260
79 139
151 220
111 237
231 300
209 220
104 110
112 225
133 184
181 206
66 84
8 260
160 267
102 294
162 227
103 141
227 239
47 299
55 84
18 124
141 143
253 277
123 221
94 291
36 234
163 166
81 220
146 163
125 220
221 258
88 289
72 121
186 196
56 176
186 193
195 287
187 259
46 66
4 30
196 241
232 240
49 84
187 297
150 192
100 271
85 297
159 165
139 140
35 93
72 134
201 232
58 80
168 206
153 245
192 257
90 112
151 188
62 184
186 223
155 195
16 100
150 154
94 116
59 124
105 260
33 117
165 265
230 237
12 52
33 269
147 188
62 187
206 270
210 259
80 112
154 265
47 112
63 229
121 184
222 260
7 72
214 250
9 289
73 84
162 177
177 239
94 105
127 139
104 119
86 208
23 35
97 293
164 206
10 112
33 85
52 229
31 192
25 187
134 184
117 141
192 246
166 206
71 192
163 263
120 175
12 82
220 245
132 260
182 235
171 212
26 270
182 196
181 212
21 72
69 280
229 255
213 223
156 221
190 225
151 266
148 171
97 299
138 154
142 284
213 252
30 53
1 141
66 73
229 263
51 139
153 196
200 257
219 260
51 65
212 244
222 226
61 139
25 272
250 261
242 260
242 246
115 213
32 298
59 88
74 105
175 229
50 206
113 184
18 278
177 223
35 40
246 260
51 109
88 275
189 264
188 233
57 288
18 75
245 259
28 294
49 187
210 225
221 270
217 241
93 141
98 141
46 220
197 212
61 74
20 289
107 289
105 184
152 268
225 258
157 261
73 184
79 176
150 285
130 284
96 176
165 250
69 139
240 250
176 261
235 285
226 293
51 133
46 192
77 120
44 74
154 245
33 127
176 269
180 245
18 48
11 184
227 262
18 49
143 284
12 299
12 41
210 220
235 293
61 237
108 127
100 111
205 223
174 206
272 285
82 97
176 231
74 135
162 243
239 243
151 208
28 221
82 224
163 174
53 84
8 184
157 222
97 108
40 287
74 85
35 112
180 258
9 186
153 205
46 97
226 240
215 287
24 84
17 286
149 175
57 97
88 206
219 241
241 274
166 221
75 237
134 280
216 251
47 120
55 64
206 240
58 286
7 33
52 104
152 220
215 265
235 259
2 20
246 287
51 54
112 131
83 280
3 270
66 67
89 270
86 100
238 285
167 262
87 94
217 260
26 229
104 137
210 260
186 205
190 200
88 260
63 120
98 284
113 224
134 229
