heur049_n_300_m_17695
79 238
9 221
206 291
82 261
5 147
20 242
21 224
240 257
163 275
96 110
106 223
106 263
185 266
92 217
2 114
14 219
262 278
100 147
238 240
183 274
15 226
30 95
98 164
139 249
79 182
91 239
22 218
77 296
63 132
100 109
40 251
224 299
135 142
122 214
89 179
189 193
84 248
187 191
100 125
52 91
238 291
160 262
9 76
8 193
78 229
52 66
83 248
241 278
84 140
161 275
62 137
189 236
27 242
24 203
184 283
177 186
40 135
186 247
128 233
87 93
143 176
198 294
27 243
1 53
199 221
169 217
33 260
257 295
120 212
6 74
40 143
260 274
30 62
73 223
130 292
176 189
70 82
138 240
122 295
21 119
161 236
22 112
2 18
91 186
48 101
160 200
155 267
186 213
105 133
7 61
42 70
270 283
242 295
24 283
10 143
191 231
233 269
49 54
46 186
73 171
161 292
121 288
21 242
149 160
3 9
30 56
17 70
140 147
152 183
112 251
73 148
41 60
97 119
138 174
122 267
106 120
43 129
14 264
27 179
13 101
45 96
166 240
10 19
48 134
95 133
26 204
36 59
104 174
187 285
87 96
154 283
117 157
32 170
146 299
15 59
93 122
75 141
150 199
64 82
162 217
217 239
102 205
8 296
24 266
171 195
16 95
29 155
233 242
105 298
3 199
98 178
169 237
177 260
116 141
71 256
108 209
3 98
108 160
12 282
135 237
110 140
7 186
138 145
151 199
28 114
87 231
263 296
196 278
162 174
74 131
83 275
237 242
153 280
61 141
156 283
30 99
83 110
47 80
118 128
59 83
211 250
40 92
61 222
260 265
168 260
170 263
296 299
47 199
22 187
13 19
121 180
133 233
22 89
140 194
43 132
13 84
62 299
19 270
233 246
89 143
219 224
170 195
20 235
20 190
170 206
60 65
122 194
89 186
107 296
79 231
135 276
264 271
37 108
73 124
12 212
14 265
102 206
25 259
4 161
109 211
9 175
89 130
12 179
21 281
106 291
17 148
54 59
51 124
78 211
111 184
15 291
92 171
24 208
32 129
68 157
168 233
283 285
106 161
189 202
99 272
123 135
259 275
199 289
14 252
189 271
110 259
9 26
128 252
88 114
199 203
1 290
251 277
99 198
233 284
33 136
233 287
217 252
36 47
183 201
43 66
273 299
227 275
93 94
33 54
22 276
13 18
5 7
61 272
11 78
178 199
165 260
70 134
180 247
141 190
171 284
56 69
14 257
88 259
170 179
35 39
27 186
199 218
99 300
45 128
5 89
164 199
79 179
94 157
251 261
106 209
171 210
7 78
8 106
148 232
183 200
15 72
113 200
183 224
67 144
148 238
19 212
79 264
161 252
113 119
28 269
208 260
113 244
174 259
126 222
99 257
95 222
49 240
105 299
211 218
199 285
22 245
71 157
52 123
97 132
146 224
161 190
126 131
114 160
37 143
52 55
134 155
28 36
34 171
87 101
133 274
171 286
48 256
17 26
143 217
3 300
49 147
21 294
36 122
6 9
83 263
190 191
142 156
186 197
100 139
199 269
64 240
71 153
170 207
24 235
116 128
129 269
79 178
26 73
133 185
129 296
6 299
139 238
1 250
23 164
191 290
210 278
199 228
168 180
140 244
2 174
141 293
124 198
26 256
64 110
106 113
20 234
47 300
224 296
58 65
189 281
202 219
79 195
170 234
91 188
53 235
132 300
2 9
179 186
24 148
191 284
152 176
156 222
10 182
99 128
233 280
51 94
79 289
87 184
31 151
152 235
115 146
21 261
209 245
186 264
79 219
258 285
105 243
87 120
19 196
30 97
264 281
65 149
22 239
124 238
43 149
2 169
121 156
127 143
229 237
171 247
193 298
106 188
102 248
70 74
96 106
40 157
67 170
99 280
110 152
68 153
34 98
87 167
77 237
127 189
37 138
174 247
93 291
212 222
10 245
134 150
171 278
28 129
130 205
175 275
170 282
8 118
32 69
106 256
87 275
1 242
26 106
29 36
72 158
10 87
220 264
84 217
130 162
260 280
183 235
26 207
24 230
53 67
74 75
223 298
21 296
80 135
18 201
6 186
124 222
193 260
46 53
196 222
9 202
75 144
14 247
121 139
52 64
27 170
151 155
26 231
99 109
12 289
62 106
93 222
111 128
65 130
24 147
88 240
71 140
13 205
20 172
116 144
82 106
28 116
26 114
102 230
1 22
198 283
118 171
167 199
32 136
41 142
19 218
242 251
161 202
82 141
18 239
14 258
3 34
62 297
243 251
191 239
170 182
23 178
7 189
129 157
1 186
15 179
58 166
132 228
59 81
100 161
133 156
186 231
185 229
66 233
76 135
213 278
170 298
18 68
151 244
41 73
263 299
174 191
212 283
93 160
110 125
51 125
185 212
180 262
7 178
15 284
41 85
152 199
103 119
91 269
174 183
22 289
23 280
138 158
210 217
49 83
14 168
27 255
130 206
12 17
94 278
22 78
179 237
60 160
18 137
85 223
191 288
48 78
141 156
61 283
199 260
17 155
49 78
16 217
237 264
13 239
275 297
52 90
41 55
144 149
236 260
18 161
95 171
80 160
14 236
71 180
170 224
143 206
21 157
52 275
34 151
152 204
233 247
64 94
164 233
53 135
132 189
47 108
38 53
5 48
109 110
50 82
7 74
49 53
24 194
99 218
62 76
50 114
21 232
142 157
179 183
109 275
22 134
55 65
130 238
14 227
99 166
20 263
189 237
58 59
189 219
180 273
55 109
34 55
156 160
212 237
63 143
39 82
181 240
209 270
157 211
76 225
152 185
79 221
87 230
46 81
74 150
84 122
239 278
47 183
82 151
38 186
12 169
44 116
84 216
207 209
12 137
26 296
25 173
51 134
51 126
39 61
195 237
181 283
38 140
179 191
133 161
74 122
99 100
251 279
47 60
109 262
80 216
85 275
84 225
100 185
9 190
116 294
43 53
121 249
78 114
183 234
152 269
26 192
15 99
63 70
237 289
23 53
110 157
29 44
56 158
88 234
60 217
65 74
233 236
81 140
115 276
141 149
147 199
61 106
87 90
49 162
165 278
189 249
168 199
23 226
139 180
70 156
163 260
183 267
120 196
124 128
40 120
28 31
82 192
233 250
221 298
149 227
15 213
207 251
125 128
140 209
22 186
34 240
4 90
18 129
133 283
189 241
31 42
165 275
237 268
25 273
180 191
136 209
17 25
48 186
199 277
50 60
232 233
54 68
28 72
112 288
254 283
35 152
216 278
49 171
72 122
99 175
13 206
156 278
82 93
119 296
76 178
191 248
110 174
45 92
27 228
99 110
7 91
5 198
34 143
1 26
174 275
63 154
117 228
122 205
97 263
21 290
9 293
132 296
139 283
2 204
203 237
146 153
19 247
171 276
141 186
195 276
56 149
22 293
11 54
101 291
94 174
159 278
8 232
129 217
99 186
91 150
20 187
83 203
49 156
30 142
85 214
202 295
191 282
26 290
88 174
180 254
277 283
79 170
166 260
78 188
81 119
134 161
131 144
151 296
155 202
3 298
59 132
15 207
94 118
64 106
23 268
191 211
185 201
160 293
79 92
114 186
188 251
24 252
18 283
13 110
172 209
60 74
122 134
109 185
277 278
69 148
55 59
99 153
20 202
117 137
54 296
17 152
50 57
115 192
16 296
114 144
41 125
94 158
41 114
12 135
10 186
97 240
47 76
99 126
24 239
40 240
77 122
65 134
87 268
149 211
50 128
36 158
169 275
60 211
66 217
80 251
98 116
125 131
139 170
8 101
50 186
46 69
161 217
82 231
5 19
79 102
18 247
92 162
63 72
125 278
119 175
188 189
128 161
90 263
25 28
186 203
136 190
159 207
84 200
159 162
2 91
109 146
71 125
109 166
205 299
2 93
57 62
185 223
98 119
116 126
55 129
12 61
30 158
86 189
207 275
152 251
18 258
69 137
161 167
216 217
112 191
23 243
74 106
160 190
216 240
70 103
185 258
225 295
96 217
39 115
56 123
112 133
164 217
137 174
25 249
113 165
49 125
185 282
180 275
52 71
87 169
278 298
76 99
95 223
132 141
174 242
114 240
47 115
111 114
183 220
14 249
82 228
110 248
9 179
18 140
206 233
148 274
248 275
164 298
167 183
9 10
65 72
52 97
111 183
89 121
138 237
122 222
262 283
240 242
4 105
132 298
123 211
122 292
217 228
132 161
189 225
94 156
60 134
19 238
136 152
146 161
148 267
10 225
225 275
20 272
162 215
48 233
209 231
185 285
174 222
199 252
90 290
52 61
119 198
150 235
25 181
15 266
80 183
186 250
96 237
160 173
71 283
110 211
2 227
79 203
10 211
39 74
139 221
233 251
123 144
13 191
167 278
26 193
240 285
256 283
180 248
96 132
47 171
116 151
13 171
24 233
209 215
124 135
99 106
5 54
58 67
22 241
271 275
178 250
22 111
154 207
170 272
50 209
51 217
77 133
126 291
7 249
168 222
111 240
43 116
15 26
43 138
26 273
129 298
110 244
17 19
144 222
24 85
49 112
37 49
88 201
9 219
95 216
78 217
63 116
36 151
14 174
15 156
115 221
128 167
7 93
125 190
283 297
194 222
67 135
101 133
142 238
91 171
96 199
125 291
166 180
171 209
13 79
34 123
46 283
59 278
73 221
152 194
37 75
129 141
16 252
35 135
106 283
135 159
19 189
79 250
15 221
183 216
99 115
167 191
183 194
33 283
68 217
36 45
74 138
8 266
20 63
157 276
81 172
79 287
47 56
121 189
73 144
199 223
46 125
261 287
76 218
230 298
3 17
44 65
38 70
190 291
139 143
28 122
136 143
174 230
144 145
24 105
22 260
19 264
170 268
88 288
53 72
45 143
93 132
68 151
9 72
34 156
97 146
41 116
25 232
17 248
81 104
224 251
269 278
17 142
170 177
199 297
79 143
146 211
130 252
76 254
130 136
15 294
97 183
1 241
99 139
71 117
122 128
174 277
217 279
171 250
125 138
134 199
119 237
61 269
105 278
84 188
90 183
208 275
136 240
79 130
7 10
145 155
12 225
4 195
71 142
170 222
76 210
198 209
47 83
97 100
155 217
185 278
1 34
34 116
79 253
87 243
171 248
68 103
105 247
7 231
30 152
223 283
26 100
15 70
136 142
178 186
147 250
90 249
6 121
127 131
191 262
160 187
148 299
251 252
186 218
46 157
18 251
120 289
138 211
93 110
49 108
53 56
82 200
78 81
111 249
21 56
150 196
168 217
45 60
180 206
35 196
144 240
119 167
104 178
11 102
84 295
12 285
19 231
188 199
191 276
2 19
65 152
70 157
56 152
32 34
81 98
3 222
58 159
49 67
91 153
1 248
126 148
84 178
47 78
137 295
41 272
118 159
2 12
94 98
19 269
20 241
79 246
15 170
184 199
17 297
142 199
129 176
237 278
22 252
86 261
50 144
85 106
14 165
30 150
217 255
19 261
25 69
48 180
141 145
24 106
125 134
153 206
76 174
217 234
19 79
49 104
189 239
136 151
34 183
181 237
91 165
62 278
126 130
205 251
170 175
254 260
199 211
54 151
191 218
22 257
8 44
224 233
8 170
4 78
77 189
63 217
141 222
175 298
90 256
84 173
103 243
1 198
25 278
131 161
132 216
16 114
15 199
117 209
47 104
164 275
1 24
168 237
275 283
160 227
99 285
56 70
125 154
126 133
221 222
14 263
95 191
23 190
150 283
154 286
26 94
20 276
84 160
114 222
16 79
37 54
26 186
199 248
49 115
107 175
26 246
167 198
2 225
3 104
76 85
169 185
181 185
40 75
24 289
240 268
122 158
40 64
24 76
180 202
211 283
50 81
191 237
80 87
6 160
66 144
99 195
214 233
107 179
8 274
256 285
65 158
144 161
94 102
45 48
183 287
20 222
189 205
51 186
67 128
29 72
183 249
155 158
66 154
97 196
82 156
17 190
180 290
89 193
24 111
17 47
197 260
143 160
100 262
56 296
1 162
29 65
44 71
64 114
255 278
20 265
189 259
94 107
130 160
5 26
84 135
33 240
73 173
74 102
30 60
10 119
94 170
10 290
20 163
44 160
17 125
29 45
82 262
183 217
267 290
283 289
2 170
153 214
30 105
89 133
114 122
17 45
5 23
134 215
19 235
18 209
170 213
18 160
186 257
140 150
189 210
6 95
45 107
172 283
90 160
14 214
99 182
147 179
19 190
19 291
44 103
87 199
184 251
7 26
30 61
185 209
161 274
78 293
178 231
7 281
39 64
32 58
48 65
109 223
82 119
206 251
165 295
31 116
221 267
171 263
251 267
6 286
12 153
95 200
4 237
84 224
71 116
9 239
78 99
8 84
54 272
68 170
236 300
22 105
19 243
83 106
49 69
160 222
48 128
56 95
89 296
113 275
57 126
193 283
171 299
89 110
181 191
199 238
2 206
33 44
176 300
18 37
8 291
21 186
17 150
131 260
11 79
180 288
23 288
161 214
278 291
78 184
113 287
81 115
17 76
288 298
70 117
95 110
85 130
37 111
210 298
79 129
59 269
124 199
2 283
61 145
117 172
19 203
267 292
55 116
151 194
134 177
173 217
50 121
160 254
209 237
222 237
77 99
31 74
191 247
113 262
3 40
269 283
69 73
73 106
39 66
94 112
73 86
49 96
2 194
81 123
108 110
185 245
129 145
44 53
50 69
168 186
19 282
37 76
123 142
41 141
186 191
183 273
189 206
22 227
275 296
12 128
209 286
75 122
112 185
14 256
25 45
283 288
260 288
183 246
76 252
47 102
2 168
212 251
36 137
23 202
65 123
38 57
155 180
28 45
124 253
64 65
124 170
29 125
152 196
33 49
37 93
171 186
10 20
24 264
180 295
56 119
21 236
77 94
123 162
111 188
10 12
76 81
118 132
55 150
12 34
43 73
240 241
146 217
39 89
104 244
49 183
26 249
222 227
110 148
35 157
107 290
14 288
193 275
26 96
58 64
93 106
180 183
100 124
171 228
17 140
21 257
9 119
170 267
3 111
146 158
27 174
251 260
100 113
149 162
49 141
12 133
35 147
29 52
180 214
67 122
171 220
141 157
130 276
24 178
7 117
186 285
128 299
80 99
100 216
144 147
26 244
151 284
22 280
45 93
59 103
117 211
160 225
57 130
59 223
148 211
191 263
105 286
11 185
30 107
188 222
124 146
82 254
180 260
182 283
148 236
29 233
167 237
47 54
13 98
129 185
53 69
73 111
199 244
171 176
20 270
47 185
169 224
170 198
22 225
23 205
10 204
31 46
13 115
9 287
8 185
147 211
63 144
48 247
100 159
7 265
19 100
63 131
8 65
77 119
157 244
45 155
42 260
88 242
150 206
87 131
147 184
29 94
5 231
100 112
107 177
34 251
148 152
222 234
47 111
127 176
3 157
124 300
90 211
166 298
179 185
130 269
78 148
35 73
49 120
102 160
8 246
60 162
35 159
48 90
176 183
79 120
12 283
180 231
21 265
21 168
66 159
89 291
59 76
133 251
52 130
49 76
19 245
40 66
96 171
165 209
219 275
45 144
135 225
189 213
128 186
174 207
127 250
155 236
151 162
186 286
21 182
162 298
129 148
207 298
23 239
190 283
99 263
42 116
260 293
38 154
17 158
113 201
263 278
36 145
83 251
27 117
170 253
25 219
65 151
12 247
31 124
25 235
90 248
2 121
34 42
122 236
153 155
55 162
82 137
30 35
28 143
122 136
138 155
7 81
16 179
68 108
24 26
14 279
53 75
64 229
14 295
30 57
5 256
69 123
222 224
92 199
33 58
172 222
115 201
129 205
180 228
149 196
166 183
117 146
15 219
78 251
209 274
81 117
111 134
23 267
180 256
160 205
95 225
27 279
121 260
82 94
1 213
113 137
174 282
184 298
89 262
160 283
237 239
162 237
44 132
89 117
102 204
106 185
79 110
18 47
111 121
83 196
79 274
144 186
275 287
273 298
217 272
51 170
170 246
263 275
4 250
34 35
132 162
154 246
56 204
163 251
118 238
15 33
15 160
217 257
115 280
170 231
219 278
165 298
138 141
4 136
147 189
67 72
47 130
15 68
105 121
124 189
26 30
29 142
62 189
138 269
94 119
16 229
139 162
97 271
123 236
99 207
27 178
126 139
146 176
99 134
161 204
48 217
191 245
10 84
148 243
84 275
165 203
28 58
135 206
101 106
10 17
160 280
119 232
9 59
87 214
155 291
29 134
170 284
233 289
87 115
81 186
185 239
32 147
47 63
72 137
153 167
23 236
95 173
45 147
231 264
142 158
63 129
79 271
73 75
233 264
191 243
160 243
202 260
183 270
180 269
23 176
48 100
179 233
102 132
31 32
8 113
267 299
108 202
209 281
132 142
170 242
238 299
55 152
2 74
76 287
14 269
34 147
187 286
189 273
46 110
17 185
183 206
237 238
166 251
70 125
90 174
14 241
27 202
29 217
4 89
146 300
49 152
104 116
73 275
45 63
69 146
127 162
88 122
83 132
233 263
191 250
57 117
91 278
45 135
209 211
82 100
123 292
165 221
134 137
38 81
106 249
42 217
19 281
3 244
178 233
103 257
19 26
50 54
26 254
93 189
18 261
32 103
21 205
76 260
45 148
209 226
111 160
1 267
61 153
69 151
6 201
59 110
170 249
260 271
54 126
25 186
102 269
11 83
104 171
30 68
127 184
202 240
57 272
53 295
183 250
162 196
144 209
185 220
55 146
121 161
47 86
25 140
81 127
129 186
136 236
187 275
124 269
30 75
249 298
115 223
108 296
79 100
129 137
31 156
102 131
165 276
62 145
3 103
187 217
19 279
4 26
92 240
100 123
37 65
184 191
81 97
28 39
170 287
79 196
17 102
19 272
12 176
138 143
240 261
85 153
40 104
87 227
104 183
42 135
223 278
8 117
199 295
32 40
17 196
58 253
233 279
79 162
79 239
79 207
61 126
118 125
37 162
57 128
106 262
170 181
58 130
210 233
34 76
199 274
185 271
108 171
10 16
35 162
100 244
67 233
180 200
193 194
73 97
68 159
17 24
92 99
16 232
250 278
127 296
125 155
50 141
116 150
7 193
251 287
110 145
51 145
47 57
135 180
28 244
34 113
138 150
240 282
81 131
76 241
220 237
31 37
19 294
281 291
8 272
40 296
91 288
189 197
127 134
185 216
26 251
42 49
19 173
25 295
65 71
119 182
3 59
5 135
43 158
86 173
5 25
8 257
96 185
84 222
70 160
195 298
39 156
203 240
222 280
189 191
127 133
133 153
130 214
39 183
63 209
162 211
137 222
211 239
56 73
153 297
123 300
185 265
76 157
208 222
23 263
6 100
91 240
22 106
224 283
183 280
128 152
99 229
28 141
24 112
49 85
147 233
189 298
189 252
99 291
4 249
183 215
93 300
99 190
36 62
137 260
79 185
130 224
78 262
15 295
80 131
18 264
49 97
2 15
77 248
184 233
52 53
131 264
56 260
189 277
2 175
82 117
94 137
235 251
264 298
114 214
127 128
233 235
20 181
117 158
32 189
25 271
107 114
15 17
30 185
97 291
49 222
121 154
2 193
183 227
7 57
186 282
222 249
48 273
19 206
137 144
44 82
179 217
147 175
209 241
171 277
162 251
239 251
80 222
22 266
63 95
51 116
15 165
109 133
15 153
128 217
111 273
58 126
99 112
22 215
115 186
19 226
199 263
109 137
189 246
40 196
176 275
76 289
22 201
20 271
34 162
186 252
111 116
6 284
44 217
68 110
102 163
27 172
20 197
37 90
187 222
227 260
183 255
74 160
3 6
241 275
61 140
59 164
28 217
229 240
38 39
236 275
84 201
106 150
94 185
80 276
78 133
19 253
135 155
7 259
72 152
145 184
199 290
165 183
113 154
58 235
209 279
76 203
64 135
40 112
107 298
178 217
191 269
202 263
41 162
117 222
222 283
231 298
38 43
30 88
90 244
189 204
143 157
104 196
199 292
2 136
233 267
107 273
178 237
182 209
49 143
20 78
81 90
71 114
13 194
79 108
24 168
87 186
7 62
142 206
67 154
107 209
172 240
61 278
49 135
123 294
25 59
128 137
123 199
2 160
155 299
185 214
18 148
26 119
82 248
71 110
217 219
24 174
237 260
98 114
14 225
111 260
130 131
199 270
106 138
28 142
82 203
52 120
170 276
33 72
43 64
234 291
237 290
164 170
29 170
28 54
153 209
22 228
37 105
36 156
48 146
79 105
39 93
93 199
209 268
209 214
79 235
130 299
236 240
17 145
40 148
260 275
199 200
115 160
134 179
131 143
31 40
26 39
76 257
79 229
162 202
134 149
41 143
10 284
89 131
154 199
126 217
275 284
79 116
185 213
34 70
71 233
138 148
85 244
162 279
5 175
170 221
100 153
76 236
82 132
51 122
133 186
30 183
89 256
19 214
91 263
50 52
44 83
106 200
185 260
128 249
21 256
185 194
100 158
27 80
174 286
99 286
127 155
47 77
1 168
80 296
22 178
153 291
115 251
60 116
14 182
93 171
8 218
237 252
59 122
50 53
134 188
170 200
9 189
37 85
156 199
44 47
48 154
108 251
75 299
134 193
216 298
76 138
1 182
31 67
138 161
87 191
12 224
10 69
18 130
147 177
116 159
78 273
47 283
189 238
168 185
233 252
59 65
260 273
94 139
49 126
118 248
122 204
89 288
66 138
199 229
86 117
196 299
222 232
170 212
56 114
44 151
174 189
27 282
213 260
12 263
4 102
191 241
129 209
87 111
210 251
161 206
250 251
37 233
25 296
103 126
161 227
25 214
133 137
39 98
14 184
20 269
39 44
45 275
123 146
137 142
52 240
74 147
67 160
184 217
149 186
160 256
64 160
26 293
269 275
30 222
4 24
182 298
27 203
85 186
121 125
127 233
77 223
20 56
267 283
5 297
97 133
4 145
64 139
84 148
42 69
117 173
75 116
186 288
32 65
17 263
117 192
38 128
67 136
34 118
20 256
30 65
128 135
52 68
140 158
175 293
38 110
62 139
110 137
18 122
14 195
185 273
69 145
183 254
140 153
15 201
146 156
34 97
10 22
100 105
158 260
193 293
49 72
51 233
73 189
46 114
121 144
178 283
152 299
122 167
96 122
81 109
72 157
260 279
74 80
25 189
161 249
67 146
218 283
146 151
43 56
87 255
34 51
8 207
139 188
130 176
8 239
1 170
222 286
10 292
40 71
34 222
135 278
49 61
2 47
18 254
62 127
14 68
100 156
185 267
13 222
70 152
65 157
125 238
259 283
79 194
111 207
78 146
160 218
9 296
132 160
16 183
47 58
11 239
246 298
166 191
7 167
91 281
10 285
183 277
66 189
134 290
171 239
32 106
134 288
76 243
170 289
14 280
61 75
79 272
168 191
70 153
76 170
210 222
88 292
20 59
80 223
20 182
68 260
14 179
154 188
222 254
3 30
225 299
144 211
142 240
46 278
113 219
125 206
79 82
5 153
32 114
87 100
260 278
55 158
174 300
134 291
179 199
51 130
33 94
293 296
7 288
99 138
8 26
46 60
199 294
200 275
138 153
133 297
20 282
143 222
15 297
199 266
16 160
45 124
108 276
121 147
46 73
169 186
77 106
104 212
76 291
131 249
36 129
149 224
128 157
4 112
129 243
65 125
16 165
166 278
17 209
99 103
168 299
115 209
44 248
103 116
17 21
1 25
153 236
25 243
20 261
156 292
8 242
159 260
114 119
19 259
143 145
260 287
13 83
27 226
113 131
110 150
138 295
199 202
39 42
233 249
8 259
111 247
158 240
97 289
45 171
128 278
10 70
118 209
17 216
35 68
8 91
257 264
15 166
171 238
189 250
132 186
45 70
118 278
170 228
148 201
166 186
67 189
109 171
7 179
146 186
52 56
74 144
66 125
72 162
57 67
260 262
235 292
157 215
109 148
57 64
27 187
77 244
266 283
24 172
8 76
128 139
148 241
46 129
111 147
270 275
146 269
250 298
18 59
18 212
167 283
3 245
43 272
63 153
26 260
34 191
217 270
170 251
256 299
18 275
87 104
88 106
52 161
87 264
68 267
59 116
94 248
46 128
83 174
69 71
256 263
18 241
49 111
37 70
223 260
84 291
46 217
2 23
4 130
154 179
222 233
218 222
63 140
81 137
15 248
110 173
19 216
171 178
88 270
233 272
186 238
7 251
129 190
122 157
191 210
162 222
222 239
98 289
123 299
195 211
52 65
173 186
138 180
186 289
133 159
141 240
18 262
38 161
62 153
119 209
2 26
33 43
64 72
134 295
116 296
46 141
152 160
189 192
115 116
92 257
177 278
79 285
28 154
45 117
186 195
41 278
140 148
167 185
39 105
122 154
45 141
188 240
30 199
100 259
105 116
95 248
142 154
73 116
104 275
136 141
4 138
2 17
139 141
132 202
87 117
222 262
78 207
14 208
146 202
47 61
185 189
23 247
117 136
24 124
33 134
109 240
13 252
9 272
26 241
12 218
10 58
79 133
62 147
90 114
205 222
135 209
296 298
108 119
150 155
24 169
60 135
81 116
76 188
131 156
30 71
15 292
18 260
33 83
118 217
131 150
22 232
87 206
185 195
123 140
8 251
139 246
28 149
1 160
171 215
105 250
23 283
39 107
170 190
64 84
170 235
123 186
122 274
185 289
25 61
133 145
171 252
27 169
93 243
15 169
6 116
61 209
129 215
239 260
44 73
170 218
60 123
89 115
117 147
147 283
60 61
163 185
11 251
168 283
265 283
40 41
18 72
82 150
3 119
36 51
19 246
172 264
107 247
147 278
12 228
76 299
228 275
21 173
121 244
14 284
35 158
175 264
45 51
1 237
105 183
37 58
73 183
84 209
115 121
95 291
159 283
48 107
124 174
78 79
199 254
82 114
83 217
40 72
8 269
146 205
218 251
199 220
125 142
148 210
81 107
78 115
86 200
46 209
35 151
210 283
67 134
134 141
160 192
143 162
103 106
56 267
98 276
222 270
178 294
45 69
54 262
2 16
211 234
222 252
173 209
5 123
32 75
65 143
62 125
163 283
183 204
44 139
131 151
198 278
15 254
13 267
29 160
141 152
170 173
52 59
37 222
44 45
91 192
130 185
45 68
122 140
20 193
67 161
107 183
221 260
94 124
18 226
12 231
10 233
62 134
217 275
20 229
55 68
48 94
131 190
46 170
11 26
14 87
99 219
162 168
144 190
89 209
141 154
100 157
191 258
187 189
126 276
114 129
3 79
36 61
178 251
134 256
37 69
227 258
173 251
100 233
35 296
167 275
186 249
122 240
43 148
13 165
164 251
266 275
121 256
117 240
170 241
180 253
63 189
33 82
56 103
59 94
160 211
31 296
22 272
31 47
34 92
240 252
29 110
34 185
170 285
194 263
131 149
128 147
114 202
92 275
69 156
116 222
143 238
22 121
90 150
175 185
149 155
1 299
205 275
71 170
126 159
25 293
20 224
26 298
69 136
99 117
75 83
122 293
57 300
128 214
5 209
56 228
46 126
171 260
10 14
73 98
185 238
1 234
28 162
232 260
111 175
128 148
144 160
199 299
211 237
151 251
49 148
191 208
47 113
83 148
109 131
34 96
98 214
41 54
85 246
62 293
82 300
183 184
128 156
2 268
15 167
20 57
13 234
199 241
24 220
237 282
157 267
25 255
135 250
16 177
15 61
180 252
16 105
260 286
79 126
140 240
41 122
96 133
217 251
177 275
39 295
14 262
237 293
30 123
76 274
81 133
79 234
153 185
34 138
113 289
114 134
53 116
117 289
135 294
128 153
73 244
279 299
73 117
208 240
35 272
79 165
191 259
70 114
108 150
153 217
35 42
59 142
23 271
223 251
59 213
171 262
56 217
85 121
3 204
28 295
79 181
42 146
66 139
209 244
21 229
37 128
48 155
45 183
251 296
77 183
140 222
252 283
17 217
34 141
113 178
40 58
11 61
145 146
203 233
196 240
40 44
63 269
181 209
66 100
270 278
66 278
110 120
186 215
283 295
127 174
82 131
4 11
93 271
79 106
138 149
9 263
32 57
43 160
169 251
213 222
33 36
73 160
57 161
68 233
84 276
7 103
114 120
12 279
183 289
105 174
47 71
130 296
114 178
51 72
5 291
149 236
6 285
191 283
40 222
147 222
24 79
161 238
19 257
36 135
18 213
183 205
185 230
186 232
49 251
17 103
164 278
87 165
41 154
185 215
191 212
25 281
43 147
62 300
32 100
149 176
191 205
18 296
186 234
206 260
8 294
135 186
255 260
138 151
56 132
8 199
131 298
103 153
199 224
18 147
170 239
140 145
191 226
74 154
74 114
210 240
99 160
70 148
122 156
112 121
17 100
91 191
5 59
175 260
6 134
148 240
44 147
4 147
42 161
50 278
15 113
194 217
189 224
47 272
80 116
128 211
25 178
5 10
28 40
6 182
10 21
1 100
12 177
13 189
94 150
135 240
139 250
15 282
81 122
22 173
42 60
20 179
168 240
215 237
161 300
99 237
4 13
174 237
183 213
83 130
56 155
23 169
233 248
15 63
18 34
105 221
129 278
8 283
13 264
19 168
32 47
25 170
50 73
14 254
33 143
40 294
49 144
62 149
169 187
53 62
26 182
106 111
20 47
185 279
130 279
18 194
171 217
133 206
212 260
237 240
180 292
257 299
268 275
165 237
99 235
11 191
3 107
29 39
122 162
85 251
62 170
107 217
121 146
101 193
40 86
171 254
14 273
8 247
36 49
49 185
171 232
63 76
129 206
111 246
204 217
286 289
52 67
209 284
128 129
36 157
58 122
283 290
84 256
146 191
12 186
20 206
237 261
92 251
88 146
25 206
160 268
20 281
24 100
198 233
90 246
275 280
186 216
55 80
33 132
170 259
113 208
185 207
50 129
209 232
148 286
40 128
13 107
178 185
85 122
134 154
45 46
3 105
3 73
55 272
36 42
76 283
157 160
91 265
109 217
25 26
260 299
79 254
45 91
27 239
127 141
237 249
99 228
55 114
30 296
200 209
100 150
175 240
19 195
154 233
22 220
53 272
66 103
32 117
51 57
27 291
115 254
160 244
78 260
49 199
107 221
52 83
237 266
6 17
3 81
99 246
16 191
24 272
226 275
152 211
229 251
90 298
122 132
193 240
214 217
121 195
126 156
98 235
40 152
113 114
70 145
185 243
89 278
85 249
83 178
100 186
3 14
8 88
81 125
128 269
211 222
49 275
22 119
89 177
40 115
25 221
39 86
134 195
41 129
247 298
76 267
59 283
34 152
98 110
85 191
34 54
18 167
162 240
239 240
224 285
99 193
161 199
222 271
58 68
157 176
103 148
25 49
172 233
14 212
43 65
45 151
106 276
85 159
157 194
141 217
18 79
21 222
27 124
153 170
116 157
47 275
111 250
90 188
37 141
135 148
42 145
27 192
185 252
171 188
183 233
121 123
90 216
10 194
122 142
160 278
31 38
154 296
3 77
106 153
104 217
191 274
31 135
186 246
75 115
51 115
29 30
68 92
25 257
3 110
62 152
89 211
133 217
171 206
117 160
163 211
154 223
76 245
99 230
9 226
49 129
99 269
101 188
35 61
87 242
30 114
8 226
8 93
93 238
115 261
99 265
70 130
77 110
27 259
157 224
3 25
51 278
278 295
79 240
77 275
20 280
209 216
165 188
49 101
32 260
22 79
202 277
102 276
8 206
57 74
31 61
86 122
3 211
176 296
276 291
153 202
198 298
20 99
199 267
82 161
56 278
22 101
13 27
62 217
160 183
22 115
281 297
144 217
186 201
9 177
105 110
119 252
239 290
38 155
95 256
140 299
89 223
26 146
187 231
86 114
209 257
24 258
74 156
160 257
78 240
100 137
50 222
23 181
102 137
214 275
251 282
49 295
177 183
102 169
51 128
101 119
173 233
11 98
56 82
76 153
106 179
240 259
170 279
90 231
91 291
199 271
185 274
109 248
170 210
76 222
195 240
15 263
98 185
25 168
47 156
39 108
46 233
19 65
18 220
183 244
154 175
269 292
87 160
114 142
292 296
130 295
189 222
133 149
40 57
169 191
193 199
16 116
140 149
59 261
84 219
33 233
71 160
82 198
238 283
240 271
222 244
40 113
115 262
261 275
32 52
99 264
61 143
16 209
44 106
40 132
47 66
85 110
37 136
76 238
27 231
168 178
183 197
154 229
34 157
4 193
211 217
77 216
37 134
52 105
15 48
131 167
123 160
202 251
7 40
172 237
5 299
99 152
50 142
61 130
111 133
93 154
49 68
211 273
44 114
69 124
171 272
12 161
34 36
271 283
237 274
44 123
95 269
52 296
1 102
66 134
75 143
170 286
89 188
135 145
126 240
52 78
185 233
52 72
61 114
238 298
96 117
87 89
106 286
59 121
8 86
106 222
35 139
97 185
194 278
73 140
192 217
91 248
48 79
197 278
105 146
174 186
87 187
99 135
59 182
138 217
23 282
13 145
153 190
63 103
10 43
198 299
191 287
267 297
86 116
240 296
89 138
182 275
22 253
1 276
279 300
257 294
85 185
64 127
19 192
132 168
134 156
113 278
92 116
120 216
87 279
129 227
18 295
27 88
223 240
22 196
172 185
26 171
27 264
36 147
104 296
138 146
98 100
52 77
130 204
14 193
116 133
49 71
153 174
93 115
24 78
172 217
146 227
180 190
228 283
118 191
155 159
31 45
119 233
264 268
49 136
82 285
133 146
161 251
133 279
171 258
27 295
145 160
78 177
152 167
217 245
3 267
167 251
189 247
50 111
91 226
187 246
171 193
47 67
191 197
84 288
107 288
2 166
21 252
243 275
23 227
24 74
27 284
50 110
106 175
91 130
96 119
20 210
135 137
23 207
25 34
132 135
24 271
136 153
116 152
27 214
79 247
17 106
21 249
136 180
191 244
61 72
16 186
88 244
22 176
62 121
180 251
40 151
8 95
256 284
17 156
269 297
23 177
102 213
19 242
9 61
127 160
185 197
24 189
46 54
108 225
107 293
21 197
25 270
33 278
6 297
33 141
129 139
183 225
38 114
51 113
52 80
94 234
36 37
132 140
170 184
235 275
7 104
45 129
99 268
24 213
99 118
1 135
147 293
40 160
183 209
23 163
37 94
75 159
9 262
240 276
11 199
104 248
95 275
156 162
93 119
84 299
183 284
199 242
106 217
180 281
185 188
146 160
260 270
96 263
10 18
48 122
178 184
51 69
56 159
79 225
37 57
183 262
130 169
68 283
171 190
124 181
142 150
76 175
108 212
34 78
44 146
17 147
27 249
95 209
68 278
180 193
108 275
175 283
126 149
103 281
58 272
13 105
246 268
25 265
49 151
83 209
7 44
249 251
63 186
42 147
8 209
14 255
58 62
104 211
111 221
20 274
48 49
89 286
123 227
26 147
142 152
25 287
73 151
77 174
174 270
4 114
23 215
11 283
2 153
23 185
48 55
44 117
118 137
242 283
98 117
126 174
4 177
108 262
134 174
16 78
86 217
188 237
18 166
200 233
178 189
57 156
199 226
162 238
33 70
202 297
9 270
24 234
117 124
19 172
163 237
12 206
56 223
17 34
199 265
42 153
160 199
81 149
20 218
149 233
42 94
177 189
40 50
61 152
185 217
205 237
39 146
12 197
126 184
159 195
2 180
117 216
159 199
222 245
24 101
54 119
176 186
148 199
60 64
47 68
38 149
231 240
213 251
222 255
87 222
199 283
34 75
116 240
185 237
86 296
19 193
186 253
56 58
39 97
198 297
10 276
181 199
3 39
39 171
186 241
10 196
170 274
122 235
126 145
209 273
186 236
39 90
90 199
160 273
119 239
12 249
251 280
233 276
74 94
40 114
99 137
122 150
160 161
182 260
19 175
102 282
91 283
11 68
94 109
133 269
12 121
57 143
51 127
59 106
116 291
39 71
135 205
174 231
229 260
214 295
238 295
227 235
102 214
61 110
110 123
9 166
267 295
4 111
148 168
90 247
182 278
24 282
133 243
99 253
98 216
189 254
179 269
217 237
86 188
14 213
72 135
240 260
101 290
14 231
127 177
196 298
173 283
35 148
39 62
43 47
258 278
28 52
165 199
40 68
160 209
140 152
39 199
117 199
126 134
241 251
46 134
24 298
1 233
17 299
53 160
63 155
122 300
222 235
146 159
124 160
15 200
60 147
27 247
136 139
84 119
146 183
165 189
52 299
184 235
73 299
115 263
81 89
59 244
116 292
83 119
33 211
119 156
98 203
102 298
24 67
261 283
199 215
102 151
180 207
211 257
3 122
17 295
27 258
7 273
42 44
96 223
23 266
115 296
15 264
10 267
171 172
40 211
69 74
39 222
25 56
23 167
37 160
261 278
77 116
183 258
119 238
200 267
116 120
170 255
32 233
175 237
79 212
1 110
110 116
104 216
15 132
178 275
30 98
160 259
175 299
221 237
51 70
45 61
64 142
100 276
135 189
4 290
88 294
75 102
199 208
79 177
211 220
175 217
50 100
33 153
100 118
40 53
134 246
33 138
191 193
13 26
184 192
28 34
14 187
40 67
157 170
46 293
102 196
142 236
21 176
86 248
101 240
126 157
106 233
87 251
34 93
15 242
189 251
170 176
48 138
20 201
102 157
199 261
80 117
72 116
129 147
20 239
217 229
121 246
49 102
120 160
32 110
87 220
81 152
5 260
49 296
20 266
181 300
92 106
199 255
38 52
143 154
59 138
182 217
94 152
30 101
30 31
13 169
41 57
78 246
101 174
45 126
99 101
22 270
29 100
33 208
21 175
43 63
140 269
8 236
154 256
185 221
148 251
171 234
223 237
48 141
22 226
81 95
51 53
251 289
152 213
255 275
208 283
79 227
115 137
143 152
66 186
3 18
112 148
168 189
17 137
199 249
10 250
228 233
107 231
136 251
237 258
119 206
130 134
58 141
65 141
23 228
26 203
25 188
22 211
34 111
193 278
171 242
263 292
67 73
216 237
3 16
189 287
46 52
13 197
36 56
19 202
153 160
95 199
103 262
15 252
43 74
117 248
48 133
141 162
6 13
134 143
103 117
29 57
73 150
17 269
35 52
171 256
79 273
248 278
24 215
191 272
237 265
281 283
39 53
42 278
189 262
99 224
79 184
191 219
64 81
145 188
240 281
76 249
131 291
170 237
112 174
25 115
222 279
160 180
199 262
198 284
95 202
249 283
124 291
5 269
220 260
21 291
25 252
3 185
269 291
114 159
50 65
71 189
247 275
161 294
226 260
142 190
27 218
18 76
251 269
235 278
26 221
25 37
99 281
25 68
21 289
186 222
131 163
196 251
45 211
108 291
133 180
227 300
121 194
102 191
63 160
73 192
20 93
39 275
199 281
163 191
240 253
38 58
17 40
235 260
272 278
154 249
40 107
188 191
1 14
32 35
58 61
89 174
177 298
64 98
30 116
170 185
93 244
148 159
184 299
74 81
167 200
20 168
15 114
16 199
15 279
275 281
45 114
162 209
209 239
34 106
119 273
143 174
136 298
91 142
37 109
119 189
14 196
19 169
37 211
80 100
117 123
134 292
148 191
3 112
68 209
94 108
170 280
14 289
56 110
56 137
4 101
46 136
22 212
46 143
17 114
190 240
60 66
251 291
138 236
143 240
19 187
69 160
76 215
191 265
77 100
52 251
237 272
135 140
151 240
131 166
19 207
40 238
94 125
109 196
24 197
105 153
167 276
163 278
74 82
26 198
130 138
14 192
193 230
237 279
15 231
106 157
3 100
149 222
245 260
2 297
51 153
79 223
148 223
166 275
143 291
32 153
79 138
135 153
18 195
251 290
53 292
183 247
17 31
89 189
61 69
99 154
108 271
146 236
15 203
203 246
29 49
112 146
44 113
117 217
56 295
47 82
3 35
191 223
148 285
105 171
31 65
185 290
45 86
24 181
3 146
160 279
164 240
62 235
5 20
22 165
64 69
91 94
186 274
122 123
182 233
34 63
171 295
160 238
76 192
85 99
31 162
79 160
10 201
173 240
68 115
66 116
217 226
64 283
28 49
148 269
6 12
65 87
149 283
139 189
26 52
140 160
15 159
79 245
84 300
34 108
134 142
44 158
68 76
213 237
18 135
27 100
70 137
73 200
8 230
126 147
199 201
30 46
140 159
27 34
221 240
101 171
13 190
26 222
206 275
34 296
73 114
46 189
47 89
28 75
89 244
94 242
254 299
233 271
3 4
48 81
65 67
190 217
40 59
42 75
130 215
14 242
25 225
43 299
3 284
28 278
176 251
122 153
51 141
56 148
160 178
188 283
183 221
87 154
1 40
45 296
12 281
5 61
10 181
21 179
25 184
80 174
75 128
33 129
13 90
127 129
23 284
95 266
155 276
18 203
187 260
34 148
21 264
57 63
95 151
100 117
82 134
27 95
54 61
133 155
163 217
15 223
184 275
36 150
194 209
89 100
237 287
100 101
133 295
91 173
187 272
47 225
5 160
45 59
112 199
72 147
18 191
20 257
79 288
10 75
82 121
26 183
99 157
171 204
98 270
35 114
71 130
81 118
83 185
29 132
160 228
96 130
29 146
24 163
12 236
76 214
3 240
18 159
133 144
95 267
6 300
89 178
23 246
90 141
90 100
152 282
127 298
124 227
184 259
37 40
4 221
81 174
8 264
48 229
13 283
20 66
13 164
171 189
204 209
17 200
96 114
64 288
7 222
64 208
97 296
78 250
74 146
40 298
251 281
15 54
3 52
23 262
148 279
98 148
18 266
183 198
146 206
19 241
103 249
39 54
171 271
108 185
24 293
166 222
248 283
116 119
30 58
93 117
8 94
31 59
118 296
99 240
40 46
99 131
70 91
67 106
8 189
183 190
40 60
14 235
121 297
26 247
45 105
2 269
79 299
237 267
215 222
91 134
227 259
66 72
32 73
275 290
183 212
111 286
144 153
171 289
263 294
202 211
98 106
110 290
54 117
82 276
96 163
25 169
76 200
171 216
73 185
8 195
32 60
36 124
253 278
100 132
3 10
106 195
18 255
9 212
12 229
65 73
3 292
233 285
130 249
79 113
140 217
180 297
123 126
237 256
109 235
102 164
237 246
105 189
102 138
9 172
166 283
8 219
161 264
116 148
115 151
40 65
103 172
120 133
125 140
26 250
119 187
153 184
121 149
179 283
18 61
44 52
135 141
35 129
99 282
169 199
52 84
27 190
125 186
113 196
87 273
99 274
64 158
163 222
91 261
167 186
21 276
261 298
47 222
23 119
35 160
214 251
136 237
9 164
15 290
34 65
44 63
5 188
6 101
237 241
230 275
20 220
42 47
115 132
139 233
172 199
111 139
138 159
209 238
34 69
84 266
38 278
281 299
59 154
55 56
36 68
90 207
68 137
45 65
185 246
199 206
38 117
35 67
115 219
191 236
18 143
119 253
13 230
228 264
56 106
98 130
268 283
8 100
61 217
40 93
14 271
66 110
47 85
46 116
76 172
108 116
83 271
73 251
95 99
134 190
133 205
121 151
160 276
131 141
25 289
3 78
93 146
2 189
209 272
50 170
90 117
34 158
42 209
135 158
22 234
114 117
36 50
69 152
18 62
198 275
84 172
170 203
6 22
185 241
276 278
116 124
123 136
21 241
22 197
191 234
82 209
115 256
1 261
99 236
137 160
91 100
94 186
20 76
48 72
131 252
63 134
20 290
74 123
76 271
93 100
206 283
191 200
115 188
20 291
115 131
152 222
32 150
44 137
89 156
108 299
24 291
120 271
30 251
3 24
111 177
180 238
21 231
115 194
113 151
146 295
5 14
191 260
209 275
28 126
89 229
199 288
72 272
7 115
102 291
71 75
39 104
94 95
209 251
50 126
7 252
91 272
117 132
99 258
150 189
174 258
29 70
145 240
147 186
92 178
99 232
40 62
174 232
87 234
79 282
37 140
7 187
54 56
123 256
121 150
12 72
237 295
113 237
24 170
165 217
119 220
124 260
30 41
134 294
66 156
158 299
19 276
33 155
35 295
122 297
234 237
9 185
12 202
4 10
192 275
129 276
240 258
91 300
73 296
235 298
105 296
86 241
34 59
209 252
260 267
87 168
136 149
24 205
168 295
8 281
41 260
34 275
10 286
19 232
130 168
94 111
53 74
90 288
2 27
89 147
15 47
24 226
154 170
99 102
149 190
11 237
126 151
1 88
211 251
25 119
263 293
18 138
12 129
79 230
90 94
143 227
154 209
14 216
34 194
129 237
93 185
1 244
94 258
46 65
244 251
112 116
185 196
186 194
205 217
87 195
32 53
189 220
29 144
73 81
210 275
54 62
106 123
251 271
112 229
30 120
8 237
180 236
183 299
25 242
88 291
245 251
120 291
60 148
130 227
34 117
30 191
181 251
76 110
64 233
189 289
166 185
40 111
122 135
118 211
149 299
11 189
112 290
119 287
72 124
121 186
135 217
119 183
96 99
34 145
248 251
78 199
79 232
79 97
67 75
2 134
190 275
78 195
13 269
106 273
121 140
98 133
81 278
27 272
189 190
8 183
104 117
10 291
94 147
198 222
1 106
237 298
251 276
286 298
38 222
205 209
29 81
63 82
186 207
50 130
22 192
51 135
99 283
102 186
100 267
190 199
61 122
240 248
39 57
189 211
176 260
239 294
162 294
217 259
17 255
111 248
81 93
81 139
163 199
13 185
50 136
239 283
99 146
40 101
116 146
50 143
185 205
137 138
18 56
76 258
44 102
99 122
76 123
45 109
191 285
56 72
35 71
61 146
20 296
217 286
37 125
165 174
17 294
57 235
26 27
153 180
5 53
189 255
161 205
54 142
105 114
47 53
183 256
28 160
58 180
68 189
107 116
81 84
189 203
24 236
76 149
172 189
122 213
15 65
87 163
192 209
89 202
49 55
47 70
83 158
9 235
19 274
21 259
198 260
138 292
91 199
191 228
121 295
131 147
76 273
187 251
23 220
82 160
79 167
191 224
147 249
17 27
24 257
34 90
22 200
38 84
129 202
180 266
88 130
19 265
102 117
15 37
148 206
2 137
164 189
132 185
199 205
143 209
124 194
21 178
68 149
173 199
186 244
49 157
80 199
172 251
246 278
202 237
9 207
12 234
40 140
165 283
29 129
15 212
162 275
239 275
180 216
21 163
105 290
185 232
34 68
47 75
196 275
62 157
45 55
17 39
16 271
168 291
33 170
129 149
251 253
59 196
6 27
74 127
224 263
209 240
118 199
7 266
30 50
76 168
189 221
93 272
10 100
144 150
43 71
155 198
135 222
4 22
153 176
99 208
66 69
89 114
15 84
34 100
90 189
87 238
55 156
59 100
54 65
127 136
63 295
41 47
203 267
22 229
170 230
3 74
51 283
128 251
136 144
16 267
51 80
52 113
54 64
44 51
82 110
185 202
21 202
142 162
37 161
55 79
90 184
7 80
37 81
161 297
109 191
145 162
5 122
26 189
78 185
180 257
191 238
51 162
79 249
74 300
11 118
61 211
171 177
2 8
79 214
34 71
68 145
222 247
90 177
117 267
20 228
71 106
93 259
148 194
61 65
17 44
170 214
76 224
51 52
243 260
10 56
72 146
18 287
136 155
23 79
139 222
18 263
233 244
67 100
76 187
35 235
154 276
222 259
73 74
186 256
88 133
21 174
60 149
47 251
113 146
25 234
138 152
260 281
19 119
53 61
267 275
40 283
269 294
3 189
61 144
30 63
31 158
76 100
189 208
5 249
28 135
83 262
222 277
23 193
171 287
30 66
91 200
99 238
100 291
237 251
152 227
32 142
133 275
94 145
111 117
217 246
61 154
25 229
40 126
15 122
52 62
96 240
70 136
26 47
134 224
158 162
54 66
79 169
42 186
183 296
126 209
40 77
82 291
34 131
135 199
126 127
165 191
20 68
1 87
19 178
81 101
116 211
27 197
157 227
9 209
45 104
209 234
27 271
19 287
126 129
40 125
99 148
148 174
30 96
39 72
65 140
30 148
139 240
96 174
122 137
73 108
21 288
35 138
174 278
197 298
166 233
5 283
99 133
12 74
17 46
251 278
6 23
132 172
182 189
274 283
237 271
19 266
233 286
170 220
8 282
68 132
14 197
127 300
27 188
251 283
149 275
123 132
240 272
13 111
178 222
128 205
195 278
94 265
186 269
111 262
61 70
81 147
166 171
19 167
70 123
169 171
102 130
219 240
93 223
167 174
170 192
202 233
134 176
14 203
66 140
22 238
121 143
186 261
28 209
24 241
52 141
14 244
89 119
32 39
200 217
141 147
14 56
3 277
98 209
24 227
80 191
106 108
20 288
53 297
73 123
125 292
61 73
183 271
133 176
204 251
60 146
157 260
37 52
117 125
73 126
166 209
91 123
121 130
17 278
35 47
132 211
34 38
174 185
20 169
8 17
14 181
250 260
56 213
5 214
138 140
80 159
70 135
18 229
12 256
72 123
20 188
91 131
3 21
43 136
179 209
43 146
174 274
140 157
183 195
146 150
114 170
34 58
93 191
91 262
144 157
183 259
18 243
160 174
23 235
27 219
107 262
26 285
70 102
99 187
163 233
192 199
67 70
16 283
76 79
19 174
35 134
165 185
191 270
110 276
89 145
37 112
129 174
148 254
13 147
93 159
17 49
110 222
50 233
71 162
129 151
183 189
136 161
8 190
272 295
53 57
217 231
32 283
50 116
171 241
45 291
10 241
78 132
174 246
160 240
170 191
22 268
123 129
157 185
215 260
87 205
79 85
28 35
16 291
76 117
24 260
131 283
95 290
212 278
89 214
38 153
171 222
120 275
79 183
237 291
117 291
18 235
110 112
34 37
157 223
52 70
5 22
48 144
207 237
174 217
131 205
92 160
18 291
39 269
138 299
8 56
4 169
37 278
79 114
46 142
16 222
84 117
22 107
208 251
79 192
171 253
47 65
152 155
131 204
79 103
19 204
154 278
11 84
146 149
189 272
59 140
296 300
73 91
131 154
24 287
135 156
233 274
30 136
154 247
85 171
236 299
7 84
85 195
15 241
124 142
24 185
10 140
124 278
116 276
33 60
89 149
187 240
15 259
82 189
84 258
82 87
170 193
117 263
160 214
22 190
41 106
148 196
22 235
63 162
101 275
185 247
111 146
23 174
10 208
225 260
191 225
29 75
30 69
76 130
119 279
14 287
51 58
76 220
76 281
9 258
89 94
146 275
25 101
131 196
24 115
110 132
126 150
40 85
201 283
53 60
263 297
28 47
11 278
123 260
125 236
18 211
68 72
75 113
23 153
162 206
151 223
128 199
183 269
134 269
73 142
64 124
83 99
142 159
5 13
83 199
229 233
39 83
15 261
25 201
81 189
204 278
40 142
32 127
18 271
180 246
59 69
5 12
260 276
200 283
48 162
182 240
107 146
133 141
6 277
55 138
171 229
117 119
237 247
13 78
18 176
19 295
233 253
6 194
60 117
125 141
43 114
152 295
110 170
118 262
233 255
50 72
148 175
28 127
37 217
11 183
88 226
86 216
147 240
6 21
70 299
128 154
173 275
22 243
75 121
20 293
32 49
74 291
73 105
1 134
84 94
71 144
4 85
24 259
133 298
160 281
20 268
98 223
195 260
240 245
133 174
120 185
15 183
99 234
129 142
19 211
45 54
7 169
115 199
189 284
89 161
145 170
183 245
118 119
134 298
172 186
8 284
20 208
15 182
179 298
108 117
68 139
47 55
198 237
191 217
73 199
153 292
181 275
115 189
43 125
92 119
128 145
91 141
33 146
34 41
233 261
66 141
89 191
90 275
129 170
85 231
183 237
78 134
199 296
32 134
4 153
25 197
42 154
9 218
115 203
122 249
19 176
57 66
6 14
14 221
55 137
102 233
4 14
80 137
70 158
59 134
4 260
251 299
130 213
132 155
126 138
67 142
26 216
53 133
182 183
110 278
114 299
141 160
128 146
130 256
260 264
17 169
81 138
134 144
202 231
18 267
168 183
179 260
25 174
15 247
105 132
27 161
81 160
285 288
100 148
104 223
40 278
7 270
108 191
80 106
61 156
198 207
107 199
122 149
79 290
29 35
30 129
105 283
142 211
64 186
95 119
57 73
129 199
2 22
137 189
49 110
49 51
122 299
148 183
125 240
27 185
179 275
186 228
76 180
116 132
234 297
24 202
134 211
199 209
90 273
141 161
15 288
185 224
150 222
160 215
152 275
9 163
49 56
197 222
222 257
44 148
2 261
51 149
7 35
183 187
144 300
17 69
151 205
209 276
85 188
1 274
132 297
88 199
157 233
217 221
34 119
30 162
18 185
171 283
90 148
74 295
108 216
180 215
71 135
199 259
59 72
183 279
20 283
278 300
15 52
2 54
10 11
80 291
134 297
129 283
145 278
138 144
78 263
37 126
61 162
122 294
3 275
82 157
260 269
240 289
121 175
134 227
170 223
140 156
49 89
85 184
2 214
55 127
29 209
87 237
164 209
152 180
50 161
171 202
102 223
192 222
25 254
47 84
146 155
155 253
199 268
21 212
55 61
28 140
20 41
148 213
106 180
217 281
56 117
27 270
56 244
9 206
44 68
18 252
95 228
87 207
66 142
30 72
2 190
183 196
25 230
129 152
74 87
21 246
65 127
66 129
23 225
189 240
222 289
50 134
113 192
30 135
165 224
159 293
131 275
23 208
21 84
129 222
86 192
144 146
160 197
128 136
139 288
170 273
180 255
61 94
128 295
102 210
107 133
48 160
91 157
84 133
49 160
237 244
165 202
90 122
183 208
158 220
7 86
3 72
119 299
27 79
29 34
237 292
17 134
174 184
10 35
153 199
77 199
79 175
156 293
51 82
84 211
137 146
253 260
33 110
197 237
83 189
95 244
99 124
123 278
10 296
217 271
102 106
14 281
56 170
118 216
10 27
148 208
49 191
14 26
150 240
47 72
27 189
24 279
155 185
73 152
123 185
203 222
171 208
186 287
242 278
184 240
186 263
197 217
14 290
152 214
59 235
109 174
53 73
46 100
32 95
180 199
126 136
111 195
101 114
116 117
139 155
153 296
118 275
233 254
94 133
173 180
27 195
218 240
144 199
185 244
126 185
15 211
119 191
79 122
26 177
135 284
99 259
112 209
71 90
14 232
69 129
257 283
4 162
23 254
209 236
186 273
175 199
38 160
96 244
5 9
15 271
122 151
171 245
25 176
17 50
115 135
162 293
75 130
5 8
129 236
227 237
129 143
10 189
148 155
18 299
76 166
52 118
122 183
165 186
144 206
170 180
130 196
115 148
134 157
99 210
198 295
125 211
80 189
70 124
79 216
263 291
180 250
175 211
18 132
111 179
131 158
48 278
79 96
48 175
46 140
215 251
52 76
15 258
9 178
83 270
121 157
180 218
238 300
115 183
79 265
14 201
24 243
176 199
25 99
62 186
251 268
16 132
38 233
118 251
199 257
109 263
237 257
25 262
92 94
166 237
18 188
27 236
109 251
20 29
153 162
2 215
21 287
207 217
121 294
146 162
38 75
135 194
50 94
124 144
7 237
44 62
93 133
83 150
99 271
209 225
76 270
22 90
227 299
27 163
4 296
87 98
153 300
123 297
4 27
242 275
182 222
133 204
10 25
247 263
110 186
18 173
129 156
73 138
13 237
78 247
30 155
66 127
170 226
29 162
23 165
40 63
21 115
41 144
153 198
82 116
7 122
13 298
1 10
189 215
158 278
58 295
228 260
25 291
7 165
8 270
153 295
171 173
222 296
238 294
31 41
89 160
65 150
18 181
21 172
43 150
25 70
4 76
154 184
209 250
220 283
100 116
203 275
132 143
79 88
170 271
148 280
249 260
228 278
38 105
199 210
180 221
15 272
148 264
106 240
74 157
244 278
133 196
222 243
98 191
35 41
87 218
28 161
133 276
27 257
28 81
39 96
73 158
136 206
134 140
161 193
2 197
35 116
104 276
2 148
42 81
116 297
191 281
102 195
54 131
104 222
71 155
18 224
19 296
105 175
24 228
193 222
217 223
19 250
147 195
103 217
52 60
103 110
137 240
134 153
123 138
130 202
64 108
35 109
16 207
100 160
14 178
26 180
29 143
17 157
240 243
31 49
12 181
99 150
110 160
70 129
23 99
122 144
202 217
186 248
114 143
9 233
39 63
230 251
48 161
93 130
4 214
3 213
26 248
116 293
4 106
35 49
73 120
20 34
61 100
34 107
20 267
79 226
113 212
216 275
129 158
79 93
162 180
41 189
73 231
102 264
134 249
85 150
191 286
267 293
42 58
55 157
141 236
212 233
47 90
255 283
111 132
39 51
18 290
94 97
10 223
18 219
2 84
90 221
223 275
189 285
67 153
105 291
70 120
186 211
58 71
63 69
5 27
34 189
15 209
233 277
214 260
46 72
98 226
108 217
183 286
47 269
225 296
32 36
24 198
186 226
19 115
80 157
279 297
27 225
291 296
24 218
98 265
15 56
117 271
104 263
14 215
49 138
87 197
12 226
102 261
99 255
17 233
39 56
88 178
99 288
40 98
178 191
170 261
80 140
16 218
60 137
240 263
15 195
129 233
133 154
88 160
40 199
12 53
82 135
20 205
63 122
260 295
118 174
98 271
149 215
171 244
97 160
26 199
191 203
20 287
6 15
68 70
240 299
17 99
251 264
191 261
32 44
116 137
18 131
63 65
119 138
81 225
171 181
168 209
185 204
91 166
17 260
27 102
43 52
98 248
68 75
95 100
34 47
55 151
143 149
196 209
82 140
51 144
89 225
36 38
29 153
160 170
32 143
154 177
19 228
252 299
2 213
282 283
39 95
185 226
168 171
76 233
40 97
88 110
108 263
49 134
145 193
18 74
74 120
26 117
189 198
195 251
20 213
38 144
73 104
127 144
50 117
42 130
117 118
34 77
180 224
63 141
107 191
60 151
17 23
18 84
14 173
8 252
77 128
69 211
127 180
12 280
89 276
240 277
160 206
191 195
40 144
81 96
102 255
12 185
171 227
145 273
24 165
28 60
10 126
107 249
92 114
17 228
5 290
6 18
18 221
17 55
48 58
159 296
146 276
93 225
141 206
35 124
24 255
23 195
157 295
226 237
79 111
122 171
135 149
112 183
113 258
7 68
223 233
143 156
121 127
125 233
111 152
16 251
185 272
21 258
45 111
20 167
41 134
148 160
34 155
92 209
119 120
249 293
81 82
19 229
65 114
24 204
73 191
29 136
209 219
130 251
23 78
170 256
171 231
64 170
119 184
96 296
171 257
29 140
91 276
102 114
139 193
82 130
46 138
50 63
38 211
68 150
107 122
207 278
13 85
152 232
46 161
10 268
9 246
170 215
87 209
122 296
25 205
10 293
1 9
119 250
171 237
45 140
68 122
56 127
56 154
34 144
241 298
43 61
115 248
22 184
4 18
81 86
34 85
121 155
188 275
260 290
79 95
125 196
159 273
78 116
79 241
131 199
20 246
65 68
52 185
176 217
128 209
37 47
118 133
130 264
31 34
47 92
112 247
12 26
23 270
98 99
10 36
187 211
20 165
22 281
217 261
19 255
27 288
2 267
191 235
10 213
110 161
56 75
126 132
102 116
45 57
25 247
38 47
109 116
260 268
25 280
189 216
116 163
28 131
120 146
198 300
54 74
87 107
1 277
130 189
87 113
108 243
126 190
184 278
126 158
117 120
12 164
111 180
73 253
182 186
8 225
15 273
11 233
10 74
36 136
122 202
1 17
237 259
37 127
185 261
40 138
112 221
153 224
147 290
16 76
18 67
36 46
109 160
105 216
69 158
190 299
40 123
38 138
235 299
53 237
129 153
137 233
62 110
99 104
134 278
26 99
15 192
113 226
251 256
111 296
106 140
122 129
121 273
79 173
142 222
206 278
185 277
17 127
31 66
222 253
2 158
107 127
174 284
37 155
130 293
106 122
129 140
113 235
90 193
80 217
120 199
47 64
60 68
97 191
102 183
194 219
68 113
116 180
185 259
25 208
130 174
51 73
179 180
133 190
77 117
70 211
7 219
237 243
17 166
34 135
182 185
186 210
5 298
160 258
218 233
198 240
18 293
128 206
111 125
108 248
225 283
90 293
37 144
18 26
13 199
222 299
22 265
40 109
69 147
91 99
9 174
193 209
133 150
130 240
21 271
15 150
188 209
26 261
23 273
152 267
18 99
78 298
167 209
20 177
65 124
163 240
257 275
120 132
47 93
27 252
283 284
74 152
41 100
168 298
4 288
94 113
186 259
129 167
170 197
5 34
60 67
181 264
74 158
39 48
120 237
251 270
37 260
4 132
130 291
147 269
21 189
130 190
23 56
102 156
17 35
26 240
186 227
46 94
2 205
25 155
167 171
19 166
174 195
108 211
191 192
16 89
49 77
170 244
182 237
22 248
35 65
11 59
117 225
21 195
108 186
19 293
3 183
78 110
185 256
6 20
128 134
222 288
15 287
10 170
52 75
166 199
104 290
134 217
53 54
217 258
132 222
59 295
121 145
99 254
146 171
9 264
90 217
227 240
93 174
15 265
15 168
35 161
59 136
127 217
99 215
150 233
169 283
100 170
44 135
18 232
14 272
99 130
62 75
174 264
63 233
188 260
19 184
79 259
122 138
14 188
106 125
69 125
79 91
75 82
28 170
117 152
4 300
30 43
50 146
116 143
17 122
99 143
180 205
39 68
78 119
30 112
17 110
230 233
8 177
260 272
43 151
166 170
146 215
39 130
60 73
44 61
17 65
56 209
171 192
51 161
116 130
122 131
16 295
220 233
55 123
152 206
56 60
102 166
78 290
118 276
13 93
49 127
45 137
115 140
202 286
12 257
253 275
38 49
134 152
60 136
209 285
185 231
39 240
10 253
208 233
56 65
158 190
61 128
70 151
105 188
43 81
183 203
18 63
100 278
206 222
15 34
192 233
10 26
121 290
188 298
1 11
19 280
9 170
20 131
137 155
76 230
84 131
79 115
98 146
12 254
85 133
4 298
74 296
225 293
34 139
161 168
138 176
153 235
60 62
25 179
79 83
111 162
122 233
135 147
28 146
88 263
109 289
256 298
79 242
23 256
71 143
275 285
33 160
36 73
25 264
79 243
10 141
152 187
122 238
142 184
18 265
31 51
186 245
34 61
17 60
164 183
91 271
123 189
113 267
17 235
152 184
230 243
100 248
171 273
217 263
100 103
7 114
180 291
148 205
54 128
40 141
7 82
13 285
180 235
45 158
58 207
35 51
128 149
183 261
231 237
17 298
27 230
3 84
13 282
199 231
163 170
22 99
30 138
218 237
217 274
17 214
28 300
122 145
104 191
5 162
36 148
148 204
29 283
19 179
163 183
87 110
236 287
81 99
162 176
107 184
174 212
186 251
158 160
164 171
134 276
42 142
35 59
5 74
56 157
119 122
134 222
129 256
41 58
33 40
233 265
39 91
89 197
119 186
62 122
162 236
140 267
257 291
9 273
2 108
99 249
85 283
112 231
107 250
183 202
124 138
29 58
180 220
186 267
101 256
48 89
158 283
81 85
160 260
32 145
107 188
14 78
177 209
186 219
25 231
45 108
145 249
85 278
89 249
102 240
209 282
185 234
16 246
135 244
217 249
104 289
40 96
56 291
129 144
124 236
185 284
3 20
113 160
175 180
237 262
256 295
110 122
27 286
17 36
144 162
72 160
189 200
28 110
134 296
101 185
59 129
35 145
152 224
54 63
117 212
15 243
171 259
39 85
85 199
111 155
36 65
104 114
78 221
128 222
100 149
104 189
196 237
129 150
35 62
80 248
157 174
80 142
213 217
114 233
30 48
36 162
155 160
240 270
37 122
249 275
189 243
41 52
103 256
10 55
92 100
82 158
21 192
79 251
50 106
206 217
122 252
60 121
73 78
40 95
90 132
147 273
89 207
71 72
74 126
185 227
18 128
185 262
54 143
127 135
47 235
33 135
183 281
26 172
115 237
134 209
191 233
126 160
110 111
134 151
52 109
251 265
170 229
29 82
37 100
80 211
83 171
141 299
170 300
84 110
127 260
52 199
59 60
77 209
174 199
131 139
125 170
89 169
127 186
9 279
150 236
122 148
8 78
187 299
78 106
288 293
79 276
127 140
26 201
43 145
56 145
7 278
118 244
35 123
174 296
106 290
77 79
20 164
117 143
1 21
94 104
33 299
83 296
106 121
27 298
14 175
158 233
41 49
10 15
44 80
120 211
31 123
134 250
40 51
31 155
43 50
125 133
85 146
8 74
90 99
167 260
71 136
11 179
138 238
51 140
122 159
22 166
171 174
189 245
202 300
61 135
153 238
161 196
180 286
25 239
149 296
29 159
226 283
23 279
49 75
83 142
48 75
84 270
122 191
1 129
113 299
73 216
108 132
114 197
52 146
40 61
135 139
15 232
36 53
189 199
2 11
146 147
114 155
186 204
220 251
96 191
205 283
103 130
33 126
23 187
15 277
133 227
99 209
120 248
142 147
38 40
52 88
102 170
64 152
165 171
19 215
35 79
76 134
185 192
154 250
59 210
217 267
23 265
23 168
40 147
38 142
2 21
19 254
34 86
66 136
16 242
49 128
38 146
103 143
95 217
35 136
140 186
5 273
101 117
77 290
199 264
141 150
247 278
34 56
17 223
8 165
130 143
111 258
121 126
147 236
22 202
86 133
43 134
107 195
67 141
107 171
184 211
141 151
27 294
176 191
294 296
61 160
247 283
48 60
36 40
22 163
183 260
27 164
149 202
36 89
107 263
8 288
232 275
40 94
110 233
13 238
37 45
30 59
233 275
9 288
48 73
32 70
191 252
22 85
170 172
92 174
192 237
7 218
89 136
234 275
213 283
45 90
130 142
30 55
74 170
73 203
100 104
109 271
36 138
24 186
11 234
171 214
17 48
138 156
185 254
263 290
199 232
75 126
110 291
280 283
172 295
23 242
41 283
215 278
34 124
31 39
39 101
91 289
90 185
97 114
27 221
76 106
89 116
76 280
79 107
241 260
12 174
186 295
215 283
144 251
65 148
183 263
189 279
183 231
76 193
119 131
5 186
98 244
14 230
259 260
233 262
79 188
130 194
106 149
70 127
63 110
90 229
55 62
1 223
87 109
138 297
48 189
131 251
127 132
99 261
33 73
36 160
6 135
25 202
31 68
247 260
14 79
191 196
40 214
237 276
209 290
87 232
240 286
105 106
58 137
45 71
48 129
79 268
89 99
264 279
79 80
61 142
91 189
183 241
55 71
180 280
27 281
197 233
189 269
79 199
15 222
143 297
211 267
152 236
91 132
232 283
115 181
209 229
56 156
222 276
224 295
131 180
13 86
82 223
21 207
203 209
79 109
217 254
18 54
152 296
180 249
35 48
157 283
99 120
78 175
159 238
49 81
260 261
71 94
1 86
130 297
52 222
74 121
30 141
136 295
107 286
32 91
181 186
173 189
29 116
5 24
53 136
3 27
169 209
278 285
16 236
108 152
12 189
178 278
6 99
46 49
78 87
48 126
237 269
30 109
31 71
17 126
148 184
24 254
100 196
222 287
79 132
45 199
41 140
199 245
12 184
93 183
100 145
183 243
18 259
22 167
3 118
167 203
64 153
82 146
191 299
33 154
76 105
79 164
150 170
21 190
19 262
56 233
66 114
89 106
13 106
116 217
183 276
88 185
9 242
22 169
122 126
125 146
16 184
64 156
3 251
65 137
76 296
14 99
199 282
105 119
191 268
45 191
73 119
38 162
35 203
113 166
252 275
238 278
240 262
216 222
97 125
36 131
14 220
44 159
7 106
171 196
91 197
73 118
38 65
189 288
3 47
19 292
74 253
10 44
102 159
18 65
115 290
123 233
124 180
49 140
263 295
4 246
91 117
97 174
79 228
278 286
97 99
179 251
99 273
25 224
148 248
91 146
82 173
14 176
4 188
25 279
15 130
81 233
45 142
108 131
186 290
139 146
214 283
92 211
92 191
193 299
86 291
193 214
217 240
139 142
44 216
115 284
125 168
106 231
43 123
281 290
23 74
44 122
27 263
216 283
106 152
29 154
214 263
233 273
13 76
56 57
155 174
189 253
81 92
214 278
65 147
41 153
148 190
99 226
221 251
79 300
112 119
15 299
38 127
99 287
187 199
34 128
23 218
106 112
4 175
122 232
144 299
155 162
260 263
123 202
40 118
186 300
95 106
201 278
135 291
4 286
82 199
93 296
111 145
189 261
94 117
153 249
82 237
43 211
264 278
7 76
80 237
121 269
251 288
3 23
91 160
24 176
128 133
79 208
132 136
74 272
177 283
71 134
78 288
70 73
186 284
27 40
21 26
201 260
4 133
25 218
115 240
50 155
91 119
217 262
202 209
251 294
174 267
99 267
73 128
93 275
6 115
209 218
33 106
22 277
40 42
171 230
101 217
26 184
72 138
76 196
170 187
55 124
102 194
255 298
138 139
167 221
275 299
7 30
68 117
27 211
25 268
91 233
7 102
76 127
41 147
217 287
183 264
201 275
94 226
10 227
115 200
145 288
91 116
233 270
189 227
49 124
22 206
134 146
202 275
52 115
22 259
13 94
184 237
24 262
107 117
111 265
94 262
171 218
171 233
33 39
141 235
64 154
47 96
9 220
7 263
21 221
34 66
69 186
93 196
22 219
59 102
7 202
20 175
28 144
197 240
141 153
83 216
50 135
30 126
135 154
97 199
120 191
5 130
256 293
13 102
186 198
15 74
110 158
107 119
42 160
89 251
62 69
144 278
118 148
102 241
25 288
50 260
26 45
2 116
152 300
183 218
178 209
240 244
122 268
104 132
53 299
85 116
76 131
19 273
58 140
79 244
15 177
27 177
109 244
45 62
62 91
12 57
144 181
133 240
106 117
275 288
171 187
237 250
119 171
57 59
149 199
86 99
52 69
152 255
213 275
86 174
96 211
170 299
267 287
189 282
33 57
34 81
12 76
28 65
100 209
106 127
90 175
49 107
154 299
53 70
14 274
198 291
59 260
120 166
117 156
45 123
88 94
156 196
83 191
79 197
93 248
64 189
2 172
79 148
91 114
153 274
185 208
154 217
185 193
239 269
185 280
7 120
224 300
82 290
119 207
22 264
160 251
209 228
97 166
181 297
65 128
186 199
178 291
30 94
197 209
130 140
47 62
13 284
137 141
91 110
114 211
81 262
30 140
81 124
23 258
177 240
185 198
72 148
190 237
128 162
67 69
167 170
170 188
119 199
78 183
185 225
134 237
149 170
186 192
22 207
48 57
25 228
37 60
79 255
219 230
45 156
34 199
17 225
82 221
93 211
106 131
61 138
160 198
105 214
81 260
86 94
199 233
99 177
14 166
151 160
8 10
31 63
295 296
117 262
77 114
131 202
132 146
43 62
224 275
143 159
30 74
49 88
44 138
168 300
124 162
192 278
45 98
129 132
122 152
154 193
122 125
63 159
69 138
35 63
132 291
191 202
115 170
194 275
89 132
99 147
40 55
217 265
15 270
21 226
43 46
84 171
105 199
119 282
71 156
185 190
95 251
115 250
142 153
101 110
32 209
119 283
73 95
101 296
217 285
240 279
10 117
201 209
45 138
201 222
145 177
78 160
106 288
117 275
143 153
237 281
278 289
123 134
209 249
215 259
50 140
224 237
159 217
233 266
110 117
99 205
143 180
209 289
186 254
87 95
6 267
22 230
82 172
79 166
29 127
131 209
73 89
22 282
74 159
3 194
209 266
142 275
81 148
38 69
38 106
217 256
82 181
114 162
114 239
34 142
80 119
51 142
25 166
56 131
99 108
227 288
37 283
55 125
133 236
248 298
94 99
73 146
88 117
27 235
76 186
133 152
164 191
162 183
183 239
73 132
26 200
149 300
82 244
175 183
63 138
154 244
112 132
115 228
41 161
112 217
79 118
14 226
7 174
57 65
82 191
77 211
18 184
51 83
56 147
18 279
199 219
20 207
49 269
99 129
148 162
17 57
44 59
79 86
8 249
25 131
185 206
153 227
170 275
49 105
90 116
173 185
89 129
150 299
49 65
129 294
115 157
138 147
18 186
48 83
107 229
23 224
59 128
76 288
34 154
26 83
4 7
29 73
6 7
81 150
34 250
24 121
13 163
170 277
106 250
88 258
37 39
169 260
59 70
27 292
237 288
82 136
106 247
155 227
163 256
2 10
157 243
129 146
167 298
35 132
8 163
233 257
144 292
134 145
132 174
25 263
176 233
92 133
189 263
25 163
117 166
9 187
99 220
40 217
198 272
61 136
49 66
19 197
53 121
136 217
42 65
42 170
90 106
69 106
15 280
18 207
90 110
258 275
126 227
273 283
47 191
99 114
29 122
237 255
155 222
4 127
98 154
246 283
25 164
47 107
42 53
220 240
35 137
87 91
185 218
82 171
148 218
237 263
3 88
199 204
101 191
186 212
3 191
215 233
12 115
87 286
30 160
74 110
98 259
142 251
99 245
19 181
76 173
160 172
124 224
30 86
25 165
221 278
116 118
27 119
237 299
20 249
131 137
170 238
49 62
202 296
6 8
209 221
1 293
7 100
180 283
49 114
2 251
18 274
17 149
15 186
94 123
29 55
9 266
128 160
191 229
48 209
2 185
146 278
175 186
71 112
89 260
199 273
189 258
213 240
114 135
153 298
183 210
20 226
6 11
148 222
133 170
24 219
199 286
86 185
183 230
221 275
199 217
126 154
114 126
186 262
105 191
80 110
18 282
171 223
7 59
148 202
195 217
12 205
171 184
49 50
121 122
151 269
144 156
237 284
2 198
18 230
99 196
7 287
189 286
13 187
204 283
113 265
9 184
189 276
30 124
78 249
18 115
132 133
275 286
54 186
57 122
127 240
86 244
36 63
10 13
185 299
29 31
10 272
97 171
83 156
113 183
6 133
62 100
171 282
14 261
152 168
97 212
20 225
49 150
113 159
119 194
148 261
1 19
106 173
189 268
76 235
85 163
49 59
87 175
76 190
115 130
12 209
91 154
16 167
116 140
131 213
43 139
169 189
10 210
30 37
20 284
62 82
135 161
251 274
38 108
107 248
89 283
48 158
145 283
39 67
45 99
14 204
75 155
237 286
95 114
176 283
106 177
33 161
45 116
171 225
205 240
159 299
13 88
115 198
14 202
65 70
131 142
53 138
14 277
90 159
131 145
65 75
35 90
85 177
109 212
50 211
33 222
22 236
113 216
38 136
209 265
81 170
107 180
90 191
61 260
15 229
84 100
113 269
7 185
40 158
160 176
38 45
152 174
15 286
92 115
128 227
47 292
3 19
140 151
89 247
152 298
18 288
110 131
81 87
12 167
283 298
159 209
105 181
128 131
216 299
11 222
95 172
174 283
236 237
107 207
84 239
106 109
29 40
67 283
171 235
4 184
13 220
100 263
176 237
44 67
60 129
37 146
61 116
227 278
96 160
37 142
219 247
101 298
15 268
77 171
93 235
110 149
114 169
122 127
15 293
45 77
68 147
174 226
122 160
85 290
8 102
1 99
181 260
27 256
88 211
12 262
11 170
234 240
25 248
131 274
211 240
189 248
67 143
158 186
20 232
92 146
22 274
138 294
171 219
138 296
42 189
153 294
79 215
63 146
64 141
52 74
186 255
190 251
45 101
150 190
204 233
168 278
99 179
224 260
143 150
23 252
45 157
12 246
34 48
189 280
76 202
24 180
162 199
25 81
199 239
90 119
82 99
2 3
16 230
181 183
108 114
70 150
251 258
208 217
183 252
95 160
80 171
198 229
90 251
2 157
191 242
71 278
43 124
183 219
114 260
3 11
91 106
76 201
19 182
59 299
40 43
155 161
179 240
106 259
26 110
14 239
14 207
183 272
125 251
19 164
275 276
4 129
264 280
170 243
2 244
49 123
99 107
6 223
50 138
53 291
113 158
217 277
62 141
103 133
171 179
180 243
134 286
23 197
29 260
14 74
76 266
79 101
25 226
31 117
16 194
5 85
32 156
129 130
81 145
6 296
45 72
79 157
193 217
63 170
38 126
46 135
252 260
25 220
16 187
79 261
131 148
28 233
59 75
133 293
70 122
48 145
129 240
131 159
12 265
14 17
94 149
33 142
49 87
109 296
8 104
74 260
37 110
2 128
46 260
44 66
160 185
112 275
95 146
12 187
99 211
61 161
32 159
66 283
14 223
78 94
102 154
96 183
201 251
199 213
233 288
42 125
237 254
224 246
12 258
171 280
232 237
51 160
19 220
10 57
190 222
2 102
38 129
171 288
99 184
29 69
13 15
76 259
171 261
14 282
81 88
91 179
87 103
2 278
41 170
217 244
200 251
104 146
51 91
136 222
125 144
186 281
131 155
73 147
204 240
235 240
48 70
170 247
73 240
30 78
105 240
209 280
38 135
256 260
41 209
187 237
124 155
78 147
21 280
89 185
33 55
8 227
65 91
85 94
132 233
250 283
110 237
29 269
138 142
152 162
81 120
47 91
128 150
113 143
28 100
97 216
32 81
30 33
192 260
63 127
189 230
97 131
83 224
171 268
34 132
189 266
35 74
137 299
30 144
25 266
102 189
19 227
89 246
2 272
34 67
20 58
18 204
163 189
23 233
38 93
290 298
4 91
77 251
119 168
43 157
8 273
23 232
25 79
222 242
222 261
91 163
219 222
6 26
44 211
141 158
109 290
170 211
15 188
1 124
24 281
174 288
7 95
40 108
184 189
130 135
67 94
170 236
93 116
2 7
171 203
134 260
126 137
109 183
22 168
209 227
40 69
45 80
199 250
20 54
174 234
43 45
62 132
228 230
77 81
107 291
121 124
231 260
245 283
209 243
55 67
32 54
124 141
17 52
138 222
5 16
120 263
150 260
5 184
147 231
183 188
170 208
274 275
221 283
202 232
39 55
79 201
265 275
99 231
78 179
160 275
250 275
124 134
198 251
3 90
76 212
172 275
86 183
104 199
122 170
21 270
84 237
17 165
27 165
1 204
86 146
191 279
175 209
200 240
199 236
37 43
2 62
186 271
171 281
110 115
81 161
82 154
41 110
181 296
148 244
94 132
3 250
17 64
171 224
25 216
115 275
125 135
128 158
18 57
128 190
209 262
165 256
45 134
98 171
6 162
240 256
117 135
110 223
20 254
7 257
106 107
186 280
215 300
41 186
35 46
201 240
17 94
44 134
111 231
80 192
145 250
251 284
42 55
209 246
16 282
170 257
147 256
48 112
84 192
102 190
170 265
81 209
8 81
99 256
60 138
88 116
203 217
37 135
141 148
199 216
71 141
113 138
28 70
190 278
11 220
119 174
183 248
59 209
185 242
185 219
260 266
71 73
52 57
10 91
18 133
25 100
278 279
26 49
102 267
159 170
187 283
83 133
148 187
41 89
17 30
191 296
126 267
138 298
153 251
152 274
110 262
190 260
124 211
80 114
88 119
35 216
10 277
12 170
99 189
218 260
98 275
7 175
93 276
275 277
13 100
16 195
222 223
279 283
80 130
95 117
192 283
232 251
90 271
76 227
50 160
1 74
23 175
17 18
209 255
45 136
26 209
129 161
251 266
217 242
14 190
110 119
76 133
120 262
170 216
84 116
20 44
73 136
217 243
113 225
119 275
15 187
16 189
81 113
64 73
186 208
238 251
1 238
106 116
120 131
21 230
96 148
219 237
62 124
76 204
27 166
49 86
60 63
99 105
32 130
171 255
131 236
41 75
9 205
90 250
162 299
52 54
18 189
17 51
68 79
165 170
80 132
234 251
1 133
133 215
45 74
16 264
102 165
124 136
182 191
208 278
218 275
56 115
173 260
23 189
24 48
122 186
55 74
126 161
189 194
78 139
64 286
84 154
164 185
114 133
42 143
178 285
158 222
88 262
25 297
38 152
160 272
44 48
185 186
25 227
155 186
142 183
79 94
139 195
32 140
2 146
113 263
91 267
63 278
27 184
206 298
27 205
167 288
148 215
37 129
151 206
90 180
66 160
32 94
66 75
12 266
132 292
128 151
89 175
102 135
45 94
63 75
113 171
233 290
217 253
199 225
81 103
96 251
57 61
50 55
47 101
15 237
207 283
78 256
181 291
87 97
42 127
7 293
95 189
113 129
6 250
177 180
6 210
17 139
186 214
47 131
100 214
209 259
117 129
62 148
199 284
45 67
24 224
185 248
49 63
229 276
199 227
56 277
53 64
193 237
63 128
33 100
14 276
42 139
54 73
125 129
154 194
128 283
237 280
240 274
12 288
209 277
217 235
17 54
22 271
116 145
183 257
160 248
61 93
76 265
142 209
25 258
29 54
240 254
160 175
178 292
211 256
28 283
211 246
225 237
23 259
79 291
15 185
208 209
78 122
32 126
76 216
171 200
58 186
160 193
12 273
177 276
97 275
28 69
119 154
20 273
202 299
7 271
50 75
217 220
11 113
170 227
83 160
55 134
125 126
65 291
105 117
237 248
194 211
201 233
222 268
76 198
127 175
87 176
162 224
27 224
99 277
94 153
189 265
19 288
8 176
155 211
46 106
102 119
33 52
2 14
131 157
278 282
48 249
30 38
121 158
31 52
131 206
33 144
171 236
41 81
180 237
93 181
132 293
23 206
217 280
7 226
42 72
230 260
5 129
260 298
177 233
217 276
98 183
18 146
21 188
235 237
99 165
222 258
206 299
91 135
35 156
116 174
181 189
77 217
183 283
204 275
111 298
5 237
38 240
84 161
9 167
34 204
19 186
51 103
54 67
70 147
61 81
218 299
53 55
217 225
199 253
125 260
191 289
199 212
21 45
183 236
99 247
76 119
74 233
39 251
106 216
30 240
153 299
22 174
70 162
160 296
152 241
144 158
39 185
94 154
26 286
233 243
5 67
119 291
131 170
259 285
27 229
20 194
225 300
16 84
35 66
126 224
127 138
108 154
5 126
110 200
56 84
89 221
185 270
87 116
148 216
141 199
34 140
18 165
97 217
29 278
103 280
136 147
91 299
115 154
98 262
17 154
34 186
82 280
191 206
160 171
76 228
59 141
127 188
191 273
153 213
42 100
212 240
82 219
47 181
186 243
56 122
79 217
51 138
102 197
180 187
68 154
20 40
113 140
21 184
22 216
260 277
129 238
12 58
9 195
124 140
10 142
20 176
227 251
15 234
47 297
11 115
149 206
127 293
154 162
153 194
73 188
93 263
251 297
172 183
79 193
148 193
183 229
106 119
88 148
102 244
251 259
7 17
254 264
60 124
109 117
147 160
122 161
130 198
67 140
167 256
43 137
113 248
10 131
107 185
9 17
118 299
7 105
131 225
66 209
27 212
3 89
8 120
89 171
141 146
12 207
22 203
147 193
158 199
29 47
156 251
50 59
38 141
40 78
36 67
87 185
95 186
65 66
185 255
84 174
20 174
78 275
25 65
196 260
17 272
22 26
19 102
56 168
133 147
2 25
277 295
6 53
61 233
180 196
16 171
240 255
3 93
48 52
183 266
138 227
90 142
89 157
63 135
24 270
9 234
177 237
28 30
83 94
51 106
106 160
62 65
91 178
88 191
220 299
34 160
145 189
168 292
87 269
66 161
157 240
18 179
64 147
103 178
40 89
55 132
76 205
191 204
21 100
33 47
95 239
15 131
31 56
15 174
30 91
75 77
111 288
25 195
77 276
32 141
107 110
178 296
20 195
30 93
58 117
45 160
107 275
2 237
90 286
93 99
109 189
17 292
19 225
53 294
78 145
283 286
65 133
40 88
189 201
152 278
276 283
171 221
245 288
133 148
222 248
67 138
73 88
30 54
20 189
1 201
227 287
41 94
49 91
95 183
170 202
177 185
148 227
51 60
274 278
10 60
215 240
15 176
81 111
189 275
42 149
119 130
81 153
50 240
199 258
36 48
121 152
136 140
28 53
40 275
112 171
47 293
10 244
9 231
109 237
140 162
173 183
73 137
177 217
180 272
9 124
240 280
20 79
76 160
106 221
18 218
70 115
152 190
41 70
115 279
186 239
97 116
74 140
36 52
61 127
240 300
91 258
2 233
22 263
22 284
28 55
103 131
22 172
13 112
99 161
88 189
264 275
24 268
38 116
47 109
180 188
100 140
95 178
257 290
63 126
32 144
29 53
199 276
183 214
8 97
5 193
235 267
50 112
52 101
13 25
148 154
27 198
8 167
30 81
58 74
185 228
5 133
183 282
178 299
118 160
161 272
127 278
87 281
107 216
269 295
78 193
91 259
39 112
207 276
143 236
87 189
76 279
2 296
7 49
258 283
70 139
61 155
16 292
87 287
100 120
198 225
113 271
187 233
185 236
123 141
148 198
56 272
42 43
154 298
217 266
159 233
171 265
114 141
40 155
34 88
16 54
3 106
76 221
170 174
38 44
74 299
107 159
251 257
176 185
11 76
119 195
185 257
170 171
65 145
28 136
122 143
1 12
24 164
25 190
13 180
29 141
81 102
34 125
231 275
114 172
102 161
81 283
83 87
120 217
105 193
98 199
228 237
14 205
128 132
116 155
17 20
28 73
84 87
169 278
161 232
160 252
44 81
156 240
7 97
13 225
56 150
142 149
57 68
122 130
170 240
1 131
209 235
216 233
23 231
190 209
189 235
194 233
38 55
1 23
7 220
133 140
170 245
20 43
194 231
183 253
150 160
91 225
117 149
24 232
52 171
6 189
237 285
174 255
129 155
191 253
184 293
171 270
22 287
62 72
49 142
75 132
196 233
171 180
45 113
234 269
186 299
79 200
152 202
85 221
34 109
104 106
199 235
121 153
191 256
137 162
19 163
18 246
132 278
102 232
155 224
186 202
21 169
217 248
111 259
2 210
21 210
113 288
169 170
31 62
21 279
161 260
122 139
10 248
237 253
88 99
47 105
3 91
19 198
122 141
164 174
50 154
44 156
19 249
180 184
149 279
14 286
21 187
39 92
37 117
133 139
18 208
6 136
199 280
7 191
186 188
276 300
161 298
115 231
101 231
18 192
123 143
198 246
96 275
147 167
175 189
26 173
83 258
191 257
23 61
153 189
46 155
17 296
35 150
16 284
170 290
266 278
135 146
104 291
49 74
39 75
107 251
99 270
65 298
33 119
3 85
126 146
79 257
2 298
25 193
31 150
143 292
41 65
20 203
41 43
103 288
15 184
89 135
222 274
42 283
37 44
49 90
1 56
174 263
45 66
7 79
83 154
130 275
147 246
38 54
119 269
106 134
30 275
85 142
195 199
3 201
33 116
191 227
17 81
187 278
82 183
215 275
44 49
37 186
161 269
4 19
124 251
189 234
2 76
40 54
74 97
185 200
23 186
26 195
119 185
170 205
25 215
73 107
26 288
139 278
101 183
170 266
102 283
185 269
45 150
180 289
107 193
47 118
34 62
51 159
47 50
125 162
171 213
99 176
199 234
91 164
186 187
85 296
56 269
52 89
54 71
170 201
16 237
42 134
113 298
99 164
191 266
186 224
28 57
28 134
209 269
160 269
186 279
203 272
51 147
25 290
122 124
81 217
30 145
108 153
64 134
46 75
191 249
21 239
30 51
28 106
24 263
189 223
16 26
176 240
17 58
233 238
186 272
95 130
120 174
42 106
171 198
15 93
216 260
113 132
64 100
21 167
214 222
58 73
200 237
230 278
65 139
126 199
197 251
97 130
78 296
106 193
87 177
7 34
254 275
47 48
146 240
26 179
102 201
43 48
62 260
32 138
142 148
79 153
120 240
39 77
36 146
15 76
130 146
23 26
136 211
204 237
131 233
105 223
100 217
98 251
117 185
182 251
65 156
99 170
12 264
136 146
38 143
199 214
171 201
140 146
177 191
115 204
119 222
38 103
143 146
114 161
179 211
103 224
113 116
196 217
1 115
30 84
102 140
61 129
109 216
45 88
148 167
24 206
47 98
94 120
31 64
166 217
32 160
66 94
11 91
180 186
186 268
74 283
130 232
15 283
115 244
26 92
10 185
169 183
91 219
242 298
79 256
17 244
41 72
9 236
161 162
74 278
89 290
161 299
3 99
191 215
95 276
170 264
176 180
125 199
115 298
10 274
267 278
49 118
257 260
48 157
66 132
78 117
52 58
12 195
49 109
189 229
18 294
171 267
160 189
14 246
76 161
79 112
8 229
87 102
20 219
94 96
59 143
81 83
124 276
122 147
162 291
8 116
275 282
45 112
116 209
103 115
102 236
16 75
136 199
32 43
94 283
104 133
134 236
222 266
143 199
107 246
240 273
79 297
8 114
186 206
82 296
106 115
27 181
117 196
50 70
18 286
171 246
211 281
129 154
68 109
12 28
1 136
73 141
94 161
180 287
130 199
104 200
21 234
5 170
64 138
129 224
25 177
16 250
28 94
84 262
133 158
12 178
268 299
12 271
94 122
160 298
71 138
212 275
183 290
21 218
191 267
47 74
63 260
55 139
222 265
143 161
15 276
92 117
126 300
31 48
134 158
115 238
3 22
34 244
84 99
36 123
146 152
110 139
49 58
68 94
160 202
189 228
124 133
230 283
1 269
11 74
173 191
117 150
15 194
21 282
170 254
209 212
171 285
41 217
69 132
240 284
59 135
76 231
3 5
146 154
103 202
29 126
21 214
30 171
76 268
186 221
124 267
28 299
108 133
22 269
184 248
87 241
125 222
116 123
4 15
191 198
12 35
135 144
181 233
34 44
144 151
47 186
131 214
225 240
31 33
33 53
225 233
139 236
40 74
79 204
115 299
8 292
34 87
267 294
280 299
70 149
14 172
99 278
103 114
66 143
152 186
191 201
55 63
102 182
22 205
194 283
112 114
150 211
21 151
99 123
20 250
127 195
8 77
145 175
33 48
21 164
124 283
99 167
196 283
219 251
161 194
204 222
199 207
68 69
65 142
38 170
141 251
52 86
76 256
5 221
9 225
17 131
174 265
59 162
237 277
240 249
28 43
48 136
94 101
130 133
136 145
3 186
20 104
143 300
21 165
170 288
79 284
33 162
47 95
10 113
125 143
83 100
156 233
4 297
229 275
226 251
7 199
191 280
174 287
142 161
106 244
53 71
131 153
171 249
133 143
130 300
194 199
183 268
51 156
191 213
98 224
67 129
23 172
105 275
170 204
159 247
183 223
175 191
171 266
9 115
24 90
23 250
32 186
38 100
87 88
226 233
133 278
131 140
56 139
135 298
1 121
209 254
116 121
7 53
117 162
36 64
37 145
131 186
47 214
22 189
113 290
244 298
131 238
24 187
189 242
84 124
128 159
233 258
19 94
46 58
112 188
15 274
51 154
87 118
7 170
40 134
76 182
3 61
39 78
264 299
41 137
87 229
155 199
24 285
8 250
35 186
30 67
47 51
170 194
138 157
30 64
16 153
23 170
79 266
19 205
180 185
163 186
111 275
260 289
23 179
126 236
21 215
102 285
34 84
76 244
100 130
43 68
8 82
182 199
9 224
112 147
222 238
191 207
244 283
28 155
116 142
5 185
13 260
122 283
186 240
39 60
85 145
52 269
73 101
95 296
164 186
52 191
128 240
39 70
173 237
48 135
83 265
81 185
20 26
42 158
110 153
8 107
87 252
147 221
118 122
197 283
186 276
135 211
140 161
246 276
19 177
124 126
52 108
25 212
6 129
76 261
48 148
87 190
215 217
137 199
113 163
127 221
96 100
59 248
237 270
155 157
41 233
139 206
71 100
75 80
178 183
25 74
211 278
89 153
18 257
143 148
14 266
19 213
16 273
247 251
19 165
107 222
3 33
100 260
9 229
195 209
20 279
131 152
205 278
199 272
132 170
93 278
100 290
40 137
185 296
31 134
113 164
12 147
92 296
28 260
186 200
154 155
90 240
83 117
40 84
59 126
66 155
152 256
45 53
75 91
79 98
283 287
101 121
68 125
89 180
21 263
134 273
26 276
57 71
145 293
86 110
70 146
14 250
194 268
90 195
53 162
221 233
206 209
90 171
119 172
189 207
86 275
12 148
6 25
18 177
164 260
11 62
74 209
4 8
43 67
17 170
180 227
209 263
240 265
160 263
170 269
142 145
144 152
36 85
191 271
183 228
143 147
80 290
27 115
83 114
121 141
17 53
37 53
5 227
12 235
45 58
79 89
6 180
170 252
29 189
167 217
118 290
55 90
12 233
3 96
233 281
119 205
9 222
124 143
88 100
171 274
37 55
231 283
32 217
37 170
107 160
108 199
44 46
25 294
39 76
91 214
131 235
8 222
186 270
99 111
46 47
32 128
99 242
192 240
165 251
17 211
34 89
106 207
21 206
158 189
127 170
3 7
130 243
87 202
220 290
136 158
10 65
178 273
55 160
76 247
143 158
27 234
157 299
25 102
45 89
199 243
157 162
176 299
238 275
13 232
114 118
180 212
183 193
79 172
3 113
127 146
10 238
22 147
94 103
43 59
4 9
97 106
74 115
18 187
132 138
185 286
140 154
174 194
45 81
115 172
183 285
118 183
128 170
150 162
222 231
133 199
99 113
185 268
152 264
19 289
186 265
27 266
114 128
7 54
22 182
76 226
15 239
67 162
281 296
106 229
2 87
78 294
35 149
126 162
81 157
109 199
122 225
159 186
123 155
39 69
27 287
19 271
79 270
86 159
69 116
16 17
191 221
85 260
132 273
47 59
215 299
201 298
85 256
98 196
114 115
127 256
54 144
37 73
26 175
100 102
243 283
131 227
139 199
65 126
185 203
49 60
3 8
160 181
116 125
123 222
5 18
167 240
45 84
41 160
4 231
20 186
120 130
95 174
38 94
217 289
27 227
27 262
76 94
39 113
78 286
54 154
148 276
67 81
52 63
201 217
112 298
133 249
197 275
225 251
109 132
1 232
157 296
20 294
183 242
76 248
6 213
124 190
201 237
100 107
209 256
222 256
5 250
2 119
176 209
170 219
160 224
20 184
133 142
56 153
135 150
12 79
244 275
273 293
25 236
3 161
161 293
152 238
103 211
119 151
53 129
37 84
79 84
154 190
171 226
23 286
131 272
193 251
39 111
121 250
148 182
131 237
183 192
82 216
91 216
209 258
165 233
27 220
4 65
122 260
8 49
160 191
16 297
48 106
102 238
73 80
39 296
124 299
19 256
175 251
32 55
12 287
80 275
65 293
260 284
51 55
5 116
4 256
174 209
207 233
30 70
119 132
65 69
82 210
3 83
184 258
227 233
121 292
243 300
19 236
141 209
40 183
16 219
64 130
66 146
228 240
14 229
53 293
12 63
9 282
108 278
183 265
14 163
16 269
106 248
168 170
16 115
26 223
86 251
64 143
73 162
28 44
74 99
6 19
41 45
19 221
29 138
142 269
135 267
209 253
38 260
40 81
235 283
3 15
69 269
24 153
49 113
269 299
111 290
130 155
1 132
236 278
99 252
121 221
30 32
179 189
163 171
156 189
209 261
26 188
25 203
53 58
146 148
185 253
42 110
15 218
71 146
85 189
146 283
1 210
11 273
14 248
67 217
64 70
14 66
110 133
6 237
105 244
95 262
110 178
98 288
134 221
17 151
186 266
129 159
27 265
12 220
123 128
71 126
233 282
97 117
15 250
42 73
21 273
52 107
71 89
93 186
264 283
163 209
36 41
45 251
6 87
145 221
2 59
153 204
119 285
189 218
128 236
48 153
203 251
59 276
73 156
171 207
12 239
181 222
152 215
199 291
185 187
36 74
8 191
113 117
244 260
14 164
79 275
27 254
45 240
136 156
23 54
13 17
4 20
58 66
282 298
76 206
63 73
240 267
4 12
156 296
148 268
66 126
183 186
6 148
134 240
15 173
191 194
63 136
124 129
123 133
27 216
135 269
116 147
161 225
9 100
90 260
160 292
122 269
195 283
174 285
124 209
73 82
126 269
42 45
85 114
28 153
137 140
81 211
101 116
18 284
125 189
171 243
3 223
20 286
166 189
153 293
72 150
127 246
47 240
6 204
13 251
190 233
84 281
68 95
51 100
62 103
123 296
212 217
113 191
69 122
99 241
120 235
2 181
15 79
185 276
110 283
13 48
234 283
18 297
77 148
13 121
125 264
2 141
59 272
46 55
64 278
76 163
116 158
79 150
11 17
118 189
115 216
132 295
59 222
67 278
25 292
180 293
171 175
277 288
15 255
133 151
51 75
180 268
154 180
64 75
34 60
120 171
42 159
93 290
100 127
50 153
46 57
142 151
15 189
97 262
142 146
152 205
86 119
26 40
153 215
34 46
50 58
123 283
131 278
25 161
84 228
119 160
149 174
35 45
222 290
139 256
1 27
34 43
69 150
171 182
18 233
60 152
49 98
33 69
35 117
2 161
50 162
12 230
111 199
118 162
144 159
236 283
79 198
136 137
32 135
101 132
106 184
13 287
49 64
174 240
206 211
220 275
20 230
53 63
144 148
42 52
36 134
104 160
66 170
107 174
40 90
157 236
126 238
55 135
32 72
2 24
159 250
18 85
217 227
36 66
74 166
174 229
27 289
170 250
160 236
20 72
8 186
60 157
28 297
12 59
180 229
32 45
229 298
6 208
181 217
189 270
53 66
15 175
26 121
105 248
89 239
95 116
73 248
145 222
91 212
110 281
114 266
66 70
8 110
178 297
2 209
119 256
53 68
77 125
45 152
115 117
2 53
19 234
34 129
209 287
260 282
30 151
125 269
74 100
217 273
133 224
49 70
142 160
18 153
17 173
20 212
88 265
84 114
19 200
103 138
3 87
41 53
34 101
15 220
191 255
233 241
40 185
108 174
81 105
85 240
15 39
189 232
71 128
117 122
237 275
184 289
172 260
172 191
88 183
229 283
14 228
38 72
148 253
21 278
70 71
199 279
84 106
154 195
124 131
18 141
95 112
41 211
185 283
199 237
27 176
110 113
96 116
48 69
34 126
34 134
200 222
79 258
41 155
15 235
17 92
79 90
198 264
168 251
25 185
251 292
100 119
39 84
117 251
59 160
33 75
119 241
20 61
191 246
147 288
84 151
189 267
207 260
74 148
237 273
18 200
87 179
115 291
180 223
98 217
7 51
194 251
9 165
135 143
99 132
30 137
29 60
189 226
209 242
170 281
121 193
157 300
29 43
9 169
22 242
33 128
37 116
234 260
181 278
177 199
44 56
164 237
59 146
4 198
26 122
64 222
10 269
30 134
162 292
16 170
17 267
191 220
100 108
49 155
5 21
74 189
39 191
34 72
121 223
89 273
80 94
152 166
13 89
44 50
126 180
224 240
10 261
93 299
156 260
111 256
40 70
25 172
43 51
186 225
103 160
14 243
50 283
203 278
186 258
161 235
89 217
87 253
173 278
137 269
203 283
184 186
147 155
209 210
86 171
141 159
63 272
37 106
5 78
25 58
133 202
29 106
112 296
149 240
217 236
75 117
60 156
100 235
24 190
84 183
98 258
169 233
74 149
126 153
140 211
169 240
134 159
18 270
71 81
23 229
94 189
175 222
100 115
153 256
217 250
171 279
1 116
79 117
117 148
227 283
164 283
77 132
15 246
174 251
89 250
86 209
93 114
34 74
89 124
3 208
83 131
27 273
78 191
39 41
121 159
29 149
31 73
1 18
156 299
222 282
121 148
39 50
12 131
137 143
30 118
160 217
155 156
103 291
65 237
63 142
34 136
81 112
66 135
196 199
33 45
5 17
76 116
134 148
111 251
9 230
52 85
87 211
135 152
262 275
14 177
116 149
180 198
185 250
278 290
3 68
93 135
120 183
90 223
40 91
18 289
69 131
72 136
171 197
233 239
91 196
43 49
278 299
158 170
202 283
38 60
245 275
2 236
55 73
27 293
208 237
134 147
106 246
42 54
7 283
246 275
135 157
112 117
115 171
233 245
83 116
89 183
130 144
33 81
74 145
34 57
113 291
71 186
125 160
121 185
73 109
41 44
160 223
209 223
20 36
209 248
26 170
44 115
138 209
45 78
14 194
170 196
68 73
139 179
91 222
105 185
34 267
185 235
180 279
189 214
37 72
8 115
30 92
14 210
9 252
122 264
170 248
205 233
65 146
84 251
40 48
25 233
222 228
20 247
167 189
202 222
1 15
296 297
237 245
253 283
58 155
103 225
79 213
19 219
64 217
149 260
81 108
3 12
60 269
42 140
18 123
58 131
116 156
145 246
186 230
86 222
27 206
43 156
98 174
79 104
180 192
66 124
103 176
20 74
101 251
159 160
101 221
97 248
121 128
260 285
3 274
30 85
189 274
198 199
13 170
19 263
133 157
99 289
127 142
152 240
59 170
185 281
82 233
25 95
47 69
2 238
62 70
12 68
233 259
33 140
2 186
39 59
82 163
121 177
74 132
27 167
14 218
95 211
131 296
217 222
30 42
113 259
109 114
2 140
197 199
19 188
53 59
34 149
160 216
34 269
168 296
97 211
154 231
243 278
138 278
116 154
155 238
106 124
72 149
8 108
4 17
43 162
162 297
62 209
171 194
107 256
170 262
110 118
107 260
111 119
18 178
219 283
80 244
27 173
28 138
153 269
40 150
14 169
228 251
109 276
34 137
3 295
48 110
272 283
108 129
130 294
136 150
154 284
188 278
21 220
41 126
97 110
183 238
206 237
138 186
148 256
96 189
34 213
155 184
7 184
128 138
157 269
199 287
52 183
183 226
40 56
39 58
156 190
139 144
173 222
189 256
184 194
245 278
27 207
51 110
160 239
22 208
26 275
15 75
14 224
110 209
23 184
23 257
89 300
189 244
27 74
273 275
24 284
132 248
90 179
1 94
76 269
100 283
159 189
59 144
24 119
102 242
8 233
161 189
189 212
2 228
66 122
244 263
209 271
177 251
48 142
5 11
10 23
170 183
28 159
121 137
256 264
31 53
62 73
136 157
231 251
23 59
181 292
119 177
24 242
37 189
70 138
109 119
59 131
199 246
139 184
18 163
37 209
106 148
127 193
6 10
132 134
215 269
15 62
13 186
59 155
207 240
23 72
195 233
109 192
35 53
108 283
191 216
34 114
184 260
11 86
185 263
152 249
94 160
72 73
275 279
105 159
52 95
68 124
26 87
162 190
3 227
82 188
22 258
18 164
82 241
45 85
210 237
33 65
55 66
101 199
272 275
189 196
189 231
14 119
53 131
209 213
18 170
174 299
16 294
30 143
251 254
39 43
154 269
134 139
39 65
186 275
6 244
2 223
86 132
9 104
151 222
251 273
124 185
11 186
52 93
21 79
10 294
58 143
4 16
90 296
171 269
186 242
179 222
28 128
80 133
106 237
188 217
99 149
86 199
49 57
186 235
123 170
232 278
111 229
160 290
25 117
134 175
186 190
48 143
251 255
105 276
248 299
204 298
34 150
36 116
30 44
79 81
119 159
62 272
133 264
133 256
214 298
205 260
45 162
12 146
22 198
170 225
25 121
102 110
103 174
36 39
21 225
10 102
152 218
72 74
67 110
217 268
92 262
102 275
76 114
43 135
43 83
125 136
175 233
1 194
217 282
18 199
185 210
38 73
8 187
86 203
256 300
204 260
202 278
283 299
76 189
58 63
105 256
114 291
85 222
191 277
19 268
33 189
10 24
20 264
241 283
101 146
19 248
40 116
4 273
76 262
180 195
165 240
192 251
30 36
145 195
108 140
146 157
183 232
18 281
136 154
135 151
213 233
191 209
89 199
22 255
4 23
225 278
110 159
12 54
87 236
6 102
153 272
143 224
4 283
160 186
40 129
65 144
63 100
7 108
139 177
69 135
168 275
3 171
88 171
80 81
15 67
115 267
99 116
156 170
29 128
20 62
191 232
6 24
62 154
147 162
65 180
191 254
59 73
233 234
143 151
55 149
156 206
52 102
2 276
59 204
222 241
275 289
87 108
76 176
83 288
123 131
169 198
74 139
110 216
130 141
31 50
5 136
115 173
28 103
194 260
7 56
65 155
174 179
27 175
209 220
104 110
183 288
105 231
120 222
195 275
36 71
96 161
44 152
45 83
160 267
162 227
47 299
170 270
18 124
7 209
240 266
122 155
15 193
27 193
94 291
81 220
89 215
186 196
34 223
217 232
186 193
232 240
52 92
49 84
11 209
24 89
111 193
102 146
144 297
119 251
134 202
14 245
20 122
187 297
100 271
22 262
21 235
115 210
49 137
139 140
72 134
133 167
64 247
94 233
71 209
19 258
68 269
2 162
186 223
16 100
104 262
60 71
139 186
94 116
79 210
1 8
8 80
1 3
136 148
27 233
254 278
1 189
33 117
48 103
126 135
230 237
117 133
33 269
251 262
147 188
12 270
122 133
111 185
76 300
59 194
47 112
121 184
59 216
189 195
8 109
9 289
73 84
186 277
119 264
94 105
8 179
20 236
104 119
79 286
23 35
23 287
199 256
46 70
26 93
15 251
27 215
189 290
25 187
134 184
44 64
246 251
42 57
14 153
13 167
222 278
12 82
132 260
126 152
171 212
42 272
12 154
5 15
9 271
209 222
41 69
27 296
102 222
87 106
256 275
32 155
166 174
84 156
138 154
59 159
30 53
106 203
66 73
35 146
9 197
51 139
23 249
153 196
130 236
219 260
51 65
222 226
61 139
152 276
242 260
143 299
115 213
94 260
8 178
9 265
45 145
25 256
99 185
87 114
9 191
35 40
246 260
167 233
84 181
189 264
88 275
194 256
188 233
21 177
18 75
39 46
131 146
131 253
217 241
118 223
80 146
10 232
20 289
114 116
105 184
217 218
102 199
79 176
161 295
170 258
240 250
17 73
139 160
171 205
170 199
40 131
13 174
7 233
84 191
9 181
251 272
16 185
186 229
44 74
87 239
76 223
33 127
180 245
11 184
18 49
24 212
40 124
60 145
121 188
87 291
1 20
183 207
100 111
154 221
15 163
115 233
99 250
30 157
76 87
162 243
163 174
14 270
157 222
19 284
180 258
9 186
153 205
226 240
142 217
59 153
89 195
215 287
156 236
94 259
8 211
128 130
24 107
149 278
6 16
155 269
115 119
92 110
45 56
217 284
83 226
92 281
216 251
81 91
55 64
206 240
47 120
29 135
52 104
152 220
131 269
57 142
2 20
246 287
19 230
51 54
38 122
45 64
235 297
90 133
86 100
238 285
87 94
130 274
83 211
170 232
26 229
210 260
84 278
3 294
137 211
186 205
22 254
15 296
185 249
236 251
122 196
22 181
20 243
