heur051_n_300_m_20122
115 288
33 150
21 224
203 292
160 287
183 274
120 270
278 292
109 180
211 279
106 154
3 154
222 285
161 282
249 273
207 299
97 224
187 191
78 229
278 287
164 292
241 278
43 280
184 283
243 296
198 294
216 292
33 260
31 234
10 278
260 274
50 280
122 295
196 273
8 224
13 229
219 268
141 288
67 289
52 286
233 269
261 299
210 241
161 292
121 288
63 268
229 271
155 282
218 219
76 154
179 296
204 281
261 268
116 298
261 293
187 285
211 290
117 157
259 273
103 295
146 299
259 294
41 298
21 35
184 286
290 291
276 286
3 195
285 297
250 282
263 296
262 277
156 283
203 284
180 285
49 286
258 293
212 274
138 213
214 276
121 180
154 263
108 298
19 270
280 282
179 271
44 206
182 293
230 292
264 271
55 284
38 297
6 270
68 206
212 287
228 268
111 120
55 247
39 289
199 289
214 279
189 271
251 277
99 198
20 298
126 288
178 271
263 282
233 287
120 224
209 299
190 294
96 224
182 276
118 187
132 288
171 284
195 271
200 282
145 270
99 300
87 295
89 224
223 290
219 282
69 232
50 282
193 294
105 299
199 285
33 190
33 224
37 143
155 241
20 275
77 280
100 270
3 229
2 288
3 300
21 294
262 276
40 285
191 290
164 282
29 242
63 180
70 295
152 272
59 270
224 296
189 281
46 286
270 287
152 279
108 180
132 300
32 243
32 242
70 300
79 289
258 285
150 152
118 298
182 282
58 298
99 280
69 289
244 270
107 115
93 291
87 275
224 273
18 201
252 284
158 293
270 297
193 260
190 271
12 289
140 286
198 283
151 271
169 272
125 275
263 299
73 115
101 111
212 283
285 300
231 281
15 284
22 289
19 93
266 292
86 206
94 278
118 234
140 284
234 268
207 272
55 280
42 224
34 297
57 298
52 275
112 234
160 271
62 291
152 273
17 279
125 244
69 184
154 279
99 218
261 277
109 275
12 269
55 175
149 282
56 270
30 267
155 293
180 273
155 268
150 207
209 270
124 297
187 289
221 282
163 272
225 291
206 246
256 296
198 279
248 285
181 283
251 279
85 275
214 277
116 294
112 153
274 291
231 294
30 180
154 203
57 289
225 290
168 268
272 289
194 206
120 176
139 180
42 295
168 290
22 186
277 286
133 283
206 287
199 277
232 233
282 291
255 265
112 288
254 283
69 267
182 290
113 300
85 295
172 285
182 281
206 241
86 213
248 254
155 290
86 280
171 276
142 180
195 276
32 187
184 287
261 296
191 282
292 297
125 172
50 224
59 120
29 289
33 250
127 280
115 270
151 296
163 287
3 298
47 273
191 211
192 282
160 293
15 224
252 270
46 300
67 224
18 283
277 278
55 59
99 153
115 164
227 285
41 287
243 281
150 224
253 276
177 287
158 289
129 288
120 298
127 171
214 296
282 289
264 276
272 288
223 282
52 297
33 226
125 278
279 288
115 289
16 275
69 298
152 172
50 115
205 299
96 300
215 273
193 282
221 272
71 300
99 243
127 154
235 281
187 276
39 115
35 280
238 277
128 297
211 277
168 274
235 287
135 295
104 286
46 288
179 272
111 114
236 274
99 178
55 153
22 286
78 224
212 272
253 272
148 274
103 275
224 289
208 277
181 271
247 290
3 252
13 289
234 299
36 208
262 283
22 288
132 298
284 297
40 224
86 163
147 292
40 286
254 279
250 290
210 290
243 288
30 297
221 273
123 180
145 268
242 288
114 278
152 277
76 111
95 287
202 290
283 291
110 280
196 294
128 300
103 278
269 288
240 285
256 283
289 294
32 278
100 294
271 275
186 292
66 286
170 272
63 267
51 286
226 290
203 291
172 296
151 290
150 292
139 281
36 252
115 221
227 282
248 273
283 297
211 268
257 276
128 298
125 291
244 277
3 162
123 275
184 270
46 283
286 294
59 278
204 293
232 296
99 115
215 296
203 297
261 287
85 289
218 290
72 295
253 287
170 268
88 288
69 185
170 293
37 298
188 258
269 278
150 254
199 297
99 155
61 295
174 277
217 279
61 269
87 288
42 275
25 300
232 271
289 292
215 276
185 278
202 206
178 281
241 254
99 144
138 283
147 277
45 298
122 224
200 272
138 282
36 280
190 276
148 299
204 267
120 289
240 294
3 184
104 278
59 280
231 254
212 293
191 276
212 268
164 273
3 286
118 270
137 295
16 298
148 293
88 300
112 265
161 268
20 241
107 297
220 287
17 297
155 274
193 270
158 277
48 180
118 265
98 213
87 300
221 271
62 278
158 281
216 272
197 273
122 278
25 278
156 290
210 272
275 283
144 294
258 272
125 154
116 295
147 268
36 184
150 283
159 272
255 279
2 291
270 289
270 290
257 282
240 268
211 283
265 272
43 171
251 293
99 195
133 229
256 285
194 299
183 287
238 268
168 279
169 269
123 286
180 290
249 279
76 286
284 299
214 282
65 224
55 295
198 293
107 280
86 186
178 270
232 288
33 240
101 288
273 286
246 272
193 258
77 297
196 269
219 267
187 274
286 290
267 290
229 277
283 289
33 104
138 300
172 283
208 244
262 272
99 298
219 279
231 285
161 274
118 289
198 276
213 295
6 286
84 224
268 286
111 164
18 298
166 281
195 268
89 281
113 275
193 283
171 299
124 275
46 224
129 252
285 289
23 288
211 263
160 274
241 282
238 281
101 224
267 292
193 291
3 176
83 298
63 281
107 284
157 284
172 294
44 295
17 180
183 273
171 294
275 296
140 289
246 293
283 288
206 281
139 298
255 273
129 286
245 273
297 299
117 154
106 278
175 276
59 224
179 207
14 288
193 275
170 267
108 260
156 294
29 297
204 290
216 294
80 288
39 284
286 295
186 285
63 294
152 270
180 282
244 296
129 220
254 277
212 292
72 108
182 283
149 292
234 276
230 268
36 72
125 242
213 228
248 282
266 268
188 274
212 277
248 271
3 242
127 176
204 282
264 274
3 157
45 295
124 300
187 273
163 269
196 276
128 288
201 299
161 279
235 271
184 204
196 268
278 296
224 267
99 263
108 226
176 188
258 287
55 207
153 155
55 162
220 271
195 274
45 260
227 277
262 290
266 294
261 273
33 171
86 286
143 289
14 295
250 292
213 289
129 297
153 282
233 268
213 238
153 183
130 289
209 274
256 270
225 297
121 260
202 241
174 282
184 298
97 286
160 283
263 274
275 287
273 298
176 219
217 272
85 224
102 224
198 290
212 270
61 297
138 269
46 180
73 295
52 295
198 281
99 207
26 278
21 297
192 290
166 268
77 278
106 260
204 272
12 286
35 271
178 282
241 271
262 296
50 284
194 290
96 186
177 292
143 294
95 293
183 270
82 286
124 289
99 204
128 280
267 299
194 271
222 281
212 285
209 281
93 289
238 299
55 152
244 292
189 273
213 285
61 288
46 275
228 276
73 275
86 175
263 273
110 298
169 285
142 224
187 213
229 274
145 279
83 132
95 289
245 285
91 278
157 270
48 286
36 295
151 282
16 270
76 260
256 277
210 279
104 107
76 237
141 294
260 271
110 275
53 295
55 212
165 276
109 297
86 221
51 298
253 293
253 268
65 297
170 287
19 272
224 288
233 279
154 213
31 300
199 274
185 271
182 296
60 289
72 127
271 295
151 276
258 274
194 276
125 155
251 287
275 295
110 295
240 282
190 281
36 220
19 294
281 291
147 296
36 104
91 288
203 228
150 193
37 289
149 268
173 274
123 300
57 280
247 299
99 229
106 289
264 277
162 271
239 271
160 285
99 190
93 300
81 288
130 224
15 295
253 270
105 279
205 241
48 288
32 199
144 276
284 292
236 270
189 277
194 272
127 286
55 254
38 286
116 289
44 270
177 296
186 282
218 274
195 277
214 290
171 277
152 258
225 268
43 229
239 274
162 274
115 186
13 297
38 224
176 292
76 289
259 279
236 290
74 224
82 226
223 285
107 192
32 164
230 272
95 260
176 277
199 290
91 286
209 279
40 277
107 298
41 224
150 287
181 276
222 283
194 241
223 271
208 224
199 292
208 274
19 285
258 271
117 297
61 278
132 286
59 66
139 213
198 287
205 279
103 289
202 271
155 299
150 157
163 293
247 255
226 299
170 276
237 290
94 286
253 292
222 230
225 282
93 199
11 267
209 268
153 230
48 224
244 254
33 205
54 278
166 277
32 300
47 180
229 282
20 300
259 296
6 288
239 279
162 279
26 224
163 273
82 132
133 186
11 180
71 295
240 292
99 286
221 294
194 220
1 300
74 288
12 224
69 275
185 275
260 273
7 224
89 288
220 272
196 299
112 295
242 285
108 220
119 278
280 290
149 281
290 300
45 275
142 286
100 224
82 220
169 279
8 295
168 269
269 275
146 270
33 194
118 282
33 187
85 286
247 277
185 273
204 273
29 286
227 269
262 269
24 300
178 283
152 299
85 300
108 237
260 279
210 271
218 283
113 295
188 218
15 206
265 292
135 278
18 254
243 268
3 232
150 294
259 283
252 272
35 115
72 278
160 218
160 233
183 277
134 288
76 243
31 295
125 219
68 260
225 299
46 278
158 274
83 291
246 277
117 252
60 298
144 282
75 157
153 258
55 158
151 293
210 274
114 275
233 237
161 290
7 288
21 295
218 279
133 297
241 279
114 287
15 297
182 299
125 300
193 277
220 285
120 180
13 288
168 299
220 292
104 295
271 289
253 282
156 292
151 273
262 270
150 281
260 287
176 289
76 275
266 273
138 295
233 249
97 289
128 278
153 257
49 267
118 278
39 288
59 298
5 206
235 292
287 298
40 295
266 283
196 274
264 282
10 270
270 275
146 269
167 283
12 298
217 270
256 299
203 288
201 255
248 274
98 295
84 291
233 272
173 281
267 271
98 289
235 272
222 292
138 180
186 289
239 273
134 295
32 185
239 241
195 282
281 289
203 268
205 273
249 270
190 279
177 278
115 152
158 290
41 278
213 215
195 281
45 278
88 224
226 274
228 279
3 289
120 284
220 284
66 288
43 300
216 276
205 222
69 180
296 298
244 282
59 286
147 272
18 260
172 293
291 293
158 270
268 291
55 115
243 299
232 285
139 286
190 268
218 294
76 293
208 241
181 270
192 273
125 187
145 299
254 272
156 287
69 295
147 283
173 271
30 280
291 299
112 224
179 281
204 296
168 283
55 278
221 285
86 201
68 280
168 282
54 275
38 280
133 286
187 282
107 278
148 283
256 281
71 224
158 206
210 283
45 300
90 289
257 273
222 270
178 294
143 185
202 273
124 284
150 273
123 224
243 290
163 283
51 280
254 273
210 273
13 267
98 180
239 287
26 289
282 300
140 300
86 180
3 285
99 219
106 224
141 154
176 293
153 216
257 268
191 258
215 271
229 244
153 197
150 268
35 296
150 293
186 249
95 206
212 296
97 206
53 288
170 285
165 271
129 234
35 268
92 275
119 294
220 277
160 282
49 289
116 286
139 280
194 293
168 285
57 300
14 275
75 229
3 260
157 271
266 285
83 278
58 278
5 300
99 180
144 281
107 242
199 299
222 273
47 295
68 180
54 280
249 285
43 295
82 300
200 279
231 293
199 241
237 282
118 281
7 289
178 276
227 296
249 271
55 195
76 295
77 295
221 277
68 225
226 287
59 213
165 285
28 295
243 274
6 298
241 255
138 224
251 296
200 268
214 274
75 279
206 285
225 241
63 269
258 292
270 278
66 278
224 280
164 272
283 295
242 270
203 238
156 285
37 275
204 276
210 287
250 287
198 296
178 272
254 290
101 180
268 295
257 274
293 295
228 282
226 297
248 287
36 258
33 202
95 180
147 222
3 152
50 272
208 290
201 297
154 280
62 300
56 288
86 234
61 298
154 252
131 298
199 224
195 272
208 292
230 273
112 180
225 277
269 286
10 295
5 275
43 242
50 278
21 275
190 269
208 270
221 296
259 281
9 280
285 286
99 237
211 269
129 278
264 272
272 280
202 285
196 270
167 293
159 281
185 279
226 291
179 277
250 279
82 264
180 292
219 244
257 299
125 288
268 275
275 293
285 298
168 276
189 293
225 292
236 279
49 185
128 289
129 206
165 193
108 203
25 206
66 224
261 272
160 268
280 292
33 132
207 277
172 274
73 276
36 278
223 281
161 283
55 237
193 215
293 298
260 299
256 276
224 269
284 289
170 233
182 287
207 269
66 297
57 295
107 221
148 270
125 224
193 274
90 298
118 220
89 278
234 270
211 222
236 282
195 292
49 275
82 234
152 271
181 273
258 273
84 297
294 297
219 294
99 193
222 271
50 293
172 233
175 281
50 268
244 273
189 292
2 300
153 170
178 290
33 197
151 287
158 269
154 282
231 276
279 291
179 270
241 299
147 270
99 162
213 269
42 300
101 278
177 277
35 72
264 270
232 290
154 296
191 274
210 276
82 180
264 292
51 115
35 202
259 268
248 277
212 271
41 295
245 270
146 271
189 294
164 293
97 295
51 284
188 294
172 279
99 265
192 267
229 285
181 274
51 278
20 280
77 275
165 188
36 201
34 229
32 260
255 296
202 277
9 278
75 295
176 296
276 291
149 287
163 276
199 267
56 278
281 297
186 201
239 290
162 290
110 297
224 277
66 293
44 289
251 282
49 295
266 277
153 290
47 294
174 271
76 153
151 277
170 279
243 292
133 288
235 270
199 271
185 274
242 292
142 288
120 154
194 269
33 275
246 274
18 220
130 295
153 268
33 233
238 283
240 271
43 154
42 298
276 284
246 282
104 221
188 281
180 201
192 276
55 200
140 288
280 296
205 271
209 294
277 297
99 152
155 203
22 275
211 273
36 286
171 272
237 274
11 300
153 281
24 229
106 286
95 242
23 278
97 185
279 284
18 237
96 278
259 290
81 280
198 299
203 274
191 287
240 296
247 271
279 300
257 294
223 273
113 278
18 295
172 185
159 282
198 268
149 277
92 295
267 300
230 282
5 288
33 158
140 224
51 192
157 292
228 283
271 286
180 294
155 287
259 292
259 270
58 138
27 295
3 267
223 287
137 288
50 111
241 270
46 295
216 282
126 295
202 238
84 288
107 288
78 154
284 296
27 284
154 292
130 298
33 176
44 300
25 286
50 275
283 300
236 271
215 285
208 271
139 224
215 292
269 297
39 278
261 292
258 263
257 281
112 243
186 294
105 273
225 287
25 270
33 278
286 296
79 280
147 293
204 299
240 276
55 293
180 281
260 270
246 299
210 293
253 274
76 278
32 225
227 276
54 295
163 279
68 278
108 275
73 224
103 281
153 288
248 281
201 268
246 268
60 270
242 273
5 295
258 294
55 251
111 221
213 284
127 242
174 270
225 281
146 273
218 238
32 297
265 271
196 277
67 180
168 294
55 243
9 270
202 297
206 267
16 289
219 287
193 292
177 293
148 281
268 284
20 218
55 234
159 271
35 180
69 300
74 268
148 271
236 294
12 197
218 249
15 275
222 255
65 138
234 277
109 288
170 274
219 274
209 273
252 290
160 273
233 276
195 285
33 230
194 279
135 297
288 292
48 297
173 283
147 271
242 300
118 293
250 274
24 298
105 287
188 279
196 293
167 279
73 285
215 268
125 298
108 280
280 287
73 299
246 290
33 211
188 272
261 283
264 285
166 293
46 297
17 295
125 192
138 287
111 289
208 281
277 298
212 282
158 271
226 269
229 241
131 280
150 201
175 299
114 298
224 292
218 285
281 300
231 271
144 274
154 273
43 206
202 292
197 296
217 294
52 288
3 265
267 276
153 279
241 268
50 287
249 281
241 293
238 241
33 208
55 281
144 285
223 272
252 276
9 275
182 273
232 277
153 267
208 283
215 277
113 286
196 272
75 300
212 290
265 273
179 299
32 262
147 285
193 278
263 292
212 254
108 229
189 287
166 292
164 287
32 180
153 160
61 180
239 285
266 299
117 300
184 285
38 268
164 281
191 272
188 271
42 278
201 276
99 224
72 297
214 270
222 279
51 176
32 267
249 283
3 185
269 291
21 286
249 294
86 300
161 294
187 268
270 288
233 296
99 169
21 289
227 290
83 295
217 292
287 291
149 276
133 180
175 279
109 269
262 273
131 289
252 271
78 295
184 297
55 154
39 275
218 268
192 285
272 278
154 249
197 206
43 224
57 278
32 154
148 287
9 295
104 298
275 281
229 293
5 276
101 294
112 208
156 282
46 176
213 298
31 289
135 288
139 220
125 262
51 180
118 286
103 300
114 157
80 297
108 213
169 276
112 300
237 272
86 288
7 275
19 224
167 276
193 230
206 277
237 279
149 272
274 288
2 297
207 274
273 289
167 290
139 289
288 299
99 154
138 234
207 282
162 282
239 282
197 292
56 295
35 269
148 285
176 287
193 271
108 176
104 108
267 285
271 280
185 290
160 279
46 289
50 295
241 272
118 252
277 289
186 274
187 193
210 296
86 294
68 115
79 224
129 184
148 269
174 292
149 283
213 299
225 271
186 296
252 285
256 269
165 287
153 219
145 272
233 271
248 292
28 278
228 273
166 294
145 294
25 184
267 296
249 292
155 276
226 268
225 238
216 290
1 295
196 285
78 180
184 275
127 224
206 268
147 287
82 258
133 295
150 277
55 93
95 282
193 208
75 275
79 288
244 276
99 157
205 290
257 277
202 268
168 272
202 293
13 278
82 187
82 190
221 292
6 300
165 273
217 293
152 282
127 298
266 274
255 299
125 243
206 294
64 288
167 274
213 239
289 296
164 270
251 281
124 298
148 279
133 260
18 266
171 271
248 283
187 241
99 240
75 269
250 293
121 297
38 284
165 270
237 267
192 296
275 290
258 282
111 286
144 153
263 294
210 282
80 224
156 281
107 148
245 279
232 273
201 300
12 229
233 285
180 297
245 272
145 241
166 283
72 298
190 282
169 271
235 282
153 184
35 129
235 296
273 295
150 296
177 271
150 269
100 288
43 286
167 272
184 296
33 209
187 277
257 269
245 293
211 296
38 278
28 288
59 154
60 294
201 281
117 224
131 224
202 281
77 288
35 275
247 270
213 267
213 286
188 293
176 290
270 280
137 278
294 298
167 287
167 241
160 276
144 296
25 289
225 276
243 271
127 272
138 293
3 263
185 241
98 300
276 278
38 275
23 295
15 298
86 260
44 297
99 236
78 300
110 288
182 268
11 213
20 290
281 288
206 283
154 290
185 292
87 297
261 294
126 278
205 272
219 293
11 280
280 285
202 272
163 291
200 296
204 294
161 285
248 270
245 277
62 224
202 294
144 271
43 275
159 292
219 299
129 295
144 279
73 281
73 272
250 270
264 296
95 284
201 296
124 260
254 292
69 190
158 299
33 155
4 275
32 192
105 296
208 268
83 294
169 274
203 300
67 295
55 236
34 275
10 286
117 288
106 275
228 271
90 288
97 260
207 273
288 294
263 293
221 254
211 271
129 237
5 180
27 278
224 274
36 300
82 175
208 273
251 271
183 299
178 277
88 291
32 190
268 288
33 288
200 290
156 273
149 299
258 268
67 275
238 258
26 295
178 279
229 273
291 292
57 224
81 278
241 267
36 298
251 276
108 224
186 207
68 289
162 294
239 294
207 294
93 138
239 283
201 286
74 294
140 180
88 297
243 276
95 292
30 278
250 277
242 276
179 279
191 285
33 256
186 293
241 287
125 297
17 294
86 295
159 285
31 288
229 272
279 289
138 292
47 279
204 279
36 242
156 272
121 295
262 287
114 229
104 184
181 293
294 295
13 254
223 277
140 278
262 292
128 284
23 300
111 280
203 289
165 283
206 274
265 276
105 290
96 180
197 268
154 219
67 300
68 275
196 271
245 276
99 208
55 156
5 280
63 295
191 293
159 277
203 267
219 270
158 268
255 271
82 281
55 148
234 271
55 159
82 186
57 275
176 273
124 206
112 220
216 277
204 271
38 283
76 224
229 287
55 265
164 277
154 276
75 154
154 160
197 204
25 234
137 286
260 281
219 290
260 296
261 271
146 282
164 269
222 277
171 287
230 244
49 180
198 273
133 275
255 293
108 221
117 232
32 169
134 224
95 157
158 292
32 208
183 296
98 298
221 269
214 271
77 224
19 287
128 180
246 270
187 232
124 288
271 298
21 288
33 165
29 281
215 279
155 296
117 176
55 264
156 269
166 272
237 271
206 231
223 299
127 300
240 272
251 283
41 180
127 229
186 269
53 224
225 273
261 290
260 294
106 295
24 297
33 215
144 269
20 288
126 298
165 296
53 297
183 271
133 176
17 278
123 298
107 169
114 294
235 254
274 298
18 229
257 279
7 300
103 180
174 274
55 184
288 296
200 299
55 286
18 243
107 262
62 288
168 270
187 290
191 270
21 300
152 290
234 282
132 289
200 293
133 284
272 295
151 272
167 172
24 260
30 111
13 213
202 287
120 275
237 291
171 292
197 290
105 268
138 299
37 278
236 293
232 274
18 111
35 283
155 277
244 290
154 278
211 299
102 295
189 272
296 300
200 281
233 274
236 299
140 275
255 290
74 298
181 290
124 278
24 295
127 206
196 287
193 231
238 274
170 193
253 296
91 295
149 271
160 294
238 273
118 213
202 252
245 290
96 229
96 280
32 166
132 275
167 273
24 115
11 278
68 286
128 199
183 269
207 290
273 278
204 278
250 285
174 272
88 278
260 276
200 283
107 146
189 299
37 300
15 260
19 295
200 294
72 280
223 274
7 295
245 287
120 192
50 72
125 286
173 285
55 188
146 279
133 298
152 289
36 288
216 274
228 274
203 296
99 234
197 274
112 278
268 300
166 276
265 274
109 298
173 269
173 296
178 269
153 292
104 224
33 146
90 275
115 281
199 296
42 154
43 298
159 274
23 297
258 277
56 280
241 276
251 299
110 278
45 286
114 299
37 288
82 212
173 279
214 299
55 297
74 269
156 271
159 270
285 288
225 298
108 265
150 276
107 199
36 230
195 270
184 294
168 271
82 265
105 283
73 283
187 287
249 272
166 271
156 279
76 180
15 288
185 224
83 300
228 281
66 158
33 185
200 241
197 272
139 300
129 203
154 268
195 294
209 276
206 272
153 277
18 185
171 283
74 295
218 270
128 242
67 297
142 300
183 279
20 283
166 296
8 278
122 294
3 275
82 157
260 269
119 288
179 273
265 299
257 285
232 276
173 277
115 300
157 187
65 294
163 271
218 281
199 268
73 280
33 172
276 289
192 299
76 232
106 180
217 281
70 275
54 288
82 298
174 290
15 300
192 274
179 294
262 299
2 286
190 292
107 202
167 281
159 293
131 275
86 192
22 278
139 288
114 224
170 273
216 220
128 295
205 268
167 277
238 292
93 107
50 297
237 292
146 277
4 295
169 277
156 293
241 269
266 296
205 281
235 290
276 298
123 278
217 271
4 289
155 185
136 297
194 277
186 287
241 252
17 288
143 295
144 268
165 293
218 273
153 296
74 297
87 278
155 273
228 270
177 281
36 206
97 281
99 259
181 287
255 287
257 283
186 273
98 286
31 278
162 268
239 268
106 270
180 296
162 293
239 293
256 292
253 285
150 282
175 271
248 290
5 224
144 273
248 279
249 267
72 106
36 180
116 224
54 224
205 294
59 294
70 280
190 284
249 282
48 278
118 295
144 283
228 241
184 290
205 277
243 270
147 294
120 272
251 268
257 272
236 296
16 288
121 294
3 180
127 157
152 285
76 270
227 299
223 292
231 292
138 229
30 298
56 286
118 260
25 275
85 288
137 224
13 237
231 287
147 299
73 180
155 176
202 298
115 124
117 186
175 272
59 288
58 295
267 277
8 270
111 300
222 296
238 294
170 271
200 292
263 270
140 295
16 224
96 220
30 289
238 296
193 273
191 281
30 288
18 224
238 282
233 299
167 269
1 286
256 287
138 272
243 273
214 285
229 292
268 278
141 278
239 276
162 276
235 273
59 105
3 213
171 290
96 286
267 282
11 163
192 292
34 289
280 281
43 284
26 280
37 224
55 157
255 283
98 278
177 285
79 278
86 298
33 286
278 281
75 186
36 254
191 294
233 277
129 230
124 295
225 296
40 281
114 297
279 297
291 296
259 272
226 281
164 279
217 296
212 276
99 288
205 276
95 272
65 288
272 297
61 275
109 224
216 279
133 154
49 281
227 272
83 297
228 285
240 299
44 275
166 299
230 293
259 276
257 271
33 216
33 184
200 273
262 294
159 279
3 237
28 286
255 272
187 279
145 277
107 158
252 299
99 201
278 294
265 279
47 288
43 297
246 294
71 294
33 182
232 255
74 120
105 115
52 224
105 280
65 300
247 282
266 276
127 180
157 268
265 296
241 290
240 277
203 273
12 185
145 273
51 300
187 293
73 267
159 296
146 276
200 277
55 193
169 270
279 280
277 291
214 281
286 299
111 152
177 272
30 294
249 293
249 268
188 296
266 293
194 296
82 169
55 201
220 279
216 296
284 290
149 285
143 270
41 288
82 213
261 281
248 269
187 271
206 242
260 290
150 204
173 276
159 273
208 282
282 288
185 291
262 293
22 281
36 275
150 279
27 288
10 288
138 281
29 180
219 296
232 284
260 268
211 285
255 274
256 271
120 278
246 271
123 171
86 229
159 287
169 299
295 300
254 294
95 268
140 298
12 297
215 281
274 300
131 286
149 293
31 270
147 290
249 290
229 299
169 293
226 282
236 277
114 184
208 296
276 288
271 297
190 299
33 289
235 299
99 104
134 278
143 293
66 295
185 277
202 249
266 270
90 280
207 292
96 154
177 299
57 206
1 180
114 193
161 273
295 298
18 268
128 206
225 283
222 299
243 279
179 276
86 226
152 267
4 288
222 293
29 288
32 171
184 277
108 184
30 286
14 297
47 278
184 193
44 224
137 180
146 294
108 186
254 293
19 293
167 296
217 258
182 193
58 288
59 295
99 254
51 59
112 289
206 292
118 157
99 215
147 276
169 283
219 271
118 242
203 269
292 300
169 282
207 270
4 300
154 294
228 290
29 300
69 286
82 278
250 294
260 272
120 300
57 260
37 59
16 295
115 140
209 285
212 281
104 186
267 274
252 279
100 278
79 115
36 115
225 293
109 289
182 272
210 285
231 273
275 285
257 292
143 288
250 299
259 271
18 265
167 219
257 270
178 274
259 282
234 287
82 282
171 273
39 224
195 273
180 291
250 268
148 277
203 290
52 300
218 237
230 296
217 274
202 282
3 280
55 143
236 287
227 270
168 277
234 273
158 282
158 283
123 295
32 295
18 269
264 273
204 255
267 272
85 278
255 277
209 282
104 289
95 224
86 157
267 279
188 273
108 288
122 275
153 271
229 281
27 286
55 253
80 180
197 276
272 298
65 275
93 169
258 270
149 294
234 296
104 114
95 213
227 273
188 277
32 275
244 299
226 292
145 290
6 295
249 274
81 286
55 275
253 299
219 273
42 288
40 297
135 224
147 273
255 281
246 269
72 291
190 272
138 268
206 273
182 285
203 276
183 281
245 282
129 260
170 229
33 200
184 273
79 180
86 212
170 300
172 290
127 260
175 296
157 275
268 280
45 180
195 296
280 293
153 186
127 186
229 294
234 279
61 224
31 275
294 300
187 299
193 296
288 293
164 276
163 294
7 278
147 279
174 296
144 290
27 298
120 211
200 269
93 286
225 285
221 276
218 296
235 268
99 275
153 238
66 294
149 296
24 286
226 283
270 286
273 288
255 294
169 296
194 285
75 288
208 293
56 298
155 279
205 283
150 272
157 294
286 292
10 275
164 294
161 270
125 280
11 288
45 280
107 171
52 270
8 288
232 275
145 282
114 237
55 171
9 288
141 224
69 157
238 270
195 279
24 186
241 261
263 290
190 293
280 283
263 279
235 276
241 260
215 283
189 279
3 234
96 201
4 291
99 284
31 224
153 270
112 190
218 277
207 211
37 286
66 111
237 276
252 273
209 290
182 292
78 186
219 276
264 279
207 271
5 278
189 269
184 274
222 276
167 285
226 285
172 292
146 290
152 296
130 297
175 292
136 295
107 286
173 293
173 268
278 285
108 152
265 267
71 288
33 259
33 218
219 269
222 287
140 280
164 285
172 268
211 282
229 289
167 203
255 268
82 146
191 299
33 154
3 220
69 260
246 292
154 274
197 282
183 276
55 252
159 276
173 273
228 294
199 282
131 288
191 268
136 275
50 285
12 295
166 274
253 271
33 198
197 270
107 244
179 274
124 180
256 279
254 297
25 224
250 269
186 290
256 272
193 299
231 268
177 258
247 276
269 300
223 276
127 288
6 224
69 213
233 273
86 184
224 271
83 286
32 229
79 300
48 295
130 280
128 286
73 278
278 284
198 271
78 269
144 299
188 276
167 294
4 286
82 199
153 249
82 237
224 290
160 270
86 270
181 268
112 297
94 294
242 277
250 276
243 277
231 282
78 288
62 180
192 271
235 269
34 300
188 270
85 298
127 202
92 278
244 268
251 294
1 294
153 244
22 154
93 275
65 286
72 138
275 299
217 287
201 275
36 224
241 296
271 288
75 180
174 273
147 244
168 293
86 176
256 293
230 270
177 294
52 278
95 184
261 279
192 294
231 296
102 297
256 282
176 279
10 280
51 294
34 288
227 293
265 288
148 292
117 229
263 267
213 275
170 299
267 287
216 254
189 282
286 287
194 294
114 286
236 273
154 299
60 186
113 224
153 274
210 294
239 269
162 269
180 274
108 234
225 269
224 300
201 267
241 258
175 273
33 300
245 292
33 229
255 285
181 285
205 292
281 298
167 170
3 224
99 213
105 282
167 268
271 284
198 274
82 221
172 299
33 163
192 281
242 294
234 272
11 224
110 224
234 274
295 296
8 275
118 154
229 296
122 286
164 299
197 271
277 280
263 269
148 282
144 277
277 300
99 147
207 285
225 289
176 274
33 212
232 272
210 281
175 270
217 285
240 279
117 275
246 254
285 291
186 254
221 299
49 297
24 280
193 198
142 275
53 278
259 269
194 292
169 294
146 285
67 281
166 285
273 300
87 224
276 295
187 292
190 296
1 278
221 268
134 275
65 278
204 268
45 224
49 269
235 294
165 274
49 300
185 206
3 297
177 270
157 291
22 180
150 299
262 282
179 287
23 224
107 229
226 244
196 290
34 154
60 180
82 295
136 270
151 279
70 270
86 265
93 298
266 287
35 132
144 292
114 213
124 286
32 226
125 214
99 220
149 273
224 228
198 272
230 299
36 243
15 280
74 185
237 255
127 290
202 279
236 276
144 270
45 288
181 277
230 254
142 295
41 285
82 171
287 288
92 297
176 276
162 281
125 261
239 281
218 287
87 286
204 258
68 224
196 281
124 224
173 290
237 299
164 271
202 296
57 180
35 276
74 186
289 299
180 283
93 288
81 300
147 282
129 201
210 270
146 268
86 220
199 273
11 298
262 281
107 226
150 270
29 295
268 289
123 213
6 275
289 293
3 243
237 284
211 270
82 275
116 288
1 288
189 276
143 287
187 244
55 289
246 281
250 296
95 234
236 285
16 278
249 299
247 296
173 287
185 299
171 282
107 225
170 296
212 273
192 293
39 180
126 270
244 274
179 241
189 268
3 175
288 290
210 292
136 278
251 274
145 283
17 300
169 273
141 297
176 283
179 292
159 299
238 290
49 242
226 296
176 282
129 265
227 279
228 299
207 279
107 180
67 286
206 296
15 286
198 285
138 271
18 288
15 289
262 274
283 298
216 299
205 293
68 288
177 244
211 293
29 275
198 224
165 299
75 297
256 274
114 169
95 273
108 192
60 224
206 276
245 271
145 276
134 300
158 272
164 193
86 187
203 239
144 293
105 270
10 289
188 267
138 294
271 291
138 296
167 249
82 214
99 179
72 76
48 275
91 180
238 255
193 203
24 180
197 279
71 278
206 279
56 300
228 277
290 297
183 272
42 289
275 276
103 297
53 291
242 274
217 277
134 286
29 260
184 300
4 224
136 288
57 297
120 186
236 272
94 295
77 180
24 154
73 282
128 224
201 293
35 278
226 271
112 275
42 286
73 293
170 283
206 271
145 296
209 292
93 297
43 180
175 277
99 184
251 285
200 274
169 290
19 59
127 283
206 290
2 278
99 295
118 206
298 299
258 296
4 242
21 280
124 280
250 283
36 229
221 279
198 292
201 271
156 276
190 285
146 281
171 268
104 294
250 273
150 153
290 298
43 157
233 294
86 278
200 287
33 253
55 215
167 282
33 236
94 297
90 300
17 291
232 279
107 291
245 283
212 299
274 275
221 283
168 281
213 297
225 272
270 298
156 277
246 296
76 212
223 270
166 290
35 285
235 274
21 270
177 268
155 270
191 279
147 241
211 274
181 281
186 271
171 281
39 300
82 154
181 296
178 268
146 274
55 83
98 171
125 169
204 270
112 157
103 286
225 274
269 298
186 280
258 279
11 104
118 180
216 271
246 273
13 286
119 295
247 279
161 296
197 294
55 214
114 254
151 283
234 292
278 279
243 284
121 278
120 286
191 296
51 288
274 289
152 274
182 271
244 294
98 275
275 277
82 148
33 148
204 285
210 268
192 283
252 294
209 296
181 294
187 291
158 296
176 244
194 282
133 290
247 268
179 285
69 278
163 282
278 293
3 281
162 299
230 271
200 270
177 282
215 244
64 286
178 285
43 278
51 289
190 277
221 287
198 277
61 286
233 290
207 283
29 224
231 270
143 268
227 271
163 277
141 280
24 224
229 276
230 279
245 274
151 270
117 280
221 274
240 274
12 288
265 291
163 281
209 277
255 282
155 285
93 295
21 180
76 265
54 300
259 299
129 208
127 275
178 292
49 206
149 274
137 275
118 218
3 158
114 277
177 276
167 271
247 294
242 296
188 211
238 242
278 283
202 299
155 271
170 227
65 291
222 268
188 226
210 299
94 180
161 287
27 224
51 275
121 279
173 270
155 211
205 287
183 292
96 184
80 278
230 290
278 282
104 138
253 273
262 271
143 281
33 144
218 293
228 292
233 293
208 285
211 287
18 234
99 172
217 276
18 146
13 155
235 237
222 258
206 299
222 294
76 242
183 283
17 224
151 274
258 276
43 186
111 298
163 299
204 292
139 234
218 299
125 260
220 274
31 154
246 279
153 299
160 296
55 198
26 286
287 289
73 143
259 285
126 224
108 154
260 283
165 292
185 270
29 278
152 292
219 272
34 186
238 279
18 206
224 238
191 273
209 283
153 213
157 290
238 272
37 295
208 276
68 154
106 242
86 242
260 277
196 282
173 299
20 176
99 183
47 297
197 201
87 298
153 194
251 297
69 288
31 185
172 270
11 295
252 267
108 187
107 295
12 207
147 193
227 281
78 275
39 286
214 273
174 276
33 179
180 276
97 297
289 290
4 284
220 299
168 292
118 243
86 190
170 294
248 276
110 289
229 268
111 288
70 224
178 296
148 290
238 271
107 275
90 286
93 99
59 107
276 280
283 286
153 179
265 290
44 286
111 291
248 272
227 287
130 286
35 297
274 278
144 272
159 290
223 279
224 247
40 275
168 273
228 296
6 280
180 272
72 82
196 279
31 297
204 277
274 280
213 273
10 298
150 290
155 187
203 254
175 285
257 287
211 272
188 268
36 265
257 290
33 167
125 180
199 276
73 269
163 268
117 180
118 224
187 188
90 278
164 290
183 282
178 299
161 272
88 298
87 281
127 278
209 293
284 287
258 283
44 278
200 271
214 287
223 296
105 295
253 269
15 180
154 214
154 298
232 291
221 290
115 295
22 295
105 271
1 275
13 180
125 148
14 59
107 154
120 280
30 272
163 292
126 286
63 288
7 298
220 282
166 273
232 270
264 290
86 152
90 297
171 270
244 284
151 281
245 296
186 299
132 278
155 224
11 297
96 298
113 288
138 267
270 300
93 280
62 295
86 230
114 295
212 279
230 285
175 268
6 289
149 279
18 208
276 300
96 275
82 229
170 290
63 224
56 289
104 291
248 268
214 272
65 298
236 292
139 265
63 297
165 281
103 288
222 274
33 267
125 208
151 294
44 288
75 224
162 296
239 296
89 295
179 193
130 275
251 298
36 270
9 300
177 274
154 291
96 295
174 281
21 237
151 268
33 151
63 293
26 288
139 278
3 200
274 284
185 269
197 299
36 154
270 291
19 143
75 298
91 294
33 295
194 274
86 224
184 271
139 297
188 290
186 279
27 300
52 180
37 280
56 275
96 260
254 274
186 272
256 290
117 278
165 294
141 295
169 281
267 286
96 284
192 287
50 132
106 280
96 213
69 293
126 294
48 289
215 294
261 276
255 263
172 277
86 252
250 271
207 281
154 271
219 277
114 132
258 299
28 224
120 288
103 224
76 115
218 276
163 285
177 279
34 180
226 232
80 300
231 290
58 297
74 283
186 268
3 190
120 158
227 292
169 287
105 224
231 299
55 220
167 265
161 299
125 199
115 298
267 278
33 210
14 278
157 278
273 291
97 288
18 294
166 270
129 213
145 292
116 278
72 86
275 282
181 282
258 290
103 269
42 280
218 265
35 224
1 224
96 288
79 297
240 273
37 297
173 294
106 115
18 286
211 281
108 270
11 289
263 268
193 276
180 287
131 270
218 271
21 234
154 272
112 252
129 224
82 272
69 297
253 281
183 290
125 232
193 241
287 297
99 221
275 292
259 287
41 201
244 293
70 289
173 244
290 295
188 299
282 295
233 292
228 293
230 283
143 283
171 285
149 269
22 300
76 268
117 206
22 269
105 269
125 222
20 183
269 289
56 224
63 289
32 202
68 284
156 219
229 269
267 294
73 287
280 299
2 295
99 278
45 284
3 288
160 277
194 283
33 183
21 298
131 295
172 282
57 242
69 206
157 279
261 282
196 283
93 95
182 277
256 294
199 207
82 243
274 297
82 242
151 193
44 260
237 277
19 297
3 186
79 284
233 283
33 162
5 286
158 273
195 299
174 279
103 298
111 278
149 290
183 293
144 224
130 300
183 268
35 293
153 273
98 224
265 284
86 154
176 268
257 293
235 277
32 186
133 278
236 268
231 279
61 300
155 281
219 292
201 274
80 295
146 272
256 268
252 292
55 179
60 286
264 299
255 276
243 282
242 271
178 287
99 217
33 221
172 276
253 290
204 274
263 276
111 275
39 298
108 300
9 224
51 270
205 274
36 203
269 280
31 281
244 283
55 180
95 298
95 296
173 272
35 206
147 274
159 288
228 272
197 283
186 276
15 278
246 276
207 296
253 279
271 278
155 283
155 294
291 295
237 270
133 300
60 278
229 279
69 234
265 278
230 274
32 255
199 272
93 278
185 296
72 120
158 238
120 187
299 300
183 294
208 269
184 284
96 270
3 219
218 272
89 180
145 293
194 268
86 275
150 274
215 274
293 300
247 292
139 270
167 270
63 185
157 288
114 280
111 158
247 287
33 298
226 277
169 292
83 114
160 299
44 298
182 269
188 292
167 292
233 281
108 206
3 188
254 285
117 241
108 199
171 274
231 283
37 55
121 224
279 298
157 274
31 280
32 258
40 268
220 290
178 273
33 164
67 186
146 293
176 299
211 292
99 188
260 292
183 193
40 299
137 300
273 280
86 148
183 285
117 298
95 176
107 300
226 273
208 287
190 290
129 300
51 224
151 285
27 275
190 273
90 294
272 300
114 284
8 300
13 295
117 260
120 143
164 268
244 271
215 299
114 115
100 295
163 290
3 278
268 298
131 297
252 274
99 297
217 289
155 292
199 293
249 276
54 154
22 224
148 276
241 292
279 286
49 298
28 289
157 296
166 279
247 273
25 298
20 184
32 288
30 269
169 241
161 293
161 276
23 286
145 271
267 270
82 216
33 166
72 117
194 270
216 270
205 282
80 275
273 297
244 272
108 278
182 270
244 279
77 300
139 295
219 281
55 72
154 293
235 283
128 275
214 292
58 289
164 296
99 252
268 297
109 300
29 206
293 297
29 298
230 276
259 293
205 207
118 176
263 272
98 288
47 290
233 282
213 218
266 290
165 279
231 274
110 300
264 283
261 285
180 277
55 269
203 271
38 295
179 290
257 296
184 276
199 291
244 260
127 284
79 275
138 279
122 288
282 298
6 278
156 296
148 268
229 290
38 115
55 218
172 273
160 292
33 257
195 283
104 288
250 272
174 285
167 299
248 296
58 294
20 286
153 293
239 270
162 270
266 271
195 293
148 273
165 277
92 224
161 271
185 276
154 297
81 275
18 297
227 274
33 227
174 293
64 278
176 285
132 295
67 278
99 200
180 293
277 288
32 184
106 206
180 268
125 289
35 287
131 278
77 289
222 290
224 284
271 300
240 293
111 295
72 114
34 298
111 199
236 283
126 289
33 168
134 289
33 266
62 279
291 294
252 282
42 180
27 289
200 285
182 294
206 213
242 254
108 158
158 287
72 289
189 270
117 237
34 224
110 281
266 279
156 268
187 281
196 292
168 287
209 287
260 282
125 229
284 293
217 273
129 275
115 278
133 224
166 269
55 183
214 268
55 190
171 296
191 255
233 241
112 286
184 289
165 268
229 283
162 277
239 277
21 278
199 279
92 288
115 128
118 184
286 293
206 207
34 295
3 283
162 272
239 272
200 276
251 292
201 290
179 282
224 278
173 238
119 297
146 296
74 289
84 298
238 293
176 294
111 297
240 290
90 295
237 273
35 111
217 290
266 282
115 291
234 284
99 132
263 271
67 288
59 185
172 271
157 300
91 298
280 294
41 294
162 292
239 292
176 272
138 276
40 279
108 294
206 282
50 283
178 293
31 286
27 280
258 281
218 282
259 277
108 286
171 279
18 180
82 252
227 283
164 283
176 281
238 267
226 279
148 294
49 288
39 280
156 299
222 282
145 274
36 93
117 218
32 286
70 278
156 241
48 300
173 282
278 290
68 171
127 213
221 281
215 293
276 297
139 294
88 243
278 299
158 170
234 267
192 277
272 291
75 206
32 214
68 300
281 286
115 171
272 286
196 296
45 289
36 260
57 286
95 220
145 287
44 280
44 115
36 289
287 300
193 287
176 271
185 300
49 224
114 180
180 279
9 298
208 272
109 295
198 282
99 266
225 279
81 295
27 297
33 147
296 297
253 283
281 284
106 298
151 292
274 286
33 258
131 300
252 296
33 175
193 249
60 269
175 274
54 270
208 294
187 296
64 300
158 276
36 266
33 247
61 289
218 292
202 276
24 288
212 269
260 285
146 292
189 274
117 235
33 186
148 296
102 288
249 296
230 277
40 180
97 180
190 270
184 288
210 277
217 299
247 272
168 296
231 277
76 298
235 279
262 268
284 294
107 260
173 292
219 283
153 269
3 295
72 288
148 272
237 296
7 286
188 278
201 292
216 273
125 295
82 260
199 287
78 297
38 293
172 263
49 280
14 224
115 120
214 267
13 300
89 300
182 279
273 275
157 277
32 148
58 224
164 274
262 279
105 272
209 271
23 275
282 297
65 289
181 292
261 274
117 286
133 272
108 283
94 224
169 268
249 277
275 279
114 285
132 270
165 290
47 224
202 274
63 283
272 275
68 298
174 299
170 292
154 269
180 299
144 287
33 238
251 273
275 294
11 186
259 274
24 278
171 269
215 270
86 237
154 287
86 199
220 273
36 176
217 283
166 282
160 290
105 276
248 299
186 291
91 224
102 278
172 287
36 213
245 299
33 195
8 180
55 174
217 268
55 298
74 286
217 282
41 254
86 203
254 268
19 268
191 277
33 189
241 283
104 154
24 275
43 288
76 262
89 294
215 290
69 224
213 233
86 283
86 164
95 280
223 267
70 288
158 279
28 298
216 269
104 270
154 281
3 171
33 245
250 281
189 296
205 285
69 169
255 292
172 281
105 285
59 289
106 300
175 282
59 73
94 288
107 232
152 294
222 241
190 274
83 288
282 286
151 299
11 171
253 294
82 293
153 276
231 300
88 295
69 229
242 287
101 295
160 267
102 294
47 299
170 270
253 277
33 297
36 234
88 289
195 287
92 270
82 206
187 297
33 219
256 273
123 288
33 242
222 272
198 270
208 299
19 278
228 269
246 285
206 270
155 272
220 296
9 289
234 290
186 277
194 287
86 208
79 286
1 298
97 293
189 290
262 285
184 222
120 175
70 298
91 270
156 274
68 295
195 290
65 295
79 298
25 272
152 276
115 213
242 290
220 276
28 294
232 292
223 268
221 270
4 278
20 289
107 289
150 285
235 285
226 293
130 278
251 272
245 268
181 299
60 295
206 293
235 293
10 300
138 184
193 279
247 274
33 196
31 298
82 224
14 270
205 296
266 281
40 287
133 280
215 287
211 276
177 273
3 206
25 180
267 273
81 270
213 274
192 279
58 286
226 276
246 287
208 279
32 221
292 298
238 285
193 290
48 298
33 169
84 278
11 154
121 298
185 249
128 260
180 271
